	-1.493864	-0.012439
	-1.487240	-0.012183
	-1.479501	-0.012140
	-1.471818	-0.012181
	-1.464135	-0.012071
	-1.456389	-0.012042
	-1.448763	-0.012079
	-1.441024	-0.012070
	-1.433360	-0.011740
	-1.425723	-0.012011
	-1.418105	-0.011729
	-1.410224	-0.011766
	-1.402631	-0.011691
	-1.394903	-0.011664
	-1.387188	-0.011619
	-1.379535	-0.011586
	-1.371906	-0.011458
	-1.364253	-0.011430
	-1.356363	-0.011412
	-1.348775	-0.011384
	-1.341035	-0.011374
	-1.333443	-0.011317
	-1.325745	-0.011281
	-1.318097	-0.011259
	-1.310484	-0.011213
	-1.302818	-0.011186
	-1.295131	-0.011150
	-1.287400	-0.011111
	-1.279737	-0.011065
	-1.272094	-0.011018
	-1.264484	-0.010973
	-1.256726	-0.010928
	-1.249081	-0.010889
	-1.241376	-0.010851
	-1.233681	-0.010816
	-1.226205	-0.010783
	-1.218570	-0.010747
	-1.210844	-0.010708
	-1.203077	-0.010676
	-1.195415	-0.010637
	-1.187731	-0.010601
	-1.180066	-0.010569
	-1.172357	-0.010535
	-1.164645	-0.010503
	-1.157055	-0.010469
	-1.149403	-0.010429
	-1.141589	-0.010397
	-1.133906	-0.010365
	-1.126165	-0.010331
	-1.118530	-0.010297
	-1.110832	-0.010263
	-1.103226	-0.010231
	-1.095543	-0.010200
	-1.087740	-0.010169
	-1.079780	-0.010140
	-1.071788	-0.010111
	-1.063841	-0.010082
	-1.055860	-0.010055
	-1.047948	-0.010030
	-1.039991	-0.010001
	-1.032128	-0.009971
	-1.023959	-0.009942
	-1.016085	-0.009907
	-1.008111	-0.009869
	-0.997686	-0.009833
	-0.984585	-0.009797
	-0.977303	-0.009751
	-0.969323	-0.009762
	-0.961403	-0.009692
	-0.953521	-0.009689
	-0.945584	-0.009625
	-0.937460	-0.009596
	-0.929495	-0.009563
	-0.921488	-0.009526
	-0.913527	-0.009498
	-0.905460	-0.009469
	-0.897580	-0.009432
	-0.889611	-0.009411
	-0.881684	-0.009364
	-0.873549	-0.009341
	-0.865592	-0.009309
	-0.857621	-0.009271
	-0.849610	-0.009242
	-0.841653	-0.009211
	-0.833732	-0.009183
	-0.825655	-0.009137
	-0.817648	-0.009119
	-0.809633	-0.009084
	-0.801712	-0.009058
	-0.793728	-0.009030
	-0.785773	-0.009001
	-0.777833	-0.008975
	-0.769875	-0.008950
	-0.761997	-0.008923
	-0.753855	-0.008895
	-0.745920	-0.008867
	-0.738014	-0.008834
	-0.730067	-0.008799
	-0.722099	-0.008771
	-0.714132	-0.008742
	-0.706095	-0.008719
	-0.698176	-0.008689
	-0.690339	-0.008663
	-0.682384	-0.008634
	-0.674346	-0.008605
	-0.666313	-0.008576
	-0.658360	-0.008546
	-0.650339	-0.008518
	-0.642433	-0.008487
	-0.634331	-0.008458
	-0.626450	-0.008429
	-0.618446	-0.008399
	-0.610494	-0.008368
	-0.602419	-0.008339
	-0.594412	-0.008309
	-0.586437	-0.008278
	-0.578415	-0.008248
	-0.570493	-0.008218
	-0.562544	-0.008185
	-0.554398	-0.008152
	-0.546473	-0.008119
	-0.538482	-0.008087
	-0.530596	-0.008054
	-0.522560	-0.008017
	-0.514645	-0.007977
	-0.506670	-0.007990
	-0.498753	-0.007916
	-0.490775	-0.007863
	-0.482718	-0.007826
	-0.474812	-0.007800
	-0.466904	-0.007770
	-0.458929	-0.007725
	-0.450919	-0.007692
	-0.442956	-0.007661
	-0.434931	-0.007624
	-0.427015	-0.007587
	-0.419168	-0.007551
	-0.411308	-0.007509
	-0.403094	-0.007469
	-0.395223	-0.007430
	-0.387177	-0.007392
	-0.379239	-0.007354
	-0.371213	-0.007309
	-0.363234	-0.007271
	-0.355339	-0.007228
	-0.347306	-0.007186
	-0.339332	-0.007141
	-0.331229	-0.007097
	-0.323304	-0.007054
	-0.315282	-0.007008
	-0.307327	-0.006961
	-0.299345	-0.006911
	-0.291343	-0.006862
	-0.283241	-0.006813
	-0.275300	-0.006767
	-0.267336	-0.006718
	-0.259363	-0.006666
	-0.251398	-0.006613
	-0.243397	-0.006556
	-0.235568	-0.006500
	-0.227566	-0.006442
	-0.219530	-0.006378
	-0.211575	-0.006313
	-0.203674	-0.006245
	-0.195730	-0.006175
	-0.187704	-0.006102
	-0.179775	-0.006026
	-0.171734	-0.005946
	-0.163759	-0.005859
	-0.155819	-0.005770
	-0.148076	-0.005677
	-0.140129	-0.005574
	-0.131911	-0.005463
	-0.124043	-0.005345
	-0.115982	-0.005217
	-0.108098	-0.005077
	-0.100057	-0.004923
	-0.091767	-0.004756
	-0.084178	-0.004567
	-0.075851	-0.004356
	-0.067691	-0.004117
	-0.059774	-0.003845
	-0.051736	-0.003534
	-0.043780	-0.003181
	-0.035837	-0.002771
	-0.027849	-0.002296
	-0.019818	-0.001743
	-0.011751	-0.001101
	-0.003527	-0.000365
	0.004508	0.000495
	0.012205	0.001494
	0.020132	0.002643
	0.028127	0.003961
	0.036003	0.005454
	0.043985	0.007156
	0.052063	0.009108
	0.060037	0.011156
	0.067711	0.013413
	0.075423	0.015923
	0.083175	0.018647
	0.090912	0.021600
	0.098717	0.024802
	0.106370	0.028138
	0.114054	0.031694
	0.121323	0.035422
	0.128946	0.039367
	0.136759	0.043509
	0.144405	0.047745
	0.152021	0.052161
	0.159737	0.056734
	0.167528	0.061493
	0.175080	0.066274
	0.182787	0.071244
	0.190380	0.076239
	0.198168	0.081523
	0.205907	0.086527
	0.213252	0.091886
	0.220931	0.097119
	0.228214	0.102330
	0.235545	0.107670
	0.242834	0.113066
	0.250351	0.118696
	0.257699	0.124231
	0.264972	0.129793
	0.272329	0.135471
	0.279655	0.141142
	0.287013	0.146927
	0.294334	0.152715
	0.301590	0.158458
	0.308904	0.164321
	0.316299	0.170300
	0.323622	0.176233
	0.330884	0.182175
	0.338185	0.188201
	0.345527	0.194263
	0.352899	0.200387
	0.360219	0.206507
	0.367588	0.212676
	0.374933	0.218879
	0.382156	0.225008
	0.389403	0.231143
	0.396713	0.237396
	0.404247	0.243857
	0.411575	0.250149
	0.419000	0.256555
	0.426236	0.262838
	0.433666	0.269285
	0.440892	0.275598
	0.448239	0.282033
	0.455488	0.288371
	0.462813	0.294819
	0.470299	0.301418
	0.477605	0.307847
	0.485041	0.314446
	0.492312	0.320901
	0.499659	0.327445
	0.506963	0.333961
	0.514280	0.340511
	0.521835	0.347263
	0.529136	0.353832
	0.536503	0.360468
	0.543735	0.366985
	0.551089	0.373608
	0.558403	0.380211
	0.565675	0.386783
	0.572955	0.393363
	0.580191	0.399932
	0.587663	0.406739
	0.595010	0.413420
	0.602272	0.420029
	0.609597	0.426723
	0.616918	0.433417
	0.624300	0.440161
	0.631559	0.446810
	0.638982	0.453608
	0.646318	0.460349
	0.653567	0.467011
	0.660881	0.473743
	0.668311	0.480595
	0.675653	0.487391
	0.683002	0.494175
	0.690298	0.500938
	0.697622	0.507715
	0.704951	0.514506
	0.712295	0.521329
	0.719610	0.528119
	0.726906	0.534879
	0.734340	0.541796
	0.741694	0.548646
	0.749008	0.555456
	0.756396	0.562353
	0.763695	0.569175
	0.771073	0.576046
	0.778395	0.582914
	0.785932	0.589950
	0.793172	0.596733
	0.800533	0.603635
	0.807857	0.610497
	0.815109	0.617300
	0.822450	0.624198
	0.829711	0.631014
	0.837004	0.637829
	0.844332	0.644715
	0.851708	0.651640
	0.859124	0.658597
	0.866374	0.665448
	0.873699	0.672357
	0.880964	0.679197
	0.888399	0.686233
	0.895702	0.693156
	0.903139	0.700158
	0.910466	0.707113
	0.917714	0.713973
	0.925041	0.720897
	0.932290	0.727765
	0.939800	0.734892
	0.947164	0.741843
	0.954461	0.748774
	0.961797	0.755744
	0.969187	0.762741
	0.976546	0.769731
	0.983839	0.776669
	0.991146	0.783599
	0.998453	0.790566
	1.005918	0.797684
	1.013234	0.804634
	1.019934	0.811714
	1.027131	0.818640
	1.034411	0.825595
	1.041617	0.832452
	1.048888	0.839393
	1.056309	0.846436
	1.063571	0.853396
	1.070907	0.860370
	1.078116	0.867282
	1.085396	0.874239
	1.092648	0.881141
	1.099905	0.888085
	1.107134	0.894980
	1.114394	0.901917
	1.121817	0.909018
	1.129087	0.915942
	1.136311	0.922896
	1.143582	0.929894
	1.150784	0.936801
	1.158142	0.943883
	1.165355	0.950777
	1.172875	0.958010
	1.180057	0.964887
	1.187191	0.971729
	1.194419	0.978639
	1.201664	0.985673
	1.209140	0.998251
	1.222183	1.004638
	1.228740	1.010897
	1.235331	1.017221
	1.241987	1.023613
	1.248562	1.029969
	1.255140	1.036277
	1.261756	1.042647
	1.268284	1.048946
	1.275110	1.055505
	1.281650	1.061818
	1.288243	1.068154
	1.294869	1.074555
	1.301435	1.080856
	1.308063	1.087257
	1.314614	1.093588
	1.321331	1.100059
	1.327949	1.106444
	1.334536	1.112792
	1.341128	1.119162
	1.347749	1.125559
	1.354302	1.131910
	1.360925	1.138303
	1.367498	1.144652
	1.373974	1.150905
	1.380581	1.157328
	1.387229	1.163729
	1.393906	1.170197
	1.400477	1.176565
