	-1.493978	-1.493751
	-1.487337	-1.487177
	-1.480668	-1.480500
	-1.473995	-1.473816
	-1.467310	-1.467131
	-1.460690	-1.460512
	-1.454136	-1.453965
	-1.447550	-1.447361
	-1.440872	-1.440694
	-1.434282	-1.434085
	-1.427690	-1.427518
	-1.421101	-1.420926
	-1.414533	-1.414363
	-1.407817	-1.407630
	-1.401219	-1.401041
	-1.394530	-1.394357
	-1.387966	-1.387793
	-1.381305	-1.381140
	-1.374744	-1.374569
	-1.368235	-1.368078
	-1.361515	-1.361355
	-1.354781	-1.354631
	-1.348249	-1.348083
	-1.341646	-1.341487
	-1.335079	-1.334913
	-1.328475	-1.328334
	-1.321856	-1.321706
	-1.315330	-1.315175
	-1.308743	-1.308594
	-1.302163	-1.301997
	-1.295509	-1.295380
	-1.288827	-1.288675
	-1.282326	-1.282174
	-1.275758	-1.275594
	-1.269148	-1.269008
	-1.262531	-1.262404
	-1.255919	-1.255775
	-1.249248	-1.249105
	-1.242688	-1.242538
	-1.236088	-1.235957
	-1.229480	-1.229339
	-1.223023	-1.222873
	-1.216426	-1.216274
	-1.209686	-1.209548
	-1.203092	-1.202935
	-1.196513	-1.196391
	-1.189897	-1.189745
	-1.183310	-1.183180
	-1.176663	-1.176523
	-1.170060	-1.169908
	-1.163401	-1.163279
	-1.156918	-1.156783
	-1.150322	-1.150209
	-1.143620	-1.143495
	-1.136976	-1.136857
	-1.130360	-1.130246
	-1.123682	-1.123559
	-1.117124	-1.116991
	-1.110547	-1.110423
	-1.103984	-1.103846
	-1.097403	-1.097304
	-1.090582	-1.090462
	-1.084049	-1.083918
	-1.077386	-1.077270
	-1.070793	-1.070674
	-1.064304	-1.064200
	-1.057660	-1.057533
	-1.051122	-1.051006
	-1.044499	-1.044390
	-1.037969	-1.037869
	-1.031348	-1.031249
	-1.024660	-1.024559
	-1.018080	-1.017966
	-1.011525	-1.011421
	-1.004921	-1.004842
	-0.997636	-0.997510
	-0.984508	-0.990099
	-0.977221	-0.977170
	-0.969810	-0.969705
	-0.962560	-0.962446
	-0.955305	-0.955210
	-0.948022	-0.947891
	-0.940519	-0.940394
	-0.933202	-0.933076
	-0.925871	-0.925758
	-0.918526	-0.918406
	-0.911193	-0.911077
	-0.903825	-0.903710
	-0.896529	-0.896410
	-0.889239	-0.889130
	-0.881925	-0.881815
	-0.874451	-0.874352
	-0.867101	-0.867013
	-0.859751	-0.859681
	-0.852420	-0.852345
	-0.845098	-0.845025
	-0.837823	-0.837742
	-0.830491	-0.830398
	-0.822984	-0.822884
	-0.815661	-0.815564
	-0.808315	-0.808224
	-0.801019	-0.800926
	-0.793681	-0.793600
	-0.786393	-0.786307
	-0.779084	-0.778996
	-0.771794	-0.771709
	-0.764528	-0.764443
	-0.757079	-0.757000
	-0.749738	-0.749678
	-0.742412	-0.742348
	-0.735101	-0.735045
	-0.727832	-0.727793
	-0.720411	-0.720367
	-0.713154	-0.713097
	-0.705717	-0.705675
	-0.698440	-0.698368
	-0.691176	-0.691103
	-0.683886	-0.683838
	-0.676631	-0.676572
	-0.669132	-0.669066
	-0.661847	-0.661801
	-0.654440	-0.654388
	-0.647135	-0.647086
	-0.639765	-0.639724
	-0.632405	-0.632354
	-0.625077	-0.625050
	-0.617723	-0.617714
	-0.610408	-0.610402
	-0.602984	-0.602963
	-0.595654	-0.595642
	-0.588294	-0.588286
	-0.580979	-0.580954
	-0.573673	-0.573641
	-0.566323	-0.566299
	-0.558995	-0.558964
	-0.551497	-0.551479
	-0.544161	-0.544145
	-0.536853	-0.536832
	-0.529532	-0.529528
	-0.522160	-0.522162
	-0.514896	-0.514888
	-0.507554	-0.507570
	-0.500250	-0.500253
	-0.492946	-0.492954
	-0.485445	-0.485457
	-0.478193	-0.478207
	-0.470896	-0.470917
	-0.463643	-0.463670
	-0.456260	-0.456272
	-0.448946	-0.448952
	-0.441621	-0.441632
	-0.434191	-0.434197
	-0.426944	-0.426940
	-0.419757	-0.419766
	-0.412491	-0.412510
	-0.404997	-0.405015
	-0.397715	-0.397740
	-0.390347	-0.390373
	-0.382965	-0.382985
	-0.375649	-0.375675
	-0.368215	-0.368255
	-0.360899	-0.360938
	-0.353625	-0.353655
	-0.346302	-0.346342
	-0.338934	-0.338970
	-0.331530	-0.331570
	-0.324269	-0.324290
	-0.316837	-0.316872
	-0.309545	-0.309571
	-0.302249	-0.302290
	-0.294925	-0.294957
	-0.287453	-0.287505
	-0.280095	-0.280152
	-0.272800	-0.272857
	-0.265449	-0.265508
	-0.258113	-0.258187
	-0.250759	-0.250820
	-0.243426	-0.243485
	-0.236187	-0.236272
	-0.228865	-0.228936
	-0.221462	-0.221527
	-0.214103	-0.214191
	-0.206806	-0.206876
	-0.199561	-0.199617
	-0.192246	-0.192324
	-0.184826	-0.184893
	-0.177565	-0.177630
	-0.170138	-0.170235
	-0.162844	-0.162932
	-0.155576	-0.155648
	-0.148454	-0.148552
	-0.141105	-0.141206
	-0.133603	-0.133689
	-0.126261	-0.126371
	-0.118865	-0.118976
	-0.111613	-0.111711
	-0.104211	-0.104326
	-0.096466	-0.096548
	-0.089228	-0.088905
	-0.081148	-0.081200
	-0.073527	-0.073619
	-0.065586	-0.065701
	-0.057933	-0.058032
	-0.050113	-0.050213
	-0.042421	-0.042548
	-0.034691	-0.034798
	-0.026945	-0.027076
	-0.019052	-0.019182
	-0.011368	-0.011478
	-0.003364	-0.003484
	0.004677	0.004535
	0.012365	0.012231
	0.020070	0.019939
	0.027822	0.027680
	0.035433	0.035310
	0.043151	0.043011
	0.050969	0.050835
	0.058669	0.058527
	0.066334	0.066187
	0.074041	0.073910
	0.081768	0.081621
	0.089520	0.088950
	0.097302	0.097130
	0.105005	0.104456
	0.112767	0.112171
	0.119959	0.119781
	0.127300	0.127149
	0.134821	0.134671
	0.142110	0.141940
	0.149520	0.149354
	0.156797	0.156637
	0.164169	0.163994
	0.171509	0.171340
	0.178828	0.178658
	0.186172	0.186002
	0.193486	0.193309
	0.200983	0.200815
	0.208235	0.208049
	0.215668	0.215487
	0.222977	0.222801
	0.230278	0.230076
	0.237595	0.237413
	0.244850	0.244662
	0.252392	0.252190
	0.259720	0.259538
	0.267018	0.266838
	0.274365	0.274149
	0.281648	0.281461
	0.289015	0.288823
	0.296294	0.296081
	0.303594	0.303395
	0.310909	0.310708
	0.318404	0.318183
	0.325699	0.325483
	0.332933	0.332727
	0.340278	0.340051
	0.347566	0.347342
	0.354942	0.354738
	0.362272	0.362041
	0.369618	0.369397
	0.376935	0.376783
	0.384129	0.383908
	0.391413	0.391180
	0.398881	0.398653
	0.406252	0.406005
	0.413575	0.413328
	0.420910	0.420676
	0.428249	0.427998
	0.435687	0.435447
	0.442985	0.442757
	0.450339	0.450088
	0.457590	0.457339
	0.464988	0.464743
	0.472379	0.472129
	0.479710	0.479453
	0.487108	0.486869
	0.494382	0.494131
	0.501702	0.501460
	0.508999	0.508728
	0.516485	0.516213
	0.523906	0.523645
	0.531175	0.530901
	0.538551	0.538273
	0.545812	0.545544
	0.553182	0.552910
	0.560482	0.560211
	0.567776	0.567501
	0.575089	0.574824
	0.582412	0.582139
	0.589831	0.589563
	0.597082	0.596811
	0.604382	0.604111
	0.611705	0.611431
	0.619034	0.618756
	0.626348	0.626082
	0.633723	0.633424
	0.641262	0.640989
	0.648574	0.648280
	0.655812	0.655496
	0.663121	0.662813
	0.670601	0.670310
	0.677924	0.677600
	0.685301	0.685007
	0.692612	0.692320
	0.700009	0.699704
	0.707309	0.707002
	0.714626	0.714335
	0.721886	0.721575
	0.729202	0.728899
	0.736622	0.736325
	0.743984	0.743660
	0.751373	0.751039
	0.758743	0.758417
	0.766074	0.765722
	0.773424	0.773084
	0.780684	0.780353
	0.788274	0.787926
	0.795530	0.795187
	0.802894	0.802560
	0.810172	0.809833
	0.817548	0.817219
	0.824893	0.824562
	0.832133	0.831798
	0.839408	0.839072
	0.846662	0.846322
	0.854136	0.853779
	0.861402	0.861048
	0.868727	0.868372
	0.876042	0.875698
	0.883366	0.883005
	0.890788	0.890431
	0.898048	0.897693
	0.905516	0.905157
	0.912827	0.912465
	0.920062	0.919717
	0.927393	0.927021
	0.934754	0.934396
	0.942202	0.941848
	0.949521	0.949165
	0.956819	0.956457
	0.964163	0.963796
	0.971508	0.971137
	0.978831	0.978458
	0.986067	0.991469
	0.999055	1.004577
	1.012192	1.011093
	1.018781	1.018396
	1.025373	1.025005
	1.031940	1.031581
	1.038596	1.038205
	1.045154	1.044797
	1.051756	1.051387
	1.058513	1.058162
	1.065055	1.064696
	1.071713	1.071322
	1.078222	1.077861
	1.084849	1.084479
	1.091380	1.091030
	1.098032	1.097651
	1.104559	1.104181
	1.111072	1.110698
	1.117666	1.117306
	1.124402	1.124031
	1.130966	1.130583
	1.137534	1.137145
	1.144196	1.143811
	1.150658	1.150273
	1.157347	1.156948
	1.163901	1.163519
	1.170620	1.170208
	1.177319	1.176936
	1.183826	1.183424
	1.190303	1.189908
	1.196825	1.196422
	1.203560	1.203145
	1.210220	1.209826
	1.216789	1.216389
	1.223421	1.223033
	1.229961	1.229561
	1.236638	1.236227
	1.243290	1.242881
	1.249805	1.249397
	1.256366	1.255963
	1.263047	1.262620
	1.269618	1.269193
	1.276368	1.275942
	1.282961	1.282563
	1.289586	1.289166
	1.296163	1.295745
	1.302747	1.302319
	1.309350	1.308939
	1.315927	1.315500
	1.322721	1.322303
	1.329311	1.328872
	1.335844	1.335411
	1.342405	1.341985
	1.349062	1.348631
	1.355596	1.355181
	1.362238	1.361790
	1.368857	1.368422
	1.375361	1.374912
	1.381929	1.381491
	1.388587	1.388140
	1.395259	1.394812
	1.401833	1.401381
