	-1.493896	-0.240487
	-1.487255	-0.239124
	-1.479942	-0.237507
	-1.472600	-0.236011
	-1.465291	-0.234462
	-1.458012	-0.232991
	-1.450736	-0.231563
	-1.443353	-0.230255
	-1.436103	-0.229122
	-1.428811	-0.228038
	-1.421595	-0.226997
	-1.414325	-0.225997
	-1.406946	-0.224926
	-1.399676	-0.223924
	-1.392300	-0.222768
	-1.385009	-0.221823
	-1.377742	-0.220883
	-1.370503	-0.220120
	-1.363227	-0.219309
	-1.355731	-0.218473
	-1.348524	-0.217539
	-1.341225	-0.216671
	-1.333967	-0.215828
	-1.326640	-0.215023
	-1.319395	-0.214137
	-1.312188	-0.213156
	-1.304932	-0.212277
	-1.297749	-0.211397
	-1.290302	-0.210487
	-1.283073	-0.209672
	-1.275815	-0.208897
	-1.268530	-0.208196
	-1.261265	-0.207422
	-1.253945	-0.206761
	-1.246718	-0.206028
	-1.239376	-0.205448
	-1.232095	-0.204773
	-1.224969	-0.204266
	-1.217701	-0.203645
	-1.210369	-0.203204
	-1.203009	-0.202738
	-1.195727	-0.202214
	-1.188442	-0.201550
	-1.181192	-0.200989
	-1.173877	-0.200570
	-1.166611	-0.200171
	-1.159343	-0.199806
	-1.152116	-0.199343
	-1.144780	-0.198793
	-1.137436	-0.197980
	-1.130149	-0.197486
	-1.122825	-0.196892
	-1.115543	-0.196512
	-1.108240	-0.196046
	-1.101033	-0.195602
	-1.093668	-0.195169
	-1.086334	-0.194686
	-1.079078	-0.194210
	-1.071777	-0.193745
	-1.064551	-0.193285
	-1.057266	-0.192828
	-1.050005	-0.192419
	-1.042751	-0.191998
	-1.035487	-0.191541
	-1.028275	-0.191047
	-1.020838	-0.190585
	-1.013653	-0.190148
	-1.006386	-0.189669
	-0.997867	-0.189186
	-0.984736	-0.188630
	-0.977468	-0.187805
	-0.970034	-0.187346
	-0.962795	-0.186939
	-0.955534	-0.186554
	-0.948219	-0.186166
	-0.940691	-0.185812
	-0.933363	-0.185419
	-0.926027	-0.185048
	-0.918677	-0.184695
	-0.911322	-0.184361
	-0.903952	-0.183989
	-0.896643	-0.183612
	-0.889349	-0.183245
	-0.882031	-0.182907
	-0.874584	-0.182548
	-0.867229	-0.182149
	-0.859898	-0.181787
	-0.852552	-0.181443
	-0.845214	-0.181129
	-0.837941	-0.180820
	-0.830618	-0.180454
	-0.823074	-0.180022
	-0.815748	-0.179623
	-0.808387	-0.179189
	-0.801077	-0.178769
	-0.793759	-0.178375
	-0.786480	-0.177969
	-0.779164	-0.177608
	-0.771844	-0.177284
	-0.764590	-0.176980
	-0.757146	-0.176640
	-0.749826	-0.176292
	-0.742500	-0.175921
	-0.735203	-0.175567
	-0.727959	-0.175245
	-0.720547	-0.174894
	-0.713295	-0.174498
	-0.705871	-0.174134
	-0.698551	-0.173753
	-0.691275	-0.173416
	-0.683989	-0.173036
	-0.676730	-0.172635
	-0.669216	-0.172253
	-0.661938	-0.171908
	-0.654537	-0.171554
	-0.647215	-0.171209
	-0.639863	-0.170905
	-0.632500	-0.170601
	-0.625225	-0.170289
	-0.617877	-0.169941
	-0.610564	-0.169560
	-0.603115	-0.169203
	-0.595808	-0.168854
	-0.588444	-0.168490
	-0.581124	-0.168103
	-0.573767	-0.167647
	-0.566431	-0.167166
	-0.559105	-0.166677
	-0.551609	-0.166212
	-0.544284	-0.165800
	-0.536986	-0.165368
	-0.529671	-0.164943
	-0.522302	-0.164462
	-0.515018	-0.163976
	-0.507682	-0.163528
	-0.500425	-0.163105
	-0.493108	-0.162691
	-0.485604	-0.162289
	-0.478358	-0.161905
	-0.471039	-0.161532
	-0.463781	-0.161160
	-0.456396	-0.160790
	-0.449032	-0.160420
	-0.441702	-0.160038
	-0.434276	-0.159640
	-0.427009	-0.159261
	-0.419824	-0.158900
	-0.412562	-0.158542
	-0.405098	-0.158146
	-0.397765	-0.157717
	-0.390425	-0.157274
	-0.383034	-0.156804
	-0.375728	-0.156375
	-0.368291	-0.155938
	-0.360947	-0.155491
	-0.353679	-0.155055
	-0.346331	-0.154578
	-0.338980	-0.154092
	-0.331552	-0.153604
	-0.324264	-0.153045
	-0.316826	-0.152392
	-0.309510	-0.151709
	-0.302209	-0.151040
	-0.294909	-0.150373
	-0.287443	-0.149695
	-0.280084	-0.149011
	-0.272816	-0.148312
	-0.265465	-0.147477
	-0.258158	-0.146588
	-0.250809	-0.145607
	-0.243472	-0.144476
	-0.236259	-0.143207
	-0.228934	-0.141767
	-0.221516	-0.140106
	-0.214177	-0.138267
	-0.206870	-0.136177
	-0.199573	-0.133833
	-0.192263	-0.131206
	-0.184860	-0.128254
	-0.177586	-0.125103
	-0.170195	-0.121656
	-0.162899	-0.117972
	-0.155595	-0.114074
	-0.148485	-0.110088
	-0.141170	-0.105760
	-0.133656	-0.101137
	-0.126311	-0.096209
	-0.118607	-0.091074
	-0.111026	-0.085864
	-0.103284	-0.080387
	-0.095202	-0.074911
	-0.087926	-0.069319
	-0.079862	-0.063529
	-0.072254	-0.057744
	-0.064301	-0.051595
	-0.056642	-0.045552
	-0.048831	-0.039362
	-0.041151	-0.033142
	-0.033421	-0.026852
	-0.025694	-0.020521
	-0.017808	-0.013974
	-0.010132	-0.007303
	-0.001916	-0.000586
	0.006134	0.006236
	0.013774	0.012785
	0.021544	0.019438
	0.029318	0.026152
	0.036887	0.032719
	0.044637	0.039470
	0.052431	0.046316
	0.060127	0.053100
	0.067786	0.059889
	0.075483	0.066727
	0.083249	0.073629
	0.090993	0.080560
	0.098819	0.087262
	0.106492	0.094518
	0.114164	0.101161
	0.121416	0.108058
	0.128732	0.114707
	0.136186	0.121500
	0.143508	0.128162
	0.150921	0.134895
	0.158250	0.141575
	0.165700	0.148442
	0.172943	0.155129
	0.180313	0.161897
	0.187590	0.168577
	0.194903	0.175344
	0.202420	0.182311
	0.209721	0.189130
	0.217136	0.196022
	0.224485	0.202818
	0.231752	0.209570
	0.239101	0.216440
	0.246353	0.223233
	0.253893	0.230259
	0.261121	0.237043
	0.268509	0.243966
	0.275819	0.250804
	0.283164	0.257703
	0.290483	0.264584
	0.297759	0.271424
	0.305056	0.278330
	0.312347	0.285201
	0.319818	0.292241
	0.327142	0.299150
	0.334389	0.306018
	0.341720	0.312959
	0.349028	0.319932
	0.356402	0.326873
	0.363720	0.333858
	0.371074	0.340815
	0.378395	0.347763
	0.385528	0.354505
	0.392837	0.361469
	0.400347	0.368593
	0.407669	0.375539
	0.415059	0.382604
	0.422383	0.389593
	0.429708	0.396544
	0.437063	0.403544
	0.444386	0.410537
	0.451724	0.417571
	0.459020	0.424670
	0.466453	0.431719
	0.473793	0.438710
	0.481116	0.445742
	0.488540	0.452844
	0.495797	0.459759
	0.503154	0.466829
	0.510398	0.473779
	0.517948	0.481030
	0.525270	0.488061
	0.532621	0.495143
	0.539986	0.502211
	0.547262	0.509211
	0.554604	0.516276
	0.561900	0.523303
	0.569198	0.530325
	0.576508	0.537386
	0.583912	0.544497
	0.591291	0.551628
	0.598561	0.558631
	0.605881	0.565698
	0.613179	0.572738
	0.620556	0.579873
	0.627882	0.586926
	0.635231	0.594064
	0.642550	0.601110
	0.649877	0.608202
	0.657158	0.615211
	0.664493	0.622317
	0.671959	0.629557
	0.679281	0.636640
	0.686605	0.643738
	0.693930	0.650822
	0.701264	0.657908
	0.708631	0.665069
	0.715945	0.672154
	0.723231	0.679208
	0.730523	0.686288
	0.737972	0.693527
	0.745290	0.700640
	0.752708	0.707854
	0.759949	0.714899
	0.767289	0.722014
	0.774627	0.729147
	0.781953	0.736277
	0.789505	0.743617
	0.796777	0.750706
	0.804125	0.757871
	0.811397	0.764925
	0.818761	0.772095
	0.826059	0.779209
	0.833371	0.786310
	0.840672	0.793418
	0.847921	0.800474
	0.855416	0.807760
	0.862665	0.814831
	0.869948	0.821911
	0.877287	0.829029
	0.884574	0.836145
	0.891951	0.843322
	0.899295	0.850466
	0.906705	0.857721
	0.914036	0.864856
	0.921296	0.871906
	0.928617	0.879074
	0.936028	0.886278
	0.943424	0.893549
	0.950679	0.900630
	0.958085	0.907872
	0.965386	0.914982
	0.972770	0.922266
	0.980090	0.929431
	0.987371	0.936531
	0.994706	0.943712
	1.002103	0.950899
	1.009489	0.958086
	1.016800	0.965247
	1.023476	0.972528
	1.030717	0.979645
	1.037992	0.992251
	1.050956	1.005106
	1.064000	1.011505
	1.070655	1.017965
	1.077198	1.024342
	1.083819	1.030809
	1.090419	1.037278
	1.096990	1.043729
	1.103508	1.050145
	1.110097	1.056580
	1.116646	1.062979
	1.123430	1.069585
	1.129974	1.076013
	1.136549	1.082438
	1.143165	1.088898
	1.149604	1.095196
	1.156364	1.101835
	1.162907	1.108230
	1.169639	1.114829
	1.176285	1.121375
	1.182785	1.127741
	1.189292	1.134102
	1.195788	1.140465
	1.202458	1.146982
	1.209167	1.153603
	1.215771	1.160075
	1.222409	1.166576
	1.229008	1.173025
	1.235556	1.179474
	1.242259	1.186041
	1.248784	1.192425
	1.255408	1.198886
	1.262029	1.205434
	1.268517	1.211808
	1.275347	1.218538
	1.281875	1.224962
	1.288491	1.231418
	1.295100	1.237922
	1.301686	1.244383
	1.308277	1.250902
	1.314858	1.257350
	1.321584	1.263913
	1.328246	1.270447
	1.334779	1.276903
	1.341417	1.283419
	1.348027	1.289891
	1.354538	1.296275
	1.361223	1.302827
	1.367762	1.309305
	1.374281	1.315678
	1.380870	1.322127
	1.387562	1.328672
	1.394199	1.335257
	1.400767	1.341753
