350.0	0.0
350.125	0.0
350.25	0.0
350.375	0.0
350.5	0.0
350.625	0.0
350.75	0.0
350.875	0.0
351.0	0.0
351.125	0.0
351.25	0.0
351.375	0.0
351.5	0.0
351.625	0.0
351.75	0.0
351.875	0.0
352.0	0.0
352.125	0.0
352.25	0.0
352.375	0.0
352.5	0.0
352.625	0.0
352.75	0.0
352.875	0.0
353.0	0.0
353.125	0.0
353.25	0.0023
353.375	0.0
353.5	0.0
353.625	0.0
353.75	0.0
353.875	0.0
354.0	0.0
354.125	0.0
354.25	0.0
354.375	0.0
354.5	0.0
354.625	0.0
354.75	0.0
354.875	0.0
355.0	0.0
355.125	0.0
355.25	0.0
355.375	0.0
355.5	0.0
355.625	0.0
355.75	0.0
355.875	0.0
356.0	0.0
356.125	0.0
356.25	0.0
356.375	0.0
356.5	0.0
356.625	0.0
356.75	0.0
356.875	0.0
357.0	0.0
357.125	0.0
357.25	0.0
357.375	0.0
357.5	0.0
357.625	0.0
357.75	0.0
357.875	0.0
358.0	0.0
358.125	0.0
358.25	0.0
358.375	0.0
358.5	0.0
358.625	0.0
358.75	0.0
358.875	0.0
359.0	0.0
359.125	0.0
359.25	0.0
359.375	0.0
359.5	0.0
359.625	0.0
359.75	0.0
359.875	0.0
360.0	0.0
360.125	0.0
360.25	0.0
360.375	0.0
360.5	0.0
360.625	0.0
360.75	0.0
360.875	0.0
361.0	0.0
361.125	0.0
361.25	0.0
361.375	0.0
361.5	0.0
361.625	0.0
361.75	0.0
361.875	0.0
362.0	0.0
362.125	0.0
362.25	0.0
362.375	0.0
362.5	0.0
362.625	0.0
362.75	0.0
362.875	0.0
363.0	0.0
363.125	0.0
363.25	0.0
363.375	0.0
363.5	0.0
363.625	0.0
363.75	0.0
363.875	0.0
364.0	0.0
364.125	0.0
364.25	0.0
364.375	0.0
364.5	0.0
364.625	0.0
364.75	0.0
364.875	0.0
365.0	0.0
365.125	0.0
365.25	0.0
365.375	0.0
365.5	0.0
365.625	0.0
365.75	0.0
365.875	0.0
366.0	0.0
366.125	0.0
366.25	0.0
366.375	0.0
366.5	0.0
366.625	0.0
366.75	0.0
366.875	0.0
367.0	0.0
367.125	0.0
367.25	0.0
367.375	0.0
367.5	0.0
367.625	0.0
367.75	0.0
367.875	0.0
368.0	0.0
368.125	0.0
368.25	0.0
368.375	0.0
368.5	0.0
368.625	0.0
368.75	0.0
368.875	0.0
369.0	0.0
369.125	0.0
369.25	0.0
369.375	0.0
369.5	0.0
369.625	0.0
369.75	0.0
369.875	0.0
370.0	0.0
370.125	0.0
370.25	0.0
370.375	0.0
370.5	0.0
370.625	0.0
370.75	0.0
370.875	0.0
371.0	0.0
371.125	0.0
371.25	0.0
371.375	0.0
371.5	0.0015
371.625	0.0
371.75	0.0
371.875	0.0
372.0	7.0E-4
372.125	0.0
372.25	0.0
372.375	0.0
372.5	0.0
372.625	0.0
372.75	0.0
372.875	0.0
373.0	0.0
373.125	0.0
373.25	0.0
373.375	0.0
373.5	0.0
373.625	0.0
373.75	7.0E-4
373.875	0.0
374.0	0.0
374.125	0.0
374.25	0.0
374.375	0.0
374.5	0.0
374.625	0.0015
374.75	0.0
374.875	0.0
375.0	0.0
375.125	0.0
375.25	0.0
375.375	0.0
375.5	0.0
375.625	0.0
375.75	0.0
375.875	0.0
376.0	0.0
376.125	0.0
376.25	0.0
376.375	0.0
376.5	0.0
376.625	0.0
376.75	0.0
376.875	0.0
377.0	0.0
377.125	0.0
377.25	0.0
377.375	0.0
377.5	0.0
377.625	0.0
377.75	0.0
377.875	0.0
378.0	0.0
378.125	7.0E-4
378.25	0.0055
378.375	0.0047
378.5	0.0047
378.625	0.0039
378.75	0.0062
378.875	0.0047
379.0	0.0047
379.125	0.0047
379.25	0.0047
379.375	0.0031
379.5	0.0047
379.625	0.0047
379.75	0.0015
379.875	0.0047
380.0	0.0023
380.125	0.0
380.25	0.0023
380.375	0.0023
380.5	0.0
380.625	0.0
380.75	0.0
380.875	0.0
381.0	0.0
381.125	0.0
381.25	0.0
381.375	0.0023
381.5	7.0E-4
381.625	0.0031
381.75	0.0055
381.875	0.0047
382.0	0.007
382.125	0.0062
382.25	0.0031
382.375	0.0
382.5	0.0047
382.625	0.0
382.75	0.0
382.875	0.0
383.0	0.0
383.125	0.0015
383.25	0.0
383.375	0.0
383.5	7.0E-4
383.625	0.0
383.75	0.0023
383.875	0.0023
384.0	7.0E-4
384.125	0.0031
384.25	0.0047
384.375	0.0015
384.5	0.0
384.625	0.0
384.75	0.0015
384.875	0.0
385.0	0.0
385.125	0.0
385.25	0.0031
385.375	7.0E-4
385.5	0.0
385.625	0.0
385.75	0.0
385.875	0.0
386.0	0.0
386.125	0.0015
386.25	0.0
386.375	0.0
386.5	0.0
386.625	0.0
386.75	0.0
386.875	0.0
387.0	0.0
387.125	0.0
387.25	0.0023
387.375	0.0
387.5	0.0023
387.625	0.0031
387.75	0.0023
387.875	0.0039
388.0	0.0062
388.125	0.0047
388.25	0.0062
388.375	0.0086
388.5	0.0094
388.625	0.0086
388.75	0.0125
388.875	0.011
389.0	0.0125
389.125	0.0125
389.25	0.0094
389.375	0.0117
389.5	0.0133
389.625	0.0141
389.75	0.0149
389.875	0.0133
390.0	0.0157
390.125	0.0133
390.25	0.0117
390.375	0.0125
390.5	0.0149
390.625	0.0141
390.75	0.0172
390.875	0.0188
391.0	0.0172
391.125	0.018
391.25	0.0212
391.375	0.0188
391.5	0.018
391.625	0.022
391.75	0.018
391.875	0.0235
392.0	0.022
392.125	0.0235
392.25	0.0243
392.375	0.0267
392.5	0.0251
392.625	0.0251
392.75	0.0275
392.875	0.0306
393.0	0.0283
393.125	0.0283
393.25	0.029
393.375	0.0306
393.5	0.033
393.625	0.033
393.75	0.0353
393.875	0.0353
394.0	0.0361
394.125	0.033
394.25	0.0369
394.375	0.033
394.5	0.0338
394.625	0.0369
394.75	0.0369
394.875	0.0385
395.0	0.0385
395.125	0.0369
395.25	0.0424
395.375	0.0416
395.5	0.0432
395.625	0.0448
395.75	0.0424
395.875	0.0448
396.0	0.0487
396.125	0.0518
396.25	0.0487
396.375	0.0487
396.5	0.0471
396.625	0.0573
396.75	0.0518
396.875	0.0566
397.0	0.0613
397.125	0.0652
397.25	0.0605
397.375	0.0613
397.5	0.066
397.625	0.0668
397.75	0.0676
397.875	0.0676
398.0	0.0691
398.125	0.0715
398.25	0.0715
398.375	0.0738
398.5	0.0707
398.625	0.0762
398.75	0.0754
398.875	0.077
399.0	0.0801
399.125	0.0778
399.25	0.0754
399.375	0.0794
399.5	0.0864
399.625	0.088
399.75	0.0849
399.875	0.0864
400.0	0.0849
400.125	0.0856
400.25	0.0896
400.375	0.088
400.5	0.0927
400.625	0.099
400.75	0.099
400.875	0.1006
401.0	0.0982
401.125	0.1061
401.25	0.1077
401.375	0.1084
401.5	0.1084
401.625	0.1147
401.75	0.1163
401.875	0.1163
402.0	0.1132
402.125	0.1179
402.25	0.121
402.375	0.1242
402.5	0.1257
402.625	0.1257
402.75	0.1305
402.875	0.132
403.0	0.1375
403.125	0.1375
403.25	0.1422
403.375	0.1438
403.5	0.1438
403.625	0.1477
403.75	0.1517
403.875	0.1525
404.0	0.154
404.125	0.1556
404.25	0.1603
404.375	0.1666
404.5	0.1674
404.625	0.1658
404.75	0.1698
404.875	0.1729
405.0	0.1761
405.125	0.1792
405.25	0.1839
405.375	0.1839
405.5	0.1839
405.625	0.1886
405.75	0.191
405.875	0.1926
406.0	0.1988
406.125	0.2012
406.25	0.2059
406.375	0.2059
406.5	0.2028
406.625	0.2051
406.75	0.2114
406.875	0.2193
407.0	0.2224
407.125	0.2248
407.25	0.2279
407.375	0.2287
407.5	0.2342
407.625	0.2382
407.75	0.2437
407.875	0.2468
408.0	0.2523
408.125	0.2594
408.25	0.261
408.375	0.2641
408.5	0.2696
408.625	0.2735
408.75	0.2759
408.875	0.283
409.0	0.283
409.125	0.2885
409.25	0.2948
409.375	0.2971
409.5	0.3034
409.625	0.3058
409.75	0.3097
409.875	0.316
410.0	0.3191
410.125	0.3246
410.25	0.3309
410.375	0.3396
410.5	0.3443
410.625	0.3466
410.75	0.3522
410.875	0.3553
411.0	0.3608
411.125	0.3647
411.25	0.3679
411.375	0.3726
411.5	0.3797
411.625	0.3828
411.75	0.3875
411.875	0.3954
412.0	0.3985
412.125	0.404
412.25	0.4072
412.375	0.4174
412.5	0.4205
412.625	0.4268
412.75	0.4339
412.875	0.4418
413.0	0.4465
413.125	0.4528
413.25	0.4567
413.375	0.4622
413.5	0.4693
413.625	0.4764
413.75	0.4834
413.875	0.4889
414.0	0.4937
414.125	0.5007
414.25	0.5078
414.375	0.5133
414.5	0.518
414.625	0.5188
414.75	0.5267
414.875	0.5393
415.0	0.544
415.125	0.5542
415.25	0.5589
415.375	0.5644
415.5	0.5707
415.625	0.5801
415.75	0.5864
415.875	0.5935
416.0	0.6029
416.125	0.6124
416.25	0.6187
416.375	0.6226
416.5	0.6344
416.625	0.6391
416.75	0.6422
416.875	0.6525
417.0	0.6611
417.125	0.6682
417.25	0.6776
417.375	0.6839
417.5	0.6933
417.625	0.7051
417.75	0.7114
417.875	0.7248
418.0	0.7319
418.125	0.7413
418.25	0.7492
418.375	0.7578
418.5	0.768
418.625	0.7743
418.75	0.7853
418.875	0.7971
419.0	0.8113
419.125	0.8231
419.25	0.8317
419.375	0.8443
419.5	0.8569
419.625	0.8679
419.75	0.8789
419.875	0.893
420.0	0.9009
420.125	0.9158
420.25	0.9245
420.375	0.9378
420.5	0.9481
420.625	0.9622
420.75	0.9756
420.875	0.9897
421.0	1.0
421.125	1.011
421.25	1.0243
421.375	1.04
421.5	1.0558
421.625	1.0691
421.75	1.0849
421.875	1.0959
422.0	1.1092
422.125	1.1242
422.25	1.1336
422.375	1.1493
422.5	1.1627
422.625	1.1776
422.75	1.1894
422.875	1.2059
423.0	1.2209
423.125	1.2358
423.25	1.2492
423.375	1.2633
423.5	1.2767
423.625	1.2869
423.75	1.3026
423.875	1.316
424.0	1.3278
424.125	1.3388
424.25	1.3522
424.375	1.3702
424.5	1.3836
424.625	1.3993
424.75	1.4103
424.875	1.4237
425.0	1.4386
425.125	1.452
425.25	1.463
425.375	1.4764
425.5	1.4897
425.625	1.5047
425.75	1.5212
425.875	1.533
426.0	1.5448
426.125	1.5566
426.25	1.5691
426.375	1.5794
426.5	1.5919
426.625	1.6022
426.75	1.6155
426.875	1.6273
427.0	1.6375
427.125	1.6485
427.25	1.6619
427.375	1.6737
427.5	1.6831
427.625	1.6933
427.75	1.7028
427.875	1.7091
428.0	1.7169
428.125	1.7209
428.25	1.7303
428.375	1.7374
428.5	1.7468
428.625	1.7547
428.75	1.7641
428.875	1.7696
429.0	1.7712
429.125	1.7783
429.25	1.783
429.375	1.7877
429.5	1.7924
429.625	1.7932
429.75	1.7971
429.875	1.7955
430.0	1.7995
430.125	1.8018
430.25	1.8034
430.375	1.8042
430.5	1.8018
430.625	1.8003
430.75	1.7971
430.875	1.7979
431.0	1.7971
431.125	1.7924
431.25	1.7893
431.375	1.7861
431.5	1.7814
431.625	1.7751
431.75	1.7688
431.875	1.7657
432.0	1.757
432.125	1.7531
432.25	1.75
432.375	1.7421
432.5	1.7374
432.625	1.7272
432.75	1.7201
432.875	1.7122
433.0	1.7028
433.125	1.6918
433.25	1.6839
433.375	1.6761
433.5	1.665
433.625	1.6509
433.75	1.6399
433.875	1.6281
434.0	1.6179
434.125	1.6077
434.25	1.5935
434.375	1.5801
434.5	1.5707
434.625	1.5613
434.75	1.5526
434.875	1.5361
435.0	1.5235
435.125	1.5125
435.25	1.5023
435.375	1.4866
435.5	1.4724
435.625	1.4606
435.75	1.4504
435.875	1.441
436.0	1.4261
436.125	1.415
436.25	1.4001
436.375	1.3867
436.5	1.3765
436.625	1.3647
436.75	1.3529
436.875	1.3404
437.0	1.3294
437.125	1.3215
437.25	1.3073
437.375	1.2971
437.5	1.2861
437.625	1.2751
437.75	1.2688
437.875	1.2586
438.0	1.2468
438.125	1.2366
438.25	1.2232
438.375	1.2114
438.5	1.2028
438.625	1.1933
438.75	1.18
438.875	1.169
439.0	1.1627
439.125	1.1533
439.25	1.1446
439.375	1.1328
439.5	1.1297
439.625	1.1194
439.75	1.1132
439.875	1.1045
440.0	1.0966
440.125	1.0896
440.25	1.0809
440.375	1.0731
440.5	1.066
440.625	1.0566
440.75	1.0471
440.875	1.0424
441.0	1.0345
441.125	1.0204
441.25	1.0117
441.375	1.0196
441.5	1.011
441.625	1.011
441.75	1.0102
441.875	1.0015
442.0	0.9819
442.125	0.9716
442.25	0.9669
442.375	0.9614
442.5	0.9441
442.625	0.9371
442.75	0.9339
442.875	0.9268
443.0	0.9213
443.125	0.919
443.25	0.9174
443.375	0.908
443.5	0.9017
443.625	0.8962
443.75	0.897
443.875	0.893
444.0	0.882
444.125	0.875
444.25	0.8726
444.375	0.8671
444.5	0.8632
444.625	0.8608
444.75	0.8506
444.875	0.8435
445.0	0.8451
445.125	0.8419
445.25	0.8364
445.375	0.8262
445.5	0.827
445.625	0.816
445.75	0.8168
445.875	0.8073
446.0	0.8058
446.125	0.8018
446.25	0.7995
446.375	0.7908
446.5	0.7806
446.625	0.7814
446.75	0.7735
446.875	0.7704
447.0	0.7665
447.125	0.7617
447.25	0.7555
447.375	0.7507
447.5	0.7444
447.625	0.7452
447.75	0.7405
447.875	0.7358
448.0	0.7287
448.125	0.7272
448.25	0.7279
448.375	0.7216
448.5	0.7177
448.625	0.7122
448.75	0.7114
448.875	0.702
449.0	0.6988
449.125	0.6965
449.25	0.6902
449.375	0.6839
449.5	0.6823
449.625	0.6745
449.75	0.669
449.875	0.669
450.0	0.665
450.125	0.6643
450.25	0.658
450.375	0.6525
450.5	0.6485
450.625	0.6422
450.75	0.6375
450.875	0.6328
451.0	0.6305
451.125	0.6289
451.25	0.6234
451.375	0.6242
451.5	0.6234
451.625	0.6187
451.75	0.6124
451.875	0.61
452.0	0.6069
452.125	0.6069
452.25	0.6037
452.375	0.5998
452.5	0.5959
452.625	0.5943
452.75	0.5896
452.875	0.5849
453.0	0.5841
453.125	0.5778
453.25	0.5786
453.375	0.5738
453.5	0.5707
453.625	0.5715
453.75	0.5668
453.875	0.5652
454.0	0.5613
454.125	0.5628
454.25	0.5566
454.375	0.5566
454.5	0.555
454.625	0.5518
454.75	0.5471
454.875	0.5471
455.0	0.5448
455.125	0.5448
455.25	0.5432
455.375	0.5424
455.5	0.544
455.625	0.54
455.75	0.5377
455.875	0.5361
456.0	0.5353
456.125	0.5338
456.25	0.5322
456.375	0.5338
456.5	0.5306
456.625	0.5251
456.75	0.5275
456.875	0.5259
457.0	0.5259
457.125	0.5235
457.25	0.5243
457.375	0.5212
457.5	0.522
457.625	0.5188
457.75	0.5235
457.875	0.5251
458.0	0.5243
458.125	0.522
458.25	0.518
458.375	0.518
458.5	0.5133
458.625	0.518
458.75	0.5157
458.875	0.5157
459.0	0.5141
459.125	0.5141
459.25	0.5133
459.375	0.511
459.5	0.511
459.625	0.511
459.75	0.5094
459.875	0.5102
460.0	0.5102
460.125	0.5094
460.25	0.5133
460.375	0.5133
460.5	0.5188
460.625	0.5188
460.75	0.5188
460.875	0.5149
461.0	0.5141
461.125	0.5125
461.25	0.5157
461.375	0.5235
461.5	0.5204
461.625	0.5235
461.75	0.5204
461.875	0.5212
462.0	0.522
462.125	0.5204
462.25	0.5235
462.375	0.5251
462.5	0.5235
462.625	0.5243
462.75	0.5267
462.875	0.5235
463.0	0.5235
463.125	0.5235
463.25	0.5283
463.375	0.5267
463.5	0.5283
463.625	0.5243
463.75	0.5227
463.875	0.5196
464.0	0.5235
464.125	0.5259
464.25	0.5235
464.375	0.5275
464.5	0.5275
464.625	0.529
464.75	0.529
464.875	0.5283
465.0	0.5259
465.125	0.5298
465.25	0.5314
465.375	0.533
465.5	0.5338
465.625	0.533
465.75	0.5338
465.875	0.533
466.0	0.533
466.125	0.5369
466.25	0.5345
466.375	0.5369
466.5	0.5377
466.625	0.5385
466.75	0.5385
466.875	0.5393
467.0	0.5424
467.125	0.5424
467.25	0.5424
467.375	0.5416
467.5	0.5455
467.625	0.5448
467.75	0.5408
467.875	0.5432
468.0	0.5463
468.125	0.544
468.25	0.5479
468.375	0.5479
468.5	0.5511
468.625	0.5487
468.75	0.5471
468.875	0.5479
469.0	0.5518
469.125	0.5495
469.25	0.5526
469.375	0.5511
469.5	0.555
469.625	0.5518
469.75	0.5566
469.875	0.5534
470.0	0.5558
470.125	0.5589
470.25	0.5691
470.375	0.5605
470.5	0.5589
470.625	0.5613
470.75	0.5621
470.875	0.5613
471.0	0.566
471.125	0.5652
471.25	0.566
471.375	0.5652
471.5	0.5683
471.625	0.5699
471.75	0.5707
471.875	0.5723
472.0	0.5707
472.125	0.5731
472.25	0.5723
472.375	0.5738
472.5	0.5762
472.625	0.577
472.75	0.5762
472.875	0.5809
473.0	0.5825
473.125	0.5825
473.25	0.5801
473.375	0.5786
473.5	0.5849
473.625	0.5872
473.75	0.5872
473.875	0.5872
474.0	0.5849
474.125	0.5849
474.25	0.5904
474.375	0.5872
474.5	0.5911
474.625	0.5904
474.75	0.5935
474.875	0.5982
475.0	0.5951
475.125	0.5982
475.25	0.5935
475.375	0.5849
475.5	0.5849
475.625	0.5904
475.75	0.5966
475.875	0.5982
476.0	0.5959
476.125	0.5943
476.25	0.6006
476.375	0.5982
476.5	0.599
476.625	0.6053
476.75	0.6084
476.875	0.6045
477.0	0.6037
477.125	0.6053
477.25	0.6053
477.375	0.6077
477.5	0.6171
477.625	0.6187
477.75	0.6108
477.875	0.6108
478.0	0.6132
478.125	0.6171
478.25	0.6132
478.375	0.6163
478.5	0.6218
478.625	0.625
478.75	0.6257
478.875	0.6242
479.0	0.6265
479.125	0.6242
479.25	0.6273
479.375	0.6273
479.5	0.625
479.625	0.6242
479.75	0.6305
479.875	0.6273
480.0	0.6297
480.125	0.6344
480.25	0.636
480.375	0.6367
480.5	0.6305
480.625	0.6336
480.75	0.6328
480.875	0.6344
481.0	0.6367
481.125	0.6344
481.25	0.6367
481.375	0.6383
481.5	0.6344
481.625	0.636
481.75	0.6367
481.875	0.6407
482.0	0.6367
482.125	0.6375
482.25	0.6391
482.375	0.643
482.5	0.6422
482.625	0.643
482.75	0.6415
482.875	0.6477
483.0	0.6509
483.125	0.6509
483.25	0.6509
483.375	0.6462
483.5	0.6462
483.625	0.6485
483.75	0.6501
483.875	0.6501
484.0	0.6627
484.125	0.6674
484.25	0.654
484.375	0.6564
484.5	0.6556
484.625	0.6548
484.75	0.6517
484.875	0.6509
485.0	0.654
485.125	0.6572
485.25	0.6533
485.375	0.665
485.5	0.6611
485.625	0.6556
485.75	0.6603
485.875	0.6666
486.0	0.6603
486.125	0.6572
486.25	0.6572
486.375	0.6619
486.5	0.6611
486.625	0.6666
486.75	0.6611
486.875	0.6627
487.0	0.6635
487.125	0.6674
487.25	0.6674
487.375	0.6658
487.5	0.6666
487.625	0.6666
487.75	0.6674
487.875	0.6698
488.0	0.6698
488.125	0.68
488.25	0.6776
488.375	0.6784
488.5	0.6776
488.625	0.6698
488.75	0.669
488.875	0.6698
489.0	0.6729
489.125	0.6705
489.25	0.6682
489.375	0.6698
489.5	0.6721
489.625	0.6737
489.75	0.6753
489.875	0.6745
490.0	0.6761
490.125	0.6792
490.25	0.6784
490.375	0.6761
490.5	0.6776
490.625	0.6776
490.75	0.6761
490.875	0.68
491.0	0.6761
491.125	0.68
491.25	0.6808
491.375	0.68
491.5	0.6831
491.625	0.6863
491.75	0.6839
491.875	0.6823
492.0	0.68
492.125	0.68
492.25	0.6808
492.375	0.6816
492.5	0.6831
492.625	0.6816
492.75	0.6839
492.875	0.6847
493.0	0.6855
493.125	0.6847
493.25	0.6863
493.375	0.6847
493.5	0.6831
493.625	0.6871
493.75	0.6878
493.875	0.6855
494.0	0.6847
494.125	0.6871
494.25	0.6847
494.375	0.6855
494.5	0.6863
494.625	0.6855
494.75	0.6902
494.875	0.6855
495.0	0.6863
495.125	0.691
495.25	0.6894
495.375	0.6886
495.5	0.6878
495.625	0.6886
495.75	0.6871
495.875	0.6894
496.0	0.6863
496.125	0.6855
496.25	0.6926
496.375	0.6973
496.5	0.6981
496.625	0.6949
496.75	0.6981
496.875	0.6973
497.0	0.6981
497.125	0.6941
497.25	0.6957
497.375	0.6957
497.5	0.6949
497.625	0.6981
497.75	0.6965
497.875	0.6973
498.0	0.691
498.125	0.691
498.25	0.6902
498.375	0.6902
498.5	0.6926
498.625	0.6894
498.75	0.6926
498.875	0.6886
499.0	0.6878
499.125	0.6918
499.25	0.6926
499.375	0.6902
499.5	0.6886
499.625	0.6933
499.75	0.6933
499.875	0.6933
500.0	0.6902
500.125	0.6894
500.25	0.6902
500.375	0.6894
500.5	0.6886
500.625	0.6886
500.75	0.6894
500.875	0.6886
501.0	0.6886
501.125	0.6933
501.25	0.6933
501.375	0.6933
501.5	0.6933
501.625	0.6933
501.75	0.6933
501.875	0.6941
502.0	0.6949
502.125	0.6941
502.25	0.6949
502.375	0.6926
502.5	0.6918
502.625	0.6918
502.75	0.6933
502.875	0.6933
503.0	0.6926
503.125	0.6902
503.25	0.68
503.375	0.6792
503.5	0.68
503.625	0.6753
503.75	0.6808
503.875	0.6784
504.0	0.68
504.125	0.68
504.25	0.68
504.375	0.68
504.5	0.6816
504.625	0.6792
504.75	0.6792
504.875	0.68
505.0	0.68
505.125	0.6816
505.25	0.68
505.375	0.6792
505.5	0.6792
505.625	0.6776
505.75	0.6784
505.875	0.6792
506.0	0.6776
506.125	0.6792
506.25	0.6792
506.375	0.6792
506.5	0.6792
506.625	0.6768
506.75	0.6745
506.875	0.6737
507.0	0.6753
507.125	0.6768
507.25	0.6776
507.375	0.6729
507.5	0.6792
507.625	0.6745
507.75	0.6753
507.875	0.6705
508.0	0.6713
508.125	0.6776
508.25	0.6729
508.375	0.6737
508.5	0.6737
508.625	0.6745
508.75	0.6745
508.875	0.6745
509.0	0.6745
509.125	0.6776
509.25	0.6698
509.375	0.6698
509.5	0.669
509.625	0.6627
509.75	0.6674
509.875	0.6666
510.0	0.6698
510.125	0.6666
510.25	0.6698
510.375	0.6698
510.5	0.6658
510.625	0.669
510.75	0.6643
510.875	0.6627
511.0	0.665
511.125	0.6698
511.25	0.6674
511.375	0.6682
511.5	0.6666
511.625	0.669
511.75	0.6713
511.875	0.6698
512.0	0.6635
512.125	0.6635
512.25	0.6643
512.375	0.665
512.5	0.665
512.625	0.6643
512.75	0.6611
512.875	0.6611
513.0	0.665
513.125	0.6682
513.25	0.6682
513.375	0.6658
513.5	0.6588
513.625	0.6603
513.75	0.6588
513.875	0.6627
514.0	0.6603
514.125	0.6572
514.25	0.6595
514.375	0.658
514.5	0.6556
514.625	0.654
514.75	0.6533
514.875	0.6533
515.0	0.6517
515.125	0.654
515.25	0.6517
515.375	0.6533
515.5	0.6556
515.625	0.6548
515.75	0.6556
515.875	0.6525
516.0	0.6517
516.125	0.654
516.25	0.6556
516.375	0.6533
516.5	0.6525
516.625	0.6548
516.75	0.6509
516.875	0.6493
517.0	0.6485
517.125	0.6501
517.25	0.6493
517.375	0.647
517.5	0.6556
517.625	0.654
517.75	0.6501
517.875	0.6493
518.0	0.6509
518.125	0.6501
518.25	0.6462
518.375	0.647
518.5	0.6509
518.625	0.6509
518.75	0.6501
518.875	0.6517
519.0	0.6509
519.125	0.6477
519.25	0.6477
519.375	0.6493
519.5	0.6509
519.625	0.6477
519.75	0.6493
519.875	0.6462
520.0	0.647
520.125	0.6446
520.25	0.6485
520.375	0.6462
520.5	0.6446
520.625	0.6446
520.75	0.6462
520.875	0.6462
521.0	0.6454
521.125	0.6446
521.25	0.6422
521.375	0.6438
521.5	0.6422
521.625	0.643
521.75	0.6422
521.875	0.6391
522.0	0.6415
522.125	0.6367
522.25	0.6407
522.375	0.6399
522.5	0.6367
522.625	0.6391
522.75	0.6399
522.875	0.6367
523.0	0.6344
523.125	0.6312
523.25	0.636
523.375	0.6328
523.5	0.6289
523.625	0.6265
523.75	0.6257
523.875	0.632
524.0	0.6273
524.125	0.6297
524.25	0.6312
524.375	0.6281
524.5	0.6273
524.625	0.6273
524.75	0.6281
524.875	0.6273
525.0	0.6218
525.125	0.621
525.25	0.6226
525.375	0.6226
525.5	0.6226
525.625	0.625
525.75	0.6218
525.875	0.6234
526.0	0.6218
526.125	0.6179
526.25	0.6179
526.375	0.6187
526.5	0.6163
526.625	0.6202
526.75	0.6179
526.875	0.6179
527.0	0.6155
527.125	0.6179
527.25	0.6139
527.375	0.6163
527.5	0.6147
527.625	0.6163
527.75	0.6108
527.875	0.61
528.0	0.6132
528.125	0.6092
528.25	0.6084
528.375	0.6108
528.5	0.6069
528.625	0.6069
528.75	0.6084
528.875	0.6014
529.0	0.6029
529.125	0.6006
529.25	0.6037
529.375	0.6029
529.5	0.6037
529.625	0.6037
529.75	0.6014
529.875	0.599
530.0	0.5974
530.125	0.5943
530.25	0.5966
530.375	0.5966
530.5	0.5951
530.625	0.5935
530.75	0.5943
530.875	0.5911
531.0	0.5943
531.125	0.5951
531.25	0.5974
531.375	0.5974
531.5	0.5943
531.625	0.5951
531.75	0.5896
531.875	0.5911
532.0	0.5896
532.125	0.5943
532.25	0.5896
532.375	0.588
532.5	0.5896
532.625	0.5896
532.75	0.5896
532.875	0.5888
533.0	0.5864
533.125	0.5872
533.25	0.5864
533.375	0.5849
533.5	0.5841
533.625	0.5841
533.75	0.5849
533.875	0.5841
534.0	0.5825
534.125	0.5825
534.25	0.5817
534.375	0.5849
534.5	0.5833
534.625	0.5762
534.75	0.5762
534.875	0.5738
535.0	0.5754
535.125	0.5738
535.25	0.577
535.375	0.5754
535.5	0.5754
535.625	0.5746
535.75	0.5699
535.875	0.5636
536.0	0.5715
536.125	0.5707
536.25	0.5754
536.375	0.5754
536.5	0.5738
536.625	0.5715
536.75	0.5707
536.875	0.5746
537.0	0.5707
537.125	0.5699
537.25	0.5707
537.375	0.5723
537.5	0.5707
537.625	0.5707
537.75	0.566
537.875	0.5676
538.0	0.5668
538.125	0.5683
538.25	0.5668
538.375	0.5652
538.5	0.5597
538.625	0.5628
538.75	0.5628
538.875	0.5605
539.0	0.5581
539.125	0.5621
539.25	0.5597
539.375	0.5573
539.5	0.5597
539.625	0.5558
539.75	0.5581
539.875	0.5573
540.0	0.5558
540.125	0.5542
540.25	0.5518
540.375	0.5558
540.5	0.5566
540.625	0.5534
540.75	0.5558
540.875	0.555
541.0	0.5526
541.125	0.5495
541.25	0.5511
541.375	0.5479
541.5	0.5495
541.625	0.5495
541.75	0.5471
541.875	0.5471
542.0	0.5471
542.125	0.5471
542.25	0.5455
542.375	0.5385
542.5	0.5408
542.625	0.5393
542.75	0.5393
542.875	0.5369
543.0	0.5424
543.125	0.5377
543.25	0.5338
543.375	0.5345
543.5	0.5393
543.625	0.5377
543.75	0.5322
543.875	0.5322
544.0	0.5314
544.125	0.5283
544.25	0.5283
544.375	0.5267
544.5	0.5283
544.625	0.5283
544.75	0.5338
544.875	0.5345
545.0	0.5306
545.125	0.5275
545.25	0.5235
545.375	0.5235
545.5	0.5212
545.625	0.522
545.75	0.5275
545.875	0.5251
546.0	0.5251
546.125	0.5267
546.25	0.5235
546.375	0.5188
546.5	0.5172
546.625	0.5141
546.75	0.5141
546.875	0.5165
547.0	0.5188
547.125	0.5149
547.25	0.5125
547.375	0.5141
547.5	0.5133
547.625	0.5078
547.75	0.5125
547.875	0.5141
548.0	0.5125
548.125	0.5125
548.25	0.5117
548.375	0.5117
548.5	0.5133
548.625	0.5078
548.75	0.5047
548.875	0.5047
549.0	0.5055
549.125	0.5047
549.25	0.5047
549.375	0.5031
549.5	0.5007
549.625	0.5023
549.75	0.5
549.875	0.4968
550.0	0.4984
550.125	0.4984
550.25	0.4968
550.375	0.4976
550.5	0.5
550.625	0.4976
550.75	0.5
550.875	0.496
551.0	0.4952
551.125	0.496
551.25	0.4968
551.375	0.4952
551.5	0.4929
551.625	0.4913
551.75	0.4929
551.875	0.4937
552.0	0.4889
552.125	0.4882
552.25	0.4858
552.375	0.4874
552.5	0.4882
552.625	0.4889
552.75	0.4882
552.875	0.4882
553.0	0.4874
553.125	0.4866
553.25	0.4858
553.375	0.4858
553.5	0.4858
553.625	0.485
553.75	0.4858
553.875	0.4858
554.0	0.4866
554.125	0.4834
554.25	0.4819
554.375	0.4842
554.5	0.4811
554.625	0.4811
554.75	0.4834
554.875	0.4811
555.0	0.4811
555.125	0.4811
555.25	0.4819
555.375	0.4827
555.5	0.4795
555.625	0.4819
555.75	0.4787
555.875	0.4787
556.0	0.4772
556.125	0.4795
556.25	0.4772
556.375	0.4764
556.5	0.4795
556.625	0.4795
556.75	0.4803
556.875	0.4803
557.0	0.4772
557.125	0.4795
557.25	0.4803
557.375	0.4764
557.5	0.4756
557.625	0.4732
557.75	0.4732
557.875	0.4716
558.0	0.4701
558.125	0.4732
558.25	0.4732
558.375	0.4701
558.5	0.4685
558.625	0.4677
558.75	0.4685
558.875	0.4669
559.0	0.4669
559.125	0.463
559.25	0.463
559.375	0.4646
559.5	0.4606
559.625	0.4583
559.75	0.4606
559.875	0.4599
560.0	0.4622
560.125	0.4622
560.25	0.4599
560.375	0.4583
560.5	0.4575
560.625	0.4591
560.75	0.4575
560.875	0.4575
561.0	0.4591
561.125	0.4567
561.25	0.4528
561.375	0.452
561.5	0.4536
561.625	0.4528
561.75	0.4481
561.875	0.4481
562.0	0.4449
562.125	0.4465
562.25	0.4496
562.375	0.4512
562.5	0.4504
562.625	0.4496
562.75	0.4488
562.875	0.4496
563.0	0.4481
563.125	0.4496
563.25	0.4488
563.375	0.4481
563.5	0.4504
563.625	0.4504
563.75	0.4496
563.875	0.4512
564.0	0.4496
564.125	0.4496
564.25	0.4473
564.375	0.4457
564.5	0.4481
564.625	0.4504
564.75	0.4481
564.875	0.4465
565.0	0.4457
565.125	0.4433
565.25	0.4433
565.375	0.4418
565.5	0.4426
565.625	0.4418
565.75	0.441
565.875	0.4449
566.0	0.4402
566.125	0.4394
566.25	0.4433
566.375	0.4394
566.5	0.4426
566.625	0.4394
566.75	0.4426
566.875	0.4426
567.0	0.4386
567.125	0.4355
567.25	0.4386
567.375	0.4363
567.5	0.4386
567.625	0.4394
567.75	0.4386
567.875	0.4394
568.0	0.4363
568.125	0.4363
568.25	0.4339
568.375	0.4347
568.5	0.4355
568.625	0.4363
568.75	0.4355
568.875	0.4355
569.0	0.4339
569.125	0.4339
569.25	0.4308
569.375	0.43
569.5	0.4323
569.625	0.4323
569.75	0.4316
569.875	0.4323
570.0	0.43
570.125	0.43
570.25	0.4253
570.375	0.4253
570.5	0.4245
570.625	0.4261
570.75	0.4237
570.875	0.4253
571.0	0.4237
571.125	0.4253
571.25	0.4229
571.375	0.4221
571.5	0.4205
571.625	0.4221
571.75	0.4198
571.875	0.4213
572.0	0.4221
572.125	0.4182
572.25	0.4182
572.375	0.4166
572.5	0.415
572.625	0.4127
572.75	0.415
572.875	0.4158
573.0	0.4174
573.125	0.415
573.25	0.4135
573.375	0.4158
573.5	0.4158
573.625	0.4166
573.75	0.4182
573.875	0.4143
574.0	0.419
574.125	0.4166
574.25	0.415
574.375	0.415
574.5	0.4119
574.625	0.4135
574.75	0.4158
574.875	0.4119
575.0	0.4095
575.125	0.4072
575.25	0.4056
575.375	0.4056
575.5	0.4064
575.625	0.4056
575.75	0.4056
575.875	0.4048
576.0	0.404
576.125	0.4056
576.25	0.4025
576.375	0.4009
576.5	0.4009
576.625	0.4009
576.75	0.4009
576.875	0.4001
577.0	0.4033
577.125	0.4025
577.25	0.4033
577.375	0.4001
577.5	0.4001
577.625	0.4001
577.75	0.4009
577.875	0.4033
578.0	0.3985
578.125	0.3985
578.25	0.4009
578.375	0.3977
578.5	0.3962
578.625	0.4009
578.75	0.3962
578.875	0.3993
579.0	0.3985
579.125	0.3962
579.25	0.3946
579.375	0.3946
579.5	0.393
579.625	0.3946
579.75	0.3938
579.875	0.3922
580.0	0.3907
580.125	0.3915
580.25	0.3915
580.375	0.3915
580.5	0.3891
580.625	0.3867
580.75	0.3875
580.875	0.386
581.0	0.3891
581.125	0.3875
581.25	0.3875
581.375	0.3852
581.5	0.382
581.625	0.386
581.75	0.3867
581.875	0.3875
582.0	0.3852
582.125	0.386
582.25	0.3812
582.375	0.3844
582.5	0.382
582.625	0.382
582.75	0.3828
582.875	0.3797
583.0	0.3805
583.125	0.382
583.25	0.3781
583.375	0.3781
583.5	0.3781
583.625	0.3773
583.75	0.3789
583.875	0.3781
584.0	0.3781
584.125	0.382
584.25	0.3812
584.375	0.3781
584.5	0.3734
584.625	0.3726
584.75	0.3765
584.875	0.3773
585.0	0.3765
585.125	0.3765
585.25	0.3726
585.375	0.3726
585.5	0.3726
585.625	0.371
585.75	0.3726
585.875	0.3718
586.0	0.3726
586.125	0.3679
586.25	0.3671
586.375	0.3687
586.5	0.3671
586.625	0.3663
586.75	0.3632
586.875	0.3663
587.0	0.3663
587.125	0.3679
587.25	0.3718
587.375	0.3632
587.5	0.3608
587.625	0.3639
587.75	0.3679
587.875	0.3616
588.0	0.3584
588.125	0.3608
588.25	0.3608
588.375	0.3624
588.5	0.3608
588.625	0.36
588.75	0.3553
588.875	0.3522
589.0	0.3569
589.125	0.3592
589.25	0.3545
589.375	0.3553
589.5	0.3514
589.625	0.3537
589.75	0.3584
589.875	0.3537
590.0	0.3537
590.125	0.3537
590.25	0.3537
590.375	0.3561
590.5	0.3522
590.625	0.3498
590.75	0.3506
590.875	0.349
591.0	0.3459
591.125	0.3506
591.25	0.3506
591.375	0.3522
591.5	0.349
591.625	0.349
591.75	0.3506
591.875	0.349
592.0	0.3466
592.125	0.3443
592.25	0.3435
592.375	0.3372
592.5	0.3404
592.625	0.3396
592.75	0.3388
592.875	0.3364
593.0	0.3396
593.125	0.338
593.25	0.3388
593.375	0.3325
593.5	0.3349
593.625	0.3356
593.75	0.3349
593.875	0.3333
594.0	0.3341
594.125	0.3349
594.25	0.3301
594.375	0.3294
594.5	0.3349
594.625	0.3333
594.75	0.3301
594.875	0.3309
595.0	0.3309
595.125	0.3309
595.25	0.3301
595.375	0.3349
595.5	0.3309
595.625	0.3278
595.75	0.3254
595.875	0.3238
596.0	0.3207
596.125	0.3207
596.25	0.3215
596.375	0.3183
596.5	0.3223
596.625	0.3223
596.75	0.3199
596.875	0.3199
597.0	0.3215
597.125	0.316
597.25	0.3168
597.375	0.3152
597.5	0.3128
597.625	0.3152
597.75	0.3121
597.875	0.3113
598.0	0.3113
598.125	0.3136
598.25	0.3113
598.375	0.3081
598.5	0.3081
598.625	0.3097
598.75	0.3105
598.875	0.3073
599.0	0.3073
599.125	0.3066
599.25	0.3066
599.375	0.305
599.5	0.3018
599.625	0.3018
599.75	0.3018
599.875	0.3011
600.0	0.3018
600.125	0.3018
600.25	0.3089
600.375	0.3042
600.5	0.3058
600.625	0.3018
600.75	0.2987
600.875	0.2987
601.0	0.2971
601.125	0.2971
601.25	0.2979
601.375	0.2955
601.5	0.2971
601.625	0.2995
601.75	0.3018
601.875	0.2987
602.0	0.2979
602.125	0.2955
602.25	0.2963
602.375	0.2924
602.5	0.294
602.625	0.2955
602.75	0.2932
602.875	0.2932
603.0	0.2924
603.125	0.2924
603.25	0.2924
603.375	0.294
603.5	0.2971
603.625	0.2955
603.75	0.2924
603.875	0.2924
604.0	0.2908
604.125	0.2924
604.25	0.29
604.375	0.2893
604.5	0.2861
604.625	0.2822
604.75	0.2806
604.875	0.2798
605.0	0.2822
605.125	0.2822
605.25	0.2822
605.375	0.283
605.5	0.283
605.625	0.279
605.75	0.283
605.875	0.2814
606.0	0.2814
606.125	0.2814
606.25	0.279
606.375	0.2798
606.5	0.2775
606.625	0.2735
606.75	0.2759
606.875	0.2759
607.0	0.2767
607.125	0.2759
607.25	0.2783
607.375	0.2735
607.5	0.2727
607.625	0.2712
607.75	0.2727
607.875	0.272
608.0	0.2727
608.125	0.272
608.25	0.2696
608.375	0.2672
608.5	0.268
608.625	0.2641
608.75	0.2641
608.875	0.2665
609.0	0.2665
609.125	0.2641
609.25	0.2665
609.375	0.2641
609.5	0.261
609.625	0.2649
609.75	0.261
609.875	0.2594
610.0	0.2617
610.125	0.2617
610.25	0.2594
610.375	0.2586
610.5	0.2602
610.625	0.2594
610.75	0.2578
610.875	0.2562
611.0	0.2547
611.125	0.2555
611.25	0.2547
611.375	0.2539
611.5	0.25
611.625	0.2468
611.75	0.25
611.875	0.2507
612.0	0.25
612.125	0.25
612.25	0.2476
612.375	0.2429
612.5	0.2484
612.625	0.2468
612.75	0.246
612.875	0.2444
613.0	0.2452
613.125	0.2452
613.25	0.2437
613.375	0.2413
613.5	0.2452
613.625	0.2468
613.75	0.2452
613.875	0.2452
614.0	0.2444
614.125	0.2413
614.25	0.2437
614.375	0.2405
614.5	0.2374
614.625	0.2405
614.75	0.2382
614.875	0.2358
615.0	0.235
615.125	0.2319
615.25	0.2311
615.375	0.2264
615.5	0.2264
615.625	0.2264
615.75	0.224
615.875	0.2256
616.0	0.2256
616.125	0.2264
616.25	0.2279
616.375	0.2264
616.5	0.2232
616.625	0.2216
616.75	0.2224
616.875	0.2232
617.0	0.2232
617.125	0.2216
617.25	0.2201
617.375	0.2169
617.5	0.2201
617.625	0.2193
617.75	0.2216
617.875	0.2216
618.0	0.2193
618.125	0.2216
618.25	0.2201
618.375	0.2169
618.5	0.2185
618.625	0.2177
618.75	0.2169
618.875	0.2169
619.0	0.2169
619.125	0.213
619.25	0.2099
619.375	0.2114
619.5	0.2075
619.625	0.2075
619.75	0.2059
619.875	0.2083
620.0	0.213
620.125	0.2091
620.25	0.2067
620.375	0.2059
620.5	0.2106
620.625	0.2075
620.75	0.2075
620.875	0.202
621.0	0.202
621.125	0.2044
621.25	0.2028
621.375	0.1996
621.5	0.1981
621.625	0.1941
621.75	0.1933
621.875	0.1918
622.0	0.1933
622.125	0.1886
622.25	0.1863
622.375	0.1878
622.5	0.1878
622.625	0.1839
622.75	0.1823
622.875	0.1839
623.0	0.1886
623.125	0.191
623.25	0.1871
623.375	0.1902
623.5	0.1886
623.625	0.191
623.75	0.1886
623.875	0.1871
624.0	0.1871
624.125	0.1871
624.25	0.1831
624.375	0.1792
624.5	0.1839
624.625	0.1831
624.75	0.1839
624.875	0.1808
625.0	0.18
625.125	0.1792
625.25	0.1776
625.375	0.18
625.5	0.1768
625.625	0.1737
625.75	0.1768
625.875	0.1737
626.0	0.1713
626.125	0.1698
626.25	0.1713
626.375	0.1658
626.5	0.165
626.625	0.1713
626.75	0.1713
626.875	0.1682
627.0	0.1698
627.125	0.1698
627.25	0.1658
627.375	0.1658
627.5	0.1619
627.625	0.165
627.75	0.1635
627.875	0.1635
628.0	0.1603
628.125	0.1603
628.25	0.1572
628.375	0.1564
628.5	0.1603
628.625	0.1682
628.75	0.1635
628.875	0.1611
629.0	0.1588
629.125	0.1627
629.25	0.1572
629.375	0.1588
629.5	0.1572
629.625	0.158
629.75	0.1595
629.875	0.1595
630.0	0.1564
630.125	0.1611
630.25	0.1556
630.375	0.1525
630.5	0.1611
630.625	0.1611
630.75	0.1603
630.875	0.154
631.0	0.1556
631.125	0.1556
631.25	0.1603
631.375	0.1635
631.5	0.1635
631.625	0.158
631.75	0.1595
631.875	0.1564
632.0	0.1556
632.125	0.1556
632.25	0.1564
632.375	0.1556
632.5	0.1548
632.625	0.1509
632.75	0.1493
632.875	0.1509
633.0	0.1509
633.125	0.1525
633.25	0.1509
633.375	0.1517
633.5	0.1501
633.625	0.147
633.75	0.1477
633.875	0.1454
634.0	0.1462
634.125	0.1454
634.25	0.143
634.375	0.1375
634.5	0.1391
634.625	0.1383
634.75	0.1375
634.875	0.1367
635.0	0.1367
635.125	0.1367
635.25	0.1328
635.375	0.1375
635.5	0.1367
635.625	0.1336
635.75	0.1328
635.875	0.1336
636.0	0.132
636.125	0.132
636.25	0.1312
636.375	0.1297
636.5	0.1297
636.625	0.1312
636.75	0.1305
636.875	0.132
637.0	0.1273
637.125	0.1297
637.25	0.1289
637.375	0.1312
637.5	0.136
637.625	0.1352
637.75	0.132
637.875	0.132
638.0	0.1297
638.125	0.1289
638.25	0.1273
638.375	0.125
638.5	0.1257
638.625	0.1281
638.75	0.1297
638.875	0.1234
639.0	0.1226
639.125	0.121
639.25	0.1218
639.375	0.1226
639.5	0.1234
639.625	0.1226
639.75	0.1257
639.875	0.1234
640.0	0.125
640.125	0.1234
640.25	0.1226
640.375	0.1226
640.5	0.1226
640.625	0.1226
640.75	0.1257
640.875	0.1234
641.0	0.1273
641.125	0.1234
641.25	0.1226
641.375	0.1226
641.5	0.1226
641.625	0.1226
641.75	0.1226
641.875	0.1226
642.0	0.1234
642.125	0.1226
642.25	0.1234
642.375	0.1187
642.5	0.1218
642.625	0.1179
642.75	0.121
642.875	0.1226
643.0	0.1187
643.125	0.1179
643.25	0.1163
643.375	0.1147
643.5	0.1116
643.625	0.1124
643.75	0.1084
643.875	0.11
644.0	0.1077
644.125	0.1084
644.25	0.1061
644.375	0.1061
644.5	0.1029
644.625	0.1069
644.75	0.1037
644.875	0.1022
645.0	0.1029
645.125	0.1006
645.25	0.0966
645.375	0.0982
645.5	0.1006
645.625	0.1022
645.75	0.1014
645.875	0.1006
646.0	0.1014
646.125	0.099
646.25	0.0998
646.375	0.1037
646.5	0.1029
646.625	0.1061
646.75	0.1014
646.875	0.1014
647.0	0.1037
647.125	0.1006
647.25	0.1022
647.375	0.1037
647.5	0.1037
647.625	0.1014
647.75	0.1006
647.875	0.099
648.0	0.099
648.125	0.1014
648.25	0.099
648.375	0.1014
648.5	0.0982
648.625	0.0943
648.75	0.0951
648.875	0.0919
649.0	0.0896
649.125	0.0896
649.25	0.0904
649.375	0.0904
649.5	0.0919
649.625	0.0919
649.75	0.0904
649.875	0.0864
650.0	0.0888
650.125	0.0888
650.25	0.088
650.375	0.0833
650.5	0.0872
650.625	0.0856
650.75	0.0864
650.875	0.0849
651.0	0.0856
651.125	0.088
651.25	0.088
651.375	0.0872
651.5	0.0856
651.625	0.0856
651.75	0.0849
651.875	0.0825
652.0	0.0817
652.125	0.0809
652.25	0.0849
652.375	0.0849
652.5	0.0833
652.625	0.0841
652.75	0.0841
652.875	0.0833
653.0	0.0786
653.125	0.0794
653.25	0.0809
653.375	0.0794
653.5	0.0754
653.625	0.0778
653.75	0.0786
653.875	0.0754
654.0	0.0762
654.125	0.0746
654.25	0.0754
654.375	0.0786
654.5	0.0786
654.625	0.0754
654.75	0.0715
654.875	0.0715
655.0	0.0731
655.125	0.0691
655.25	0.0746
655.375	0.0754
655.5	0.0754
655.625	0.0731
655.75	0.0738
655.875	0.0746
656.0	0.0754
656.125	0.0746
656.25	0.0731
656.375	0.0746
656.5	0.0707
656.625	0.0723
656.75	0.0691
656.875	0.0668
657.0	0.0668
657.125	0.0668
657.25	0.066
657.375	0.0621
657.5	0.0628
657.625	0.0636
657.75	0.0652
657.875	0.0644
658.0	0.0652
658.125	0.0699
658.25	0.0691
658.375	0.066
658.5	0.0668
658.625	0.0699
658.75	0.0707
658.875	0.0691
659.0	0.0683
659.125	0.0683
659.25	0.066
659.375	0.0644
659.5	0.066
659.625	0.0636
659.75	0.0644
659.875	0.0628
660.0	0.0613
660.125	0.0613
660.25	0.0597
660.375	0.0605
660.5	0.0613
660.625	0.0573
660.75	0.055
660.875	0.0566
661.0	0.0581
661.125	0.0589
661.25	0.0613
661.375	0.0589
661.5	0.0613
661.625	0.0613
661.75	0.0597
661.875	0.0566
662.0	0.0597
662.125	0.0566
662.25	0.0558
662.375	0.0589
662.5	0.0534
662.625	0.0542
662.75	0.0558
662.875	0.0566
663.0	0.0581
663.125	0.0573
663.25	0.0566
663.375	0.055
663.5	0.0534
663.625	0.0542
663.75	0.0518
663.875	0.0558
664.0	0.0746
664.125	0.0526
664.25	0.0511
664.375	0.055
664.5	0.0511
664.625	0.0526
664.75	0.0526
664.875	0.0676
665.0	0.0723
665.125	0.0691
665.25	0.0526
665.375	0.0503
665.5	0.0597
665.625	0.0683
665.75	0.0707
665.875	0.0715
666.0	0.0738
666.125	0.0731
666.25	0.0558
666.375	0.0542
666.5	0.0479
666.625	0.0518
666.75	0.0518
666.875	0.0503
667.0	0.0471
667.125	0.0471
667.25	0.0471
667.375	0.0471
667.5	0.044
667.625	0.0463
667.75	0.0479
667.875	0.0471
668.0	0.0448
668.125	0.0471
668.25	0.0479
668.375	0.0558
668.5	0.0432
668.625	0.0424
668.75	0.04
668.875	0.04
669.0	0.0424
669.125	0.0369
669.25	0.033
669.375	0.0377
669.5	0.0361
669.625	0.0377
669.75	0.0393
669.875	0.0393
670.0	0.0424
670.125	0.0369
670.25	0.0408
670.375	0.0424
670.5	0.04
670.625	0.044
670.75	0.0424
670.875	0.0416
671.0	0.0361
671.125	0.0369
671.25	0.0369
671.375	0.0338
671.5	0.0338
671.625	0.0369
671.75	0.0463
671.875	0.033
672.0	0.033
672.125	0.0314
672.25	0.055
672.375	0.0542
672.5	0.0581
672.625	0.0597
672.75	0.0463
672.875	0.0495
673.0	0.044
673.125	0.0424
673.25	0.033
673.375	0.0306
673.5	0.033
673.625	0.033
673.75	0.0345
673.875	0.0338
674.0	0.0275
674.125	0.0322
674.25	0.0353
674.375	0.0361
674.5	0.0345
674.625	0.0306
674.75	0.0455
674.875	0.0424
675.0	0.0314
675.125	0.029
675.25	0.0283
675.375	0.0275
675.5	0.0259
675.625	0.0353
675.75	0.04
675.875	0.0416
676.0	0.0432
676.125	0.0243
676.25	0.0243
676.375	0.0259
676.5	0.0283
676.625	0.0267
676.75	0.0283
676.875	0.0275
677.0	0.0235
677.125	0.0243
677.25	0.022
677.375	0.0243
677.5	0.0243
677.625	0.0235
677.75	0.0251
677.875	0.0243
678.0	0.0227
678.125	0.0204
678.25	0.0204
678.375	0.022
678.5	0.0196
678.625	0.0196
678.75	0.0204
678.875	0.055
679.0	0.0235
679.125	0.0471
679.25	0.0471
679.375	0.0432
679.5	0.04
679.625	0.0471
679.75	0.0432
679.875	0.0487
680.0	0.0455
680.125	0.0432
680.25	0.0165
680.375	0.0212
680.5	0.0172
680.625	0.0172
680.75	0.0172
680.875	0.0141
681.0	0.0172
681.125	0.018
681.25	0.018
681.375	0.0188
681.5	0.0165
681.625	0.0141
681.75	0.0141
681.875	0.0149
682.0	0.0133
682.125	0.0133
682.25	0.0235
682.375	0.0141
682.5	0.0117
682.625	0.0102
682.75	0.011
682.875	0.0094
683.0	0.0094
683.125	0.0094
683.25	0.0078
683.375	0.0062
683.5	0.0078
683.625	0.0102
683.75	0.0094
683.875	0.011
684.0	0.011
684.125	0.0133
684.25	0.0227
684.375	0.0149
684.5	0.0133
684.625	0.011
684.75	0.0094
684.875	0.0212
685.0	0.044
685.125	0.0432
685.25	0.011
685.375	0.0172
685.5	0.0275
685.625	0.0227
685.75	0.0259
685.875	0.0235
686.0	0.0172
686.125	0.0047
686.25	0.0078
686.375	0.0062
686.5	0.007
686.625	0.0062
686.75	0.0078
686.875	0.0078
687.0	0.0055
687.125	0.0125
687.25	0.0165
687.375	0.0141
687.5	0.0141
687.625	0.0149
687.75	0.0141
687.875	0.011
688.0	0.011
688.125	0.0094
688.25	0.0102
688.375	0.0133
688.5	0.0055
688.625	0.0047
688.75	0.0133
688.875	0.0188
689.0	0.0047
689.125	0.0212
689.25	0.0243
689.375	0.0212
689.5	0.018
689.625	0.0267
689.75	0.0227
689.875	0.0157
690.0	0.0212
690.125	0.0212
690.25	0.022
690.375	0.018
690.5	0.0157
690.625	0.0172
690.75	0.0172
690.875	0.0172
691.0	0.0149
691.125	0.0227
691.25	0.0204
691.375	0.0235
691.5	0.0259
691.625	0.0204
691.75	0.0165
691.875	0.0172
692.0	0.0212
692.125	0.0188
692.25	0.0212
692.375	0.0055
692.5	0.033
692.625	0.0172
692.75	0.0117
692.875	0.0141
693.0	0.0094
693.125	0.0094
693.25	0.0094
693.375	0.0117
693.5	0.011
693.625	0.0102
693.75	0.0117
693.875	0.0125
694.0	0.0416
694.125	0.055
694.25	0.0117
694.375	0.0141
694.5	0.0298
694.625	0.018
694.75	0.0149
694.875	0.0094
695.0	0.0125
695.125	0.0141
695.25	0.0149
695.375	0.011
695.5	0.0141
695.625	0.0117
695.75	0.0133
695.875	0.011
696.0	0.0102
696.125	0.0102
696.25	0.0141
696.375	0.0165
696.5	0.011
696.625	0.0031
696.75	0.0086
696.875	0.0094
697.0	0.011
697.125	0.0125
697.25	0.011
697.375	0.0149
697.5	0.011
697.625	0.011
697.75	0.0117
697.875	0.0141
698.0	0.0125
698.125	0.0117
698.25	0.0157
698.375	0.0172
698.5	0.0212
698.625	0.0227
698.75	0.0227
698.875	0.0188
699.0	0.0212
699.125	0.0243
699.25	0.0212
699.375	0.0267
699.5	0.0235
699.625	0.0251
699.75	0.0235
699.875	0.0251
