350.0	0.0235
350.125	0.0227
350.25	0.0212
350.375	0.0212
350.5	0.0196
350.625	0.0251
350.75	0.0306
350.875	0.0235
351.0	0.022
351.125	0.0227
351.25	0.0165
351.375	0.0204
351.5	0.0188
351.625	0.0188
351.75	0.0172
351.875	0.0196
352.0	0.0204
352.125	0.0188
352.25	0.0196
352.375	0.0196
352.5	0.0212
352.625	0.022
352.75	0.022
352.875	0.0212
353.0	0.0235
353.125	0.0235
353.25	0.0227
353.375	0.022
353.5	0.0251
353.625	0.0251
353.75	0.018
353.875	0.0157
354.0	0.0149
354.125	0.0149
354.25	0.0157
354.375	0.0196
354.5	0.0133
354.625	0.0172
354.75	0.0172
354.875	0.0188
355.0	0.0141
355.125	0.0141
355.25	0.0165
355.375	0.0165
355.5	0.018
355.625	0.0188
355.75	0.0165
355.875	0.0149
356.0	0.0141
356.125	0.0141
356.25	0.0157
356.375	0.0157
356.5	0.0157
356.625	0.0141
356.75	0.0165
356.875	0.018
357.0	0.0117
357.125	0.0188
357.25	0.018
357.375	0.018
357.5	0.0165
357.625	0.0133
357.75	0.0157
357.875	0.0188
358.0	0.0117
358.125	0.0094
358.25	0.0078
358.375	0.0133
358.5	0.0141
358.625	0.0172
358.75	0.0196
358.875	0.0188
359.0	0.0188
359.125	0.0188
359.25	0.0157
359.375	0.018
359.5	0.0188
359.625	0.018
359.75	0.0188
359.875	0.0196
360.0	0.018
360.125	0.0157
360.25	0.0172
360.375	0.0172
360.5	0.0149
360.625	0.0157
360.75	0.0188
360.875	0.0149
361.0	0.0188
361.125	0.0172
361.25	0.0165
361.375	0.018
361.5	0.0157
361.625	0.018
361.75	0.0133
361.875	0.0188
362.0	0.0188
362.125	0.018
362.25	0.0188
362.375	0.0196
362.5	0.022
362.625	0.0204
362.75	0.0188
362.875	0.0188
363.0	0.0196
363.125	0.0188
363.25	0.0188
363.375	0.0212
363.5	0.022
363.625	0.0196
363.75	0.0204
363.875	0.0188
364.0	0.0204
364.125	0.0212
364.25	0.022
364.375	0.022
364.5	0.0212
364.625	0.022
364.75	0.0251
364.875	0.0251
365.0	0.0204
365.125	0.0227
365.25	0.0204
365.375	0.0212
365.5	0.0212
365.625	0.022
365.75	0.022
365.875	0.0235
366.0	0.0141
366.125	0.0141
366.25	0.0149
366.375	0.0125
366.5	0.018
366.625	0.018
366.75	0.0212
366.875	0.018
367.0	0.018
367.125	0.0165
367.25	0.0157
367.375	0.0125
367.5	0.0141
367.625	0.0086
367.75	0.0117
367.875	0.0125
368.0	0.0149
368.125	0.0188
368.25	0.0172
368.375	0.018
368.5	0.0157
368.625	0.0172
368.75	0.0188
368.875	0.0188
369.0	0.0165
369.125	0.0212
369.25	0.0204
369.375	0.0125
369.5	0.0125
369.625	0.0141
369.75	0.0157
369.875	0.0102
370.0	0.0149
370.125	0.0165
370.25	0.0172
370.375	0.0165
370.5	0.0141
370.625	0.0125
370.75	0.0141
370.875	0.0235
371.0	0.0235
371.125	0.022
371.25	0.0235
371.375	0.0196
371.5	0.022
371.625	0.0227
371.75	0.0235
371.875	0.0251
372.0	0.0267
372.125	0.0283
372.25	0.0275
372.375	0.0235
372.5	0.0212
372.625	0.0227
372.75	0.0196
372.875	0.0172
373.0	0.0196
373.125	0.0235
373.25	0.0235
373.375	0.0251
373.5	0.0259
373.625	0.0275
373.75	0.0251
373.875	0.0212
374.0	0.0235
374.125	0.0259
374.25	0.0235
374.375	0.0188
374.5	0.0188
374.625	0.0188
374.75	0.0204
374.875	0.0188
375.0	0.0235
375.125	0.0204
375.25	0.0204
375.375	0.0204
375.5	0.0196
375.625	0.018
375.75	0.0196
375.875	0.018
376.0	0.0188
376.125	0.018
376.25	0.0227
376.375	0.0212
376.5	0.0204
376.625	0.0204
376.75	0.0188
376.875	0.018
377.0	0.0157
377.125	0.0149
377.25	0.0149
377.375	0.0172
377.5	0.0172
377.625	0.0172
377.75	0.0157
377.875	0.0165
378.0	0.018
378.125	0.0141
378.25	0.018
378.375	0.0188
378.5	0.0165
378.625	0.0149
378.75	0.0204
378.875	0.022
379.0	0.0196
379.125	0.0188
379.25	0.0157
379.375	0.0188
379.5	0.0188
379.625	0.0243
379.75	0.0251
379.875	0.0251
380.0	0.0235
380.125	0.0243
380.25	0.0243
380.375	0.0235
380.5	0.0251
380.625	0.0267
380.75	0.0243
380.875	0.0259
381.0	0.0235
381.125	0.0227
381.25	0.0212
381.375	0.0227
381.5	0.0235
381.625	0.0235
381.75	0.0227
381.875	0.0243
382.0	0.0227
382.125	0.0235
382.25	0.0235
382.375	0.0235
382.5	0.0235
382.625	0.022
382.75	0.0188
382.875	0.0243
383.0	0.0243
383.125	0.0275
383.25	0.0283
383.375	0.0259
383.5	0.0275
383.625	0.0227
383.75	0.0259
383.875	0.0275
384.0	0.0267
384.125	0.0251
384.25	0.0275
384.375	0.0259
384.5	0.0259
384.625	0.0283
384.75	0.0283
384.875	0.0235
385.0	0.0235
385.125	0.0235
385.25	0.0251
385.375	0.0251
385.5	0.0212
385.625	0.0188
385.75	0.0196
385.875	0.0235
386.0	0.0235
386.125	0.0235
386.25	0.0227
386.375	0.018
386.5	0.022
386.625	0.022
386.75	0.0172
386.875	0.0188
387.0	0.0188
387.125	0.0157
387.25	0.018
387.375	0.018
387.5	0.018
387.625	0.0188
387.75	0.018
387.875	0.022
388.0	0.0188
388.125	0.0235
388.25	0.0235
388.375	0.0267
388.5	0.0259
388.625	0.0235
388.75	0.0283
388.875	0.0283
389.0	0.0283
389.125	0.029
389.25	0.0298
389.375	0.029
389.5	0.0275
389.625	0.0283
389.75	0.0267
389.875	0.0283
390.0	0.0267
390.125	0.0235
390.25	0.0267
390.375	0.022
390.5	0.0267
390.625	0.0267
390.75	0.0157
390.875	0.0188
391.0	0.018
391.125	0.0188
391.25	0.018
391.375	0.0188
391.5	0.0165
391.625	0.0196
391.75	0.0188
391.875	0.0188
392.0	0.018
392.125	0.0157
392.25	0.0094
392.375	0.011
392.5	0.0133
392.625	0.0149
392.75	0.0172
392.875	0.0172
393.0	0.0141
393.125	0.0165
393.25	0.0141
393.375	0.0117
393.5	0.0141
393.625	0.0133
393.75	0.0141
393.875	0.0172
394.0	0.0141
394.125	0.0165
394.25	0.0149
394.375	0.0157
394.5	0.0149
394.625	0.0149
394.75	0.0188
394.875	0.0165
395.0	0.0165
395.125	0.0149
395.25	0.0165
395.375	0.0157
395.5	0.0157
395.625	0.0149
395.75	0.0172
395.875	0.0157
396.0	0.0149
396.125	0.0141
396.25	0.0157
396.375	0.0235
396.5	0.0188
396.625	0.0188
396.75	0.0212
396.875	0.0212
397.0	0.0227
397.125	0.0243
397.25	0.0243
397.375	0.0227
397.5	0.0235
397.625	0.0267
397.75	0.0267
397.875	0.0259
398.0	0.0251
398.125	0.0251
398.25	0.0267
398.375	0.0267
398.5	0.0243
398.625	0.0275
398.75	0.029
398.875	0.0267
399.0	0.0243
399.125	0.022
399.25	0.0251
399.375	0.0243
399.5	0.0259
399.625	0.0251
399.75	0.0267
399.875	0.0235
400.0	0.0235
400.125	0.0259
400.25	0.0283
400.375	0.0259
400.5	0.0227
400.625	0.0235
400.75	0.0259
400.875	0.0283
401.0	0.0306
401.125	0.029
401.25	0.0298
401.375	0.0314
401.5	0.0298
401.625	0.0283
401.75	0.0283
401.875	0.0283
402.0	0.0314
402.125	0.0314
402.25	0.0322
402.375	0.033
402.5	0.0322
402.625	0.0283
402.75	0.0283
402.875	0.0306
403.0	0.0283
403.125	0.0283
403.25	0.0298
403.375	0.0267
403.5	0.0283
403.625	0.0283
403.75	0.0283
403.875	0.0283
404.0	0.0251
404.125	0.0283
404.25	0.0306
404.375	0.0306
404.5	0.0314
404.625	0.0275
404.75	0.0267
404.875	0.0259
405.0	0.0283
405.125	0.0298
405.25	0.0275
405.375	0.0235
405.5	0.0283
405.625	0.0259
405.75	0.022
405.875	0.0188
406.0	0.0188
406.125	0.0188
406.25	0.0204
406.375	0.0196
406.5	0.0212
406.625	0.0165
406.75	0.0188
406.875	0.0188
407.0	0.0165
407.125	0.0196
407.25	0.022
407.375	0.0243
407.5	0.0227
407.625	0.0259
407.75	0.0243
407.875	0.0235
408.0	0.022
408.125	0.0212
408.25	0.0227
408.375	0.0235
408.5	0.0275
408.625	0.022
408.75	0.0227
408.875	0.0235
409.0	0.0298
409.125	0.0251
409.25	0.0267
409.375	0.0235
409.5	0.0283
409.625	0.0267
409.75	0.0283
409.875	0.033
410.0	0.0338
410.125	0.0314
410.25	0.0283
410.375	0.0298
410.5	0.0306
410.625	0.0306
410.75	0.0306
410.875	0.0314
411.0	0.0345
411.125	0.0377
411.25	0.0361
411.375	0.0377
411.5	0.0361
411.625	0.033
411.75	0.0369
411.875	0.0393
412.0	0.0385
412.125	0.0377
412.25	0.0408
412.375	0.0393
412.5	0.0377
412.625	0.0408
412.75	0.0424
412.875	0.0424
413.0	0.0471
413.125	0.0471
413.25	0.0471
413.375	0.0471
413.5	0.0463
413.625	0.0463
413.75	0.0463
413.875	0.0487
414.0	0.0471
414.125	0.0495
414.25	0.0511
414.375	0.0573
414.5	0.0566
414.625	0.0573
414.75	0.0566
414.875	0.0597
415.0	0.0613
415.125	0.0621
415.25	0.0589
415.375	0.0628
415.5	0.0683
415.625	0.0668
415.75	0.0613
415.875	0.0652
416.0	0.0676
416.125	0.066
416.25	0.0613
416.375	0.0621
416.5	0.0691
416.625	0.0683
416.75	0.0699
416.875	0.066
417.0	0.0754
417.125	0.0715
417.25	0.0754
417.375	0.0786
417.5	0.0786
417.625	0.0841
417.75	0.0841
417.875	0.0864
418.0	0.088
418.125	0.0935
418.25	0.0943
418.375	0.0935
418.5	0.0935
418.625	0.0943
418.75	0.1006
418.875	0.099
419.0	0.0998
419.125	0.1037
419.25	0.1061
419.375	0.11
419.5	0.1132
419.625	0.1155
419.75	0.1179
419.875	0.1194
420.0	0.1194
420.125	0.1194
420.25	0.1226
420.375	0.1234
420.5	0.125
420.625	0.1289
420.75	0.1328
420.875	0.1375
421.0	0.1383
421.125	0.1422
421.25	0.1446
421.375	0.1446
421.5	0.147
421.625	0.1485
421.75	0.1509
421.875	0.1556
422.0	0.1572
422.125	0.1572
422.25	0.1595
422.375	0.1643
422.5	0.1666
422.625	0.1698
422.75	0.1729
422.875	0.1784
423.0	0.1808
423.125	0.1839
423.25	0.1871
423.375	0.1902
423.5	0.1926
423.625	0.1933
423.75	0.2012
423.875	0.2051
424.0	0.2099
424.125	0.2122
424.25	0.2193
424.375	0.2216
424.5	0.2264
424.625	0.2311
424.75	0.2358
424.875	0.235
425.0	0.2397
425.125	0.2484
425.25	0.2515
425.375	0.2547
425.5	0.2625
425.625	0.2641
425.75	0.2704
425.875	0.2735
426.0	0.2775
426.125	0.2877
426.25	0.2908
426.375	0.2948
426.5	0.2979
426.625	0.3097
426.75	0.3152
426.875	0.3183
427.0	0.3246
427.125	0.3286
427.25	0.3349
427.375	0.3396
427.5	0.3474
427.625	0.3561
427.75	0.3592
427.875	0.3679
428.0	0.3663
428.125	0.3702
428.25	0.3742
428.375	0.382
428.5	0.3867
428.625	0.3915
428.75	0.3962
428.875	0.3962
429.0	0.404
429.125	0.4088
429.25	0.4095
429.375	0.4103
429.5	0.4143
429.625	0.4229
429.75	0.4213
429.875	0.4245
430.0	0.4292
430.125	0.4316
430.25	0.4363
430.375	0.4347
430.5	0.4418
430.625	0.4481
430.75	0.4496
430.875	0.4481
431.0	0.452
431.125	0.4544
431.25	0.4559
431.375	0.4606
431.5	0.4622
431.625	0.4669
431.75	0.4669
431.875	0.4709
432.0	0.4732
432.125	0.4811
432.25	0.4803
432.375	0.4811
432.5	0.4819
432.625	0.4866
432.75	0.4913
432.875	0.4913
433.0	0.4937
433.125	0.496
433.25	0.4976
433.375	0.4984
433.5	0.5031
433.625	0.5031
433.75	0.5023
433.875	0.507
434.0	0.5125
434.125	0.5117
434.25	0.5094
434.375	0.5117
434.5	0.5141
434.625	0.5117
434.75	0.5149
434.875	0.5133
435.0	0.5141
435.125	0.5133
435.25	0.5125
435.375	0.5157
435.5	0.5149
435.625	0.5141
435.75	0.5141
435.875	0.5094
436.0	0.5094
436.125	0.5094
436.25	0.5094
436.375	0.5078
436.5	0.5055
436.625	0.5023
436.75	0.496
436.875	0.4952
437.0	0.4905
437.125	0.4866
437.25	0.4779
437.375	0.4764
437.5	0.4732
437.625	0.4677
437.75	0.463
437.875	0.4575
438.0	0.4544
438.125	0.4441
438.25	0.4418
438.375	0.4339
438.5	0.43
438.625	0.4213
438.75	0.415
438.875	0.4111
439.0	0.404
439.125	0.4017
439.25	0.3946
439.375	0.3883
439.5	0.3797
439.625	0.3742
439.75	0.3679
439.875	0.375
440.0	0.3639
440.125	0.3561
440.25	0.349
440.375	0.3396
440.5	0.3278
440.625	0.3294
440.75	0.3231
440.875	0.3207
441.0	0.316
441.125	0.3113
441.25	0.3042
441.375	0.3003
441.5	0.2955
441.625	0.2916
441.75	0.2885
441.875	0.2845
442.0	0.2806
442.125	0.2743
442.25	0.2735
442.375	0.2665
442.5	0.261
442.625	0.2594
442.75	0.257
442.875	0.2523
443.0	0.2484
443.125	0.2452
443.25	0.2421
443.375	0.235
443.5	0.2327
443.625	0.2342
443.75	0.2311
443.875	0.2303
444.0	0.235
444.125	0.2319
444.25	0.2264
444.375	0.2216
444.5	0.2169
444.625	0.2154
444.75	0.2122
444.875	0.2114
445.0	0.2083
445.125	0.2114
445.25	0.2114
445.375	0.2051
445.5	0.2083
445.625	0.2075
445.75	0.2044
445.875	0.2059
446.0	0.2051
446.125	0.2091
446.25	0.2122
446.375	0.2114
446.5	0.2169
446.625	0.2169
446.75	0.2169
446.875	0.2154
447.0	0.2099
447.125	0.2122
447.25	0.2122
447.375	0.2099
447.5	0.2114
447.625	0.2083
447.75	0.2083
447.875	0.2075
448.0	0.2067
448.125	0.2044
448.25	0.2051
448.375	0.2044
448.5	0.1996
448.625	0.1918
448.75	0.191
448.875	0.1941
449.0	0.1926
449.125	0.1863
449.25	0.1886
449.375	0.1918
449.5	0.1894
449.625	0.1847
449.75	0.1839
449.875	0.1855
450.0	0.18
450.125	0.1823
450.25	0.1839
450.375	0.1839
450.5	0.1808
450.625	0.1713
450.75	0.169
450.875	0.1713
451.0	0.1682
451.125	0.1643
451.25	0.165
451.375	0.1674
451.5	0.1682
451.625	0.165
451.75	0.1635
451.875	0.1603
452.0	0.165
452.125	0.158
452.25	0.1588
452.375	0.1548
452.5	0.1525
452.625	0.1517
452.75	0.1415
452.875	0.1446
453.0	0.1438
453.125	0.1454
453.25	0.143
453.375	0.1438
453.5	0.1446
453.625	0.1454
453.75	0.1446
453.875	0.1462
454.0	0.1415
454.125	0.1391
454.25	0.1391
454.375	0.1399
454.5	0.1367
454.625	0.1352
454.75	0.1352
454.875	0.1344
455.0	0.1336
455.125	0.136
455.25	0.1336
455.375	0.1312
455.5	0.1328
455.625	0.1305
455.75	0.132
455.875	0.1297
456.0	0.1312
456.125	0.1312
456.25	0.1273
456.375	0.1257
456.5	0.125
456.625	0.1226
456.75	0.1171
456.875	0.1179
457.0	0.1139
457.125	0.1139
457.25	0.1155
457.375	0.1147
457.5	0.1132
457.625	0.1116
457.75	0.1037
457.875	0.1053
458.0	0.1061
458.125	0.1053
458.25	0.1014
458.375	0.0951
458.5	0.0998
458.625	0.0959
458.75	0.0966
458.875	0.0966
459.0	0.0959
459.125	0.0935
459.25	0.0943
459.375	0.0919
459.5	0.0943
459.625	0.088
459.75	0.0888
459.875	0.0896
460.0	0.0856
460.125	0.0833
460.25	0.0872
460.375	0.0809
460.5	0.0841
460.625	0.0888
460.75	0.0849
460.875	0.0833
461.0	0.0849
461.125	0.0864
461.25	0.0888
461.375	0.0856
461.5	0.0849
461.625	0.0817
461.75	0.0825
461.875	0.0849
462.0	0.0872
462.125	0.088
462.25	0.0872
462.375	0.0856
462.5	0.0849
462.625	0.0833
462.75	0.0825
462.875	0.0809
463.0	0.0794
463.125	0.0754
463.25	0.0778
463.375	0.0762
463.5	0.0754
463.625	0.0754
463.75	0.077
463.875	0.077
464.0	0.0762
464.125	0.0754
464.25	0.0738
464.375	0.0731
464.5	0.0707
464.625	0.0762
464.75	0.0786
464.875	0.0778
465.0	0.077
465.125	0.0762
465.25	0.0762
465.375	0.0762
465.5	0.0754
465.625	0.0746
465.75	0.0731
465.875	0.0762
466.0	0.0754
466.125	0.0754
466.25	0.0754
466.375	0.0715
466.5	0.0707
466.625	0.0707
466.75	0.0707
466.875	0.0731
467.0	0.0707
467.125	0.0731
467.25	0.0723
467.375	0.0707
467.5	0.0621
467.625	0.0668
467.75	0.0636
467.875	0.0676
468.0	0.066
468.125	0.0676
468.25	0.0676
468.375	0.0644
468.5	0.0644
468.625	0.0621
468.75	0.0628
468.875	0.0605
469.0	0.0621
469.125	0.0652
469.25	0.0613
469.375	0.0628
469.5	0.0636
469.625	0.0597
469.75	0.0628
469.875	0.0589
470.0	0.0605
470.125	0.0597
470.25	0.0605
470.375	0.0566
470.5	0.0605
470.625	0.0636
470.75	0.0644
470.875	0.066
471.0	0.0597
471.125	0.0613
471.25	0.0613
471.375	0.0652
471.5	0.0542
471.625	0.0589
471.75	0.0581
471.875	0.055
472.0	0.0534
472.125	0.0542
472.25	0.055
472.375	0.0589
472.5	0.0566
472.625	0.0573
472.75	0.0566
472.875	0.0566
473.0	0.0573
473.125	0.0558
473.25	0.0566
473.375	0.0589
473.5	0.0589
473.625	0.0581
473.75	0.0566
473.875	0.0581
474.0	0.0581
474.125	0.0597
474.25	0.0589
474.375	0.0605
474.5	0.0621
474.625	0.0636
474.75	0.066
474.875	0.066
475.0	0.066
475.125	0.0636
475.25	0.0636
475.375	0.0613
475.5	0.0613
475.625	0.0573
475.75	0.0597
475.875	0.0566
476.0	0.0581
476.125	0.0573
476.25	0.0597
476.375	0.0644
476.5	0.0597
476.625	0.0621
476.75	0.066
476.875	0.0644
477.0	0.0628
477.125	0.0605
477.25	0.0589
477.375	0.0621
477.5	0.0597
477.625	0.0636
477.75	0.0613
477.875	0.0644
478.0	0.0621
478.125	0.0605
478.25	0.0613
478.375	0.0589
478.5	0.0613
478.625	0.0605
478.75	0.0613
478.875	0.0573
479.0	0.0597
479.125	0.0566
479.25	0.0573
479.375	0.0597
479.5	0.0605
479.625	0.0613
479.75	0.0628
479.875	0.066
480.0	0.0644
480.125	0.0613
480.25	0.0636
480.375	0.0636
480.5	0.0644
480.625	0.066
480.75	0.066
480.875	0.0636
481.0	0.0644
481.125	0.066
481.25	0.0699
481.375	0.0652
481.5	0.066
481.625	0.0668
481.75	0.0699
481.875	0.0738
482.0	0.0731
482.125	0.0754
482.25	0.0754
482.375	0.0746
482.5	0.0762
482.625	0.0762
482.75	0.0738
482.875	0.0786
483.0	0.0762
483.125	0.0746
483.25	0.0746
483.375	0.0754
483.5	0.0801
483.625	0.0786
483.75	0.0825
483.875	0.0809
484.0	0.0817
484.125	0.0794
484.25	0.0841
484.375	0.0778
484.5	0.0841
484.625	0.0841
484.75	0.0833
484.875	0.0856
485.0	0.0856
485.125	0.0856
485.25	0.0864
485.375	0.088
485.5	0.0896
485.625	0.0943
485.75	0.1297
485.875	0.1234
486.0	0.1218
486.125	0.0974
486.25	0.099
486.375	0.0982
486.5	0.1006
486.625	0.0966
486.75	0.1029
486.875	0.1014
487.0	0.0943
487.125	0.0974
487.25	0.099
487.375	0.0951
487.5	0.0849
487.625	0.0943
487.75	0.1006
487.875	0.1029
488.0	0.1037
488.125	0.0998
488.25	0.0959
488.375	0.1029
488.5	0.1037
488.625	0.0966
488.75	0.099
488.875	0.1053
489.0	0.1037
489.125	0.1029
489.25	0.1084
489.375	0.1084
489.5	0.1084
489.625	0.11
489.75	0.1132
489.875	0.1139
490.0	0.1171
490.125	0.1132
490.25	0.1132
490.375	0.1163
490.5	0.121
490.625	0.121
490.75	0.1226
490.875	0.1234
491.0	0.1273
491.125	0.1297
491.25	0.1257
491.375	0.125
491.5	0.1281
491.625	0.1289
491.75	0.1281
491.875	0.1312
492.0	0.132
492.125	0.1305
492.25	0.1336
492.375	0.1375
492.5	0.1352
492.625	0.1336
492.75	0.1336
492.875	0.1415
493.0	0.1391
493.125	0.1446
493.25	0.143
493.375	0.143
493.5	0.1462
493.625	0.1462
493.75	0.1462
493.875	0.1462
494.0	0.1485
494.125	0.1493
494.25	0.1525
494.375	0.1501
494.5	0.1485
494.625	0.1485
494.75	0.1493
494.875	0.1477
495.0	0.1501
495.125	0.1501
495.25	0.154
495.375	0.1595
495.5	0.1564
495.625	0.1595
495.75	0.1564
495.875	0.1564
496.0	0.1588
496.125	0.158
496.25	0.1643
496.375	0.1635
496.5	0.1635
496.625	0.1627
496.75	0.1627
496.875	0.1643
497.0	0.1666
497.125	0.1658
497.25	0.1643
497.375	0.1611
497.5	0.1698
497.625	0.1721
497.75	0.1682
497.875	0.1698
498.0	0.1713
498.125	0.1729
498.25	0.1768
498.375	0.1792
498.5	0.1784
498.625	0.1768
498.75	0.1776
498.875	0.1792
499.0	0.18
499.125	0.1792
499.25	0.1823
499.375	0.1847
499.5	0.1886
499.625	0.1886
499.75	0.1886
499.875	0.1863
500.0	0.1902
500.125	0.1894
500.25	0.1926
500.375	0.1933
500.5	0.1957
500.625	0.1981
500.75	0.1988
500.875	0.1981
501.0	0.1981
501.125	0.2028
501.25	0.2036
501.375	0.2036
501.5	0.2067
501.625	0.2059
501.75	0.2028
501.875	0.2075
502.0	0.2051
502.125	0.2051
502.25	0.2059
502.375	0.2044
502.5	0.2091
502.625	0.2091
502.75	0.2083
502.875	0.2114
503.0	0.213
503.125	0.2169
503.25	0.2154
503.375	0.2138
503.5	0.2099
503.625	0.213
503.75	0.2146
503.875	0.2161
504.0	0.2161
504.125	0.2169
504.25	0.2169
504.375	0.2161
504.5	0.2161
504.625	0.2146
504.75	0.2169
504.875	0.2177
505.0	0.2169
505.125	0.2201
505.25	0.2177
505.375	0.2177
505.5	0.2193
505.625	0.2209
505.75	0.2216
505.875	0.2232
506.0	0.2216
506.125	0.2216
506.25	0.2232
506.375	0.2185
506.5	0.2193
506.625	0.2161
506.75	0.2161
506.875	0.2193
507.0	0.2224
507.125	0.2209
507.25	0.2201
507.375	0.2193
507.5	0.2185
507.625	0.2177
507.75	0.2201
507.875	0.2224
508.0	0.2209
508.125	0.2209
508.25	0.2185
508.375	0.2169
508.5	0.2201
508.625	0.2209
508.75	0.2185
508.875	0.2209
509.0	0.224
509.125	0.2264
509.25	0.2248
509.375	0.2256
509.5	0.2264
509.625	0.2264
509.75	0.2264
509.875	0.2264
510.0	0.2256
510.125	0.2264
510.25	0.2303
510.375	0.2311
510.5	0.2311
510.625	0.2295
510.75	0.2279
510.875	0.2224
511.0	0.2224
511.125	0.2264
511.25	0.2264
511.375	0.224
511.5	0.2224
511.625	0.2248
511.75	0.2209
511.875	0.2224
512.0	0.2177
512.125	0.2248
512.25	0.2256
512.375	0.2264
512.5	0.2201
512.625	0.2216
512.75	0.2224
512.875	0.2216
513.0	0.2209
513.125	0.2201
513.25	0.2154
513.375	0.2248
513.5	0.2232
513.625	0.2256
513.75	0.224
513.875	0.2185
514.0	0.2209
514.125	0.2216
514.25	0.2185
514.375	0.2185
514.5	0.2146
514.625	0.2177
514.75	0.2232
514.875	0.2232
515.0	0.2209
515.125	0.2193
515.25	0.2193
515.375	0.2216
515.5	0.2216
515.625	0.2216
515.75	0.2256
515.875	0.2224
516.0	0.2264
516.125	0.2264
516.25	0.2248
516.375	0.2248
516.5	0.2224
516.625	0.2193
516.75	0.2146
516.875	0.2209
517.0	0.2216
517.125	0.2216
517.25	0.2201
517.375	0.2185
517.5	0.2169
517.625	0.2216
517.75	0.2154
517.875	0.2177
518.0	0.2146
518.125	0.2106
518.25	0.2138
518.375	0.2138
518.5	0.2138
518.625	0.2169
518.75	0.2169
518.875	0.2185
519.0	0.2193
519.125	0.2177
519.25	0.2154
519.375	0.2122
519.5	0.2114
519.625	0.2075
519.75	0.2099
519.875	0.2161
520.0	0.2138
520.125	0.2114
520.25	0.2083
520.375	0.2106
520.5	0.2114
520.625	0.2028
520.75	0.2036
520.875	0.2012
521.0	0.2012
521.125	0.1996
521.25	0.1988
521.375	0.2012
521.5	0.2004
521.625	0.2012
521.75	0.1973
521.875	0.1957
522.0	0.1933
522.125	0.191
522.25	0.1918
522.375	0.1886
522.5	0.1902
522.625	0.1886
522.75	0.1926
522.875	0.1878
523.0	0.1823
523.125	0.1847
523.25	0.1886
523.375	0.191
523.5	0.1902
523.625	0.1886
523.75	0.1894
523.875	0.1863
524.0	0.1847
524.125	0.1863
524.25	0.1792
524.375	0.1776
524.5	0.1792
524.625	0.1792
524.75	0.1745
524.875	0.1745
525.0	0.1784
525.125	0.1886
525.25	0.1839
525.375	0.1839
525.5	0.1831
525.625	0.1816
525.75	0.1816
525.875	0.1713
526.0	0.1768
526.125	0.1816
526.25	0.1792
526.375	0.1816
526.5	0.1816
526.625	0.1808
526.75	0.18
526.875	0.1753
527.0	0.1745
527.125	0.1761
527.25	0.1792
527.375	0.1721
527.5	0.1705
527.625	0.1674
527.75	0.1674
527.875	0.165
528.0	0.1698
528.125	0.1674
528.25	0.1682
528.375	0.1643
528.5	0.165
528.625	0.1611
528.75	0.1643
528.875	0.1619
529.0	0.1595
529.125	0.1572
529.25	0.1611
529.375	0.1556
529.5	0.1548
529.625	0.1564
529.75	0.1533
529.875	0.154
530.0	0.1525
530.125	0.1572
530.25	0.1548
530.375	0.1509
530.5	0.1501
530.625	0.1477
530.75	0.1477
530.875	0.1493
531.0	0.147
531.125	0.1454
531.25	0.1493
531.375	0.1501
531.5	0.1501
531.625	0.1407
531.75	0.1415
531.875	0.1422
532.0	0.143
532.125	0.143
532.25	0.147
532.375	0.1399
532.5	0.1446
532.625	0.147
532.75	0.1501
532.875	0.1493
533.0	0.1485
533.125	0.1422
533.25	0.1422
533.375	0.143
533.5	0.1415
533.625	0.1383
533.75	0.1415
533.875	0.1367
534.0	0.1391
534.125	0.1352
534.25	0.1383
534.375	0.1352
534.5	0.1367
534.625	0.132
534.75	0.136
534.875	0.1367
535.0	0.1328
535.125	0.1328
535.25	0.1352
535.375	0.1289
535.5	0.1305
535.625	0.132
535.75	0.1273
535.875	0.1305
536.0	0.1265
536.125	0.1234
536.25	0.1242
536.375	0.1179
536.5	0.1234
536.625	0.1179
536.75	0.121
536.875	0.1163
537.0	0.1171
537.125	0.1163
537.25	0.1132
537.375	0.1092
537.5	0.11
537.625	0.1155
537.75	0.1171
537.875	0.1132
538.0	0.1187
538.125	0.1202
538.25	0.1147
538.375	0.1116
538.5	0.1092
538.625	0.1077
538.75	0.1037
538.875	0.1092
539.0	0.1132
539.125	0.1132
539.25	0.1124
539.375	0.1084
539.5	0.1061
539.625	0.1022
539.75	0.1045
539.875	0.1029
540.0	0.1037
540.125	0.11
540.25	0.1124
540.375	0.1061
540.5	0.1029
540.625	0.099
540.75	0.1037
540.875	0.1069
541.0	0.1069
541.125	0.1053
541.25	0.1014
541.375	0.0998
541.5	0.099
541.625	0.1022
541.75	0.1053
541.875	0.1037
542.0	0.1045
542.125	0.1037
542.25	0.1014
542.375	0.1037
542.5	0.1006
542.625	0.0998
542.75	0.1037
542.875	0.1022
543.0	0.0959
543.125	0.099
543.25	0.1014
543.375	0.1014
543.5	0.1022
543.625	0.1006
543.75	0.0998
543.875	0.0982
544.0	0.0959
544.125	0.0888
544.25	0.0927
544.375	0.0943
544.5	0.0943
544.625	0.0982
544.75	0.088
544.875	0.0864
545.0	0.0896
545.125	0.088
545.25	0.0864
545.375	0.0849
545.5	0.0856
545.625	0.0935
545.75	0.0927
545.875	0.0919
546.0	0.0841
546.125	0.0888
546.25	0.0935
546.375	0.0943
546.5	0.0919
546.625	0.088
546.75	0.088
546.875	0.088
547.0	0.088
547.125	0.0904
547.25	0.0849
547.375	0.0849
547.5	0.0856
547.625	0.0841
547.75	0.0896
547.875	0.0888
548.0	0.088
548.125	0.088
548.25	0.0841
548.375	0.0762
548.5	0.0738
548.625	0.0754
548.75	0.0754
548.875	0.0754
549.0	0.0754
549.125	0.0754
549.25	0.0731
549.375	0.0746
549.5	0.077
549.625	0.0801
549.75	0.0872
549.875	0.0864
550.0	0.0801
550.125	0.0778
550.25	0.0778
550.375	0.0849
550.5	0.0849
550.625	0.0864
550.75	0.0801
550.875	0.0864
551.0	0.0762
551.125	0.0801
551.25	0.0801
551.375	0.0754
551.5	0.0746
551.625	0.0778
551.75	0.0731
551.875	0.0738
552.0	0.0723
552.125	0.0801
552.25	0.0723
552.375	0.0723
552.5	0.0762
552.625	0.0778
552.75	0.0707
552.875	0.0754
553.0	0.0754
553.125	0.0778
553.25	0.0746
553.375	0.0817
553.5	0.0841
553.625	0.0801
553.75	0.0801
553.875	0.0817
554.0	0.077
554.125	0.0746
554.25	0.0754
554.375	0.0731
554.5	0.077
554.625	0.0817
554.75	0.0809
554.875	0.0809
555.0	0.0801
555.125	0.077
555.25	0.0809
555.375	0.0715
555.5	0.077
555.625	0.0794
555.75	0.0833
555.875	0.0809
556.0	0.0707
556.125	0.0715
556.25	0.0809
556.375	0.077
556.5	0.0746
556.625	0.0738
556.75	0.0754
556.875	0.0833
557.0	0.0864
557.125	0.0833
557.25	0.0754
557.375	0.0762
557.5	0.0817
557.625	0.0809
557.75	0.0794
557.875	0.0801
558.0	0.077
558.125	0.0801
558.25	0.0809
558.375	0.0817
558.5	0.0786
558.625	0.077
558.75	0.0707
558.875	0.0754
559.0	0.0746
559.125	0.0841
559.25	0.0888
559.375	0.0896
559.5	0.0888
559.625	0.0872
559.75	0.088
559.875	0.0856
560.0	0.0849
560.125	0.0841
560.25	0.0888
560.375	0.0856
560.5	0.0801
560.625	0.0809
560.75	0.0801
560.875	0.0786
561.0	0.0778
561.125	0.0778
561.25	0.0754
561.375	0.077
561.5	0.0778
561.625	0.0801
561.75	0.0801
561.875	0.0738
562.0	0.0715
562.125	0.0731
562.25	0.0723
562.375	0.0738
562.5	0.0794
562.625	0.0762
562.75	0.077
562.875	0.0723
563.0	0.077
563.125	0.0786
563.25	0.0794
563.375	0.0801
563.5	0.0801
563.625	0.0778
563.75	0.0762
563.875	0.0731
564.0	0.0762
564.125	0.0738
564.25	0.0746
564.375	0.0754
564.5	0.0731
564.625	0.0754
564.75	0.0778
564.875	0.0809
565.0	0.0825
565.125	0.0794
565.25	0.0801
565.375	0.077
565.5	0.0762
565.625	0.0754
565.75	0.0738
565.875	0.0754
566.0	0.0762
566.125	0.077
566.25	0.077
566.375	0.0778
566.5	0.077
566.625	0.0762
566.75	0.077
566.875	0.0817
567.0	0.0731
567.125	0.0715
567.25	0.077
567.375	0.077
567.5	0.0738
567.625	0.0707
567.75	0.0723
567.875	0.0691
568.0	0.0683
568.125	0.0762
568.25	0.077
568.375	0.0801
568.5	0.0778
568.625	0.0801
568.75	0.0754
568.875	0.0754
569.0	0.0754
569.125	0.0754
569.25	0.0738
569.375	0.0715
569.5	0.0707
569.625	0.0707
569.75	0.0699
569.875	0.0723
570.0	0.0715
570.125	0.0738
570.25	0.0738
570.375	0.0738
570.5	0.0707
570.625	0.0707
570.75	0.0676
570.875	0.0621
571.0	0.0636
571.125	0.0691
571.25	0.0723
571.375	0.0683
571.5	0.066
571.625	0.0668
571.75	0.0668
571.875	0.0668
572.0	0.0628
572.125	0.0668
572.25	0.0676
572.375	0.066
572.5	0.066
572.625	0.0683
572.75	0.0683
572.875	0.066
573.0	0.0683
573.125	0.0676
573.25	0.0668
573.375	0.0691
573.5	0.0723
573.625	0.0731
573.75	0.0715
573.875	0.0754
574.0	0.0715
574.125	0.0738
574.25	0.0715
574.375	0.0683
574.5	0.0676
574.625	0.0707
574.75	0.0676
574.875	0.0668
575.0	0.0668
575.125	0.0683
575.25	0.0676
575.375	0.066
575.5	0.066
575.625	0.0636
575.75	0.0676
575.875	0.0699
576.0	0.0676
576.125	0.066
576.25	0.0699
576.375	0.0644
576.5	0.0683
576.625	0.0644
576.75	0.0621
576.875	0.0636
577.0	0.0621
577.125	0.0636
577.25	0.0644
577.375	0.0628
577.5	0.0613
577.625	0.0621
577.75	0.0621
577.875	0.0613
578.0	0.0613
578.125	0.0613
578.25	0.0613
578.375	0.0597
578.5	0.0558
578.625	0.0534
578.75	0.0566
578.875	0.0542
579.0	0.0534
579.125	0.0558
579.25	0.0526
579.375	0.0581
579.5	0.0573
579.625	0.0573
579.75	0.0573
579.875	0.0589
580.0	0.0597
580.125	0.0605
580.25	0.0605
580.375	0.0597
580.5	0.0581
580.625	0.0566
580.75	0.0589
580.875	0.0566
581.0	0.0534
581.125	0.0566
581.25	0.055
581.375	0.0566
581.5	0.055
581.625	0.0589
581.75	0.0613
581.875	0.0542
582.0	0.0526
582.125	0.0534
582.25	0.0589
582.375	0.0581
582.5	0.0566
582.625	0.055
582.75	0.0542
582.875	0.0534
583.0	0.0518
583.125	0.055
583.25	0.0566
583.375	0.0566
583.5	0.0566
583.625	0.0621
583.75	0.0652
583.875	0.066
584.0	0.0707
584.125	0.0731
584.25	0.0794
584.375	0.0801
584.5	0.0833
584.625	0.0896
584.75	0.0919
584.875	0.0959
585.0	0.0982
585.125	0.1014
585.25	0.1069
585.375	0.1084
585.5	0.11
585.625	0.11
585.75	0.1132
585.875	0.1147
586.0	0.1179
586.125	0.1163
586.25	0.1116
586.375	0.11
586.5	0.1045
586.625	0.1045
586.75	0.1022
586.875	0.1014
587.0	0.099
587.125	0.0951
587.25	0.0943
587.375	0.0927
587.5	0.0919
587.625	0.0872
587.75	0.0872
587.875	0.0904
588.0	0.0943
588.125	0.099
588.25	0.0998
588.375	0.1061
588.5	0.1202
588.625	0.1312
588.75	0.1383
588.875	0.1477
589.0	0.1564
589.125	0.1588
589.25	0.1674
589.375	0.1784
589.5	0.1871
589.625	0.1981
589.75	0.1996
589.875	0.2028
590.0	0.2106
590.125	0.2106
590.25	0.2122
590.375	0.2146
590.5	0.2154
590.625	0.2114
590.75	0.2075
590.875	0.1926
591.0	0.1847
591.125	0.1808
591.25	0.1682
591.375	0.1682
591.5	0.1627
591.625	0.1556
591.75	0.1477
591.875	0.1367
592.0	0.1289
592.125	0.1155
592.25	0.1077
592.375	0.1006
592.5	0.0966
592.625	0.0904
592.75	0.0841
592.875	0.0794
593.0	0.0738
593.125	0.0731
593.25	0.0683
593.375	0.066
593.5	0.0613
593.625	0.0636
593.75	0.0613
593.875	0.0605
594.0	0.0573
594.125	0.0573
594.25	0.0589
594.375	0.0636
594.5	0.0613
594.625	0.0573
594.75	0.0597
594.875	0.0605
595.0	0.0597
595.125	0.0628
595.25	0.0676
595.375	0.0676
595.5	0.0644
595.625	0.0676
595.75	0.0691
595.875	0.0668
596.0	0.0668
596.125	0.0676
596.25	0.066
596.375	0.0644
596.5	0.0636
596.625	0.0613
596.75	0.0605
596.875	0.0597
597.0	0.0589
597.125	0.0573
597.25	0.0605
597.375	0.0628
597.5	0.0597
597.625	0.0621
597.75	0.0628
597.875	0.0613
598.0	0.0597
598.125	0.0558
598.25	0.0581
598.375	0.0566
598.5	0.0526
598.625	0.0511
598.75	0.0511
598.875	0.0518
599.0	0.0495
599.125	0.0511
599.25	0.0526
599.375	0.0518
599.5	0.0573
599.625	0.0542
599.75	0.0503
599.875	0.055
600.0	0.0542
600.125	0.0542
600.25	0.0573
600.375	0.0558
600.5	0.0511
600.625	0.0558
600.75	0.0511
600.875	0.0518
601.0	0.0534
601.125	0.0566
601.25	0.0597
601.375	0.0621
601.5	0.0644
601.625	0.0589
601.75	0.0621
601.875	0.0597
602.0	0.0566
602.125	0.0581
602.25	0.0518
602.375	0.0542
602.5	0.0542
602.625	0.0558
602.75	0.0566
602.875	0.0589
603.0	0.0589
603.125	0.0542
603.25	0.0589
603.375	0.0613
603.5	0.0636
603.625	0.066
603.75	0.0613
603.875	0.0566
604.0	0.0628
604.125	0.0628
604.25	0.066
604.375	0.0707
604.5	0.0683
604.625	0.0723
604.75	0.0731
604.875	0.0754
605.0	0.0809
605.125	0.0864
605.25	0.0911
605.375	0.1014
605.5	0.1116
605.625	0.1257
605.75	0.1407
605.875	0.1485
606.0	0.1666
606.125	0.1871
606.25	0.2051
606.375	0.2201
606.5	0.2397
606.625	0.268
606.75	0.2845
606.875	0.3011
607.0	0.3144
607.125	0.3309
607.25	0.3349
607.375	0.3459
607.5	0.3529
607.625	0.3584
607.75	0.3616
607.875	0.3608
608.0	0.3561
608.125	0.3522
608.25	0.3443
608.375	0.3356
608.5	0.3223
608.625	0.3066
608.75	0.29
608.875	0.2727
609.0	0.257
609.125	0.2405
609.25	0.2256
609.375	0.2161
609.5	0.2004
609.625	0.1863
609.75	0.1784
609.875	0.1705
610.0	0.1666
610.125	0.1635
610.25	0.1666
610.375	0.1658
610.5	0.1705
610.625	0.1729
610.75	0.1831
610.875	0.1886
611.0	0.1957
611.125	0.2067
611.25	0.2138
611.375	0.2201
611.5	0.2193
611.625	0.2248
611.75	0.2303
611.875	0.2342
612.0	0.2374
612.125	0.2327
612.25	0.2248
612.375	0.2264
612.5	0.2201
612.625	0.2114
612.75	0.1988
612.875	0.1941
613.0	0.1816
613.125	0.1753
613.25	0.1595
613.375	0.1509
613.5	0.1375
613.625	0.1289
613.75	0.1179
613.875	0.1092
614.0	0.099
614.125	0.0911
614.25	0.0856
614.375	0.0762
614.5	0.0707
614.625	0.0621
614.75	0.0597
614.875	0.0566
615.0	0.0495
615.125	0.0487
615.25	0.0463
615.375	0.044
615.5	0.0369
615.625	0.0385
615.75	0.0393
615.875	0.0385
616.0	0.0338
616.125	0.0353
616.25	0.0345
616.375	0.033
616.5	0.0322
616.625	0.0306
616.75	0.0275
616.875	0.0235
617.0	0.0235
617.125	0.0298
617.25	0.0267
617.375	0.0235
617.5	0.0283
617.625	0.0283
617.75	0.0243
617.875	0.0251
618.0	0.0251
618.125	0.0283
618.25	0.0283
618.375	0.029
618.5	0.033
618.625	0.0283
618.75	0.0251
618.875	0.0235
619.0	0.0227
619.125	0.0227
619.25	0.0227
619.375	0.0283
619.5	0.0235
619.625	0.0267
619.75	0.0275
619.875	0.0275
620.0	0.0283
620.125	0.0267
620.25	0.0283
620.375	0.0259
620.5	0.0235
620.625	0.0235
620.75	0.0251
620.875	0.0235
621.0	0.0227
621.125	0.0243
621.25	0.0235
621.375	0.0259
621.5	0.0243
621.625	0.0235
621.75	0.0283
621.875	0.0259
622.0	0.0283
622.125	0.0314
622.25	0.029
622.375	0.0306
622.5	0.033
622.625	0.0353
622.75	0.04
622.875	0.0416
623.0	0.0424
623.125	0.0471
623.25	0.0518
623.375	0.0566
623.5	0.0589
623.625	0.0613
623.75	0.0652
623.875	0.0699
624.0	0.0707
624.125	0.0668
624.25	0.0699
624.375	0.0668
624.5	0.0683
624.625	0.0676
624.75	0.0691
624.875	0.0699
625.0	0.0676
625.125	0.0652
625.25	0.0636
625.375	0.0628
625.5	0.0652
625.625	0.0605
625.75	0.0566
625.875	0.0558
626.0	0.0534
626.125	0.0526
626.25	0.0471
626.375	0.044
626.5	0.0479
626.625	0.0432
626.75	0.04
626.875	0.0385
627.0	0.0393
627.125	0.0385
627.25	0.04
627.375	0.04
627.5	0.0393
627.625	0.0377
627.75	0.0338
627.875	0.0361
628.0	0.0361
628.125	0.0385
628.25	0.0369
628.375	0.033
628.5	0.0338
628.625	0.0416
628.75	0.0377
628.875	0.0408
629.0	0.0369
629.125	0.0369
629.25	0.0361
629.375	0.0353
629.5	0.0243
629.625	0.0283
629.75	0.0314
629.875	0.0314
630.0	0.0322
630.125	0.0306
630.25	0.033
630.375	0.029
630.5	0.0322
630.625	0.033
630.75	0.033
630.875	0.0314
631.0	0.033
631.125	0.033
631.25	0.0361
631.375	0.0377
631.5	0.0306
631.625	0.0338
631.75	0.0353
631.875	0.0361
632.0	0.0353
632.125	0.0345
632.25	0.029
632.375	0.033
632.5	0.0322
632.625	0.033
632.75	0.0338
632.875	0.033
633.0	0.0314
633.125	0.0275
633.25	0.033
633.375	0.0353
633.5	0.033
633.625	0.0345
633.75	0.0345
633.875	0.0298
634.0	0.033
634.125	0.0275
634.25	0.0243
634.375	0.0275
634.5	0.029
634.625	0.029
634.75	0.033
634.875	0.0298
635.0	0.0306
635.125	0.0314
635.25	0.0298
635.375	0.0314
635.5	0.0322
635.625	0.0314
635.75	0.0322
635.875	0.0314
636.0	0.0306
636.125	0.0322
636.25	0.0267
636.375	0.0251
636.5	0.0306
636.625	0.0306
636.75	0.0298
636.875	0.0251
637.0	0.0306
637.125	0.0243
637.25	0.0251
637.375	0.0259
637.5	0.0283
637.625	0.0322
637.75	0.0377
637.875	0.0345
638.0	0.0298
638.125	0.0283
638.25	0.0322
638.375	0.0314
638.5	0.029
638.625	0.0345
638.75	0.0275
638.875	0.0283
639.0	0.029
639.125	0.033
639.25	0.0322
639.375	0.0345
639.5	0.033
639.625	0.033
639.75	0.0314
639.875	0.0298
640.0	0.0314
640.125	0.0283
640.25	0.0283
640.375	0.0306
640.5	0.0322
640.625	0.0314
640.75	0.0298
640.875	0.0306
641.0	0.0283
641.125	0.0235
641.25	0.0204
641.375	0.0188
641.5	0.0172
641.625	0.0204
641.75	0.0235
641.875	0.0204
642.0	0.0259
642.125	0.0275
642.25	0.0283
642.375	0.0283
642.5	0.0306
642.625	0.0235
642.75	0.0212
642.875	0.0275
643.0	0.0243
643.125	0.0235
643.25	0.0212
643.375	0.0188
643.5	0.0125
643.625	0.0157
643.75	0.0204
643.875	0.022
644.0	0.0188
644.125	0.0212
644.25	0.0243
644.375	0.0235
644.5	0.0188
644.625	0.0196
644.75	0.0227
644.875	0.0204
645.0	0.0212
645.125	0.0227
645.25	0.0283
645.375	0.0251
645.5	0.0227
645.625	0.0267
645.75	0.0275
645.875	0.0251
646.0	0.0306
646.125	0.0251
646.25	0.0243
646.375	0.0243
646.5	0.0275
646.625	0.029
646.75	0.0283
646.875	0.0322
647.0	0.0322
647.125	0.0353
647.25	0.0314
647.375	0.0314
647.5	0.0306
647.625	0.033
647.75	0.0267
647.875	0.0267
648.0	0.0235
648.125	0.0227
648.25	0.0259
648.375	0.0204
648.5	0.0243
648.625	0.0259
648.75	0.0235
648.875	0.0212
649.0	0.0212
649.125	0.0235
649.25	0.022
649.375	0.0196
649.5	0.018
649.625	0.0188
649.75	0.018
649.875	0.0204
650.0	0.0204
650.125	0.0196
650.25	0.0188
650.375	0.0243
650.5	0.0188
650.625	0.018
650.75	0.0251
650.875	0.0149
651.0	0.0212
651.125	0.0212
651.25	0.0196
651.375	0.0243
651.5	0.0188
651.625	0.0172
651.75	0.0235
651.875	0.022
652.0	0.0141
652.125	0.0125
652.25	0.0235
652.375	0.0243
652.5	0.0259
652.625	0.022
652.75	0.018
652.875	0.0141
653.0	0.0125
653.125	0.011
653.25	0.0157
653.375	0.0165
653.5	0.0094
653.625	0.0172
653.75	0.0196
653.875	0.0243
654.0	0.0235
654.125	0.0204
654.25	0.018
654.375	0.0172
654.5	0.0149
654.625	0.0149
654.75	0.0204
654.875	0.0188
655.0	0.0165
655.125	0.0196
655.25	0.018
655.375	0.0227
655.5	0.0235
655.625	0.0165
655.75	0.0172
655.875	0.018
656.0	0.0133
656.125	0.0102
656.25	0.0062
656.375	0.0055
656.5	0.0141
656.625	0.0196
656.75	0.0204
656.875	0.0283
657.0	0.0235
657.125	0.0188
657.25	0.0267
657.375	0.0267
657.5	0.0212
657.625	0.0212
657.75	0.0227
657.875	0.0141
658.0	0.011
658.125	0.0149
658.25	0.0196
658.375	0.018
658.5	0.0196
658.625	0.0172
658.75	0.0165
658.875	0.0196
659.0	0.0196
659.125	0.018
659.25	0.0165
659.375	0.0133
659.5	0.0188
659.625	0.0165
659.75	0.0188
659.875	0.0196
660.0	0.0212
660.125	0.018
660.25	0.0188
660.375	0.0149
660.5	0.0212
660.625	0.0204
660.75	0.0212
660.875	0.0188
661.0	0.0172
661.125	0.0117
661.25	0.0141
661.375	0.0078
661.5	0.0094
661.625	0.0078
661.75	0.0102
661.875	0.0141
662.0	0.0086
662.125	0.0117
662.25	0.0141
662.375	0.0125
662.5	0.0062
662.625	0.0102
662.75	0.007
662.875	0.0086
663.0	0.0086
663.125	0.0141
663.25	0.0133
663.375	0.011
663.5	0.0102
663.625	0.0102
663.75	0.0094
663.875	0.0117
664.0	0.0125
664.125	0.0165
664.25	0.0078
664.375	0.0141
664.5	0.018
664.625	0.0141
664.75	0.0165
664.875	0.0125
665.0	0.0141
665.125	0.018
665.25	0.022
665.375	0.022
665.5	0.0188
665.625	0.0227
665.75	0.0172
665.875	0.0188
666.0	0.0188
666.125	0.0188
666.25	0.0204
666.375	0.0188
666.5	0.0227
666.625	0.018
666.75	0.0188
666.875	0.0204
667.0	0.0212
667.125	0.0196
667.25	0.018
667.375	0.0196
667.5	0.0204
667.625	0.022
667.75	0.0196
667.875	0.0188
668.0	0.0125
668.125	0.0141
668.25	0.0165
668.375	0.018
668.5	0.0196
668.625	0.0235
668.75	0.0227
668.875	0.022
669.0	0.0243
669.125	0.0259
669.25	0.0212
669.375	0.0235
669.5	0.0275
669.625	0.0259
669.75	0.0251
669.875	0.0227
670.0	0.0235
670.125	0.0188
670.25	0.022
670.375	0.0235
670.5	0.0196
670.625	0.0172
670.75	0.018
670.875	0.0188
671.0	0.018
671.125	0.022
671.25	0.022
671.375	0.0212
671.5	0.0235
671.625	0.0235
671.75	0.0227
671.875	0.0188
672.0	0.0212
672.125	0.0188
672.25	0.0188
672.375	0.0157
672.5	0.0157
672.625	0.0149
672.75	0.011
672.875	0.0157
673.0	0.0165
673.125	0.0204
673.25	0.0188
673.375	0.0196
673.5	0.0172
673.625	0.0165
673.75	0.0157
673.875	0.0188
674.0	0.0196
674.125	0.0188
674.25	0.0204
674.375	0.0188
674.5	0.0165
674.625	0.0141
674.75	0.0102
674.875	0.0149
675.0	0.0149
675.125	0.0133
675.25	0.0172
675.375	0.018
675.5	0.018
675.625	0.0188
675.75	0.0212
675.875	0.0204
676.0	0.0165
676.125	0.0172
676.25	0.0188
676.375	0.0172
676.5	0.0141
676.625	0.0157
676.75	0.0141
676.875	0.011
677.0	0.0125
677.125	0.0188
677.25	0.0141
677.375	0.0157
677.5	0.0141
677.625	0.0133
677.75	0.0102
677.875	0.0125
678.0	0.0125
678.125	0.018
678.25	0.0196
678.375	0.0188
678.5	0.018
678.625	0.0141
678.75	0.018
678.875	0.0172
679.0	0.0188
679.125	0.0125
679.25	0.0172
679.375	0.0172
679.5	0.0165
679.625	0.018
679.75	0.0188
679.875	0.0172
680.0	0.0172
680.125	0.0188
680.25	0.018
680.375	0.0149
680.5	0.018
680.625	0.0149
680.75	0.0141
680.875	0.0188
681.0	0.0165
681.125	0.0149
681.25	0.0149
681.375	0.0125
681.5	0.0141
681.625	0.0157
681.75	0.0172
681.875	0.0157
682.0	0.022
682.125	0.0235
682.25	0.0259
682.375	0.0267
682.5	0.0251
682.625	0.0251
682.75	0.0227
682.875	0.022
683.0	0.0235
683.125	0.0212
683.25	0.0212
683.375	0.0243
683.5	0.0227
683.625	0.0204
683.75	0.0188
683.875	0.0243
684.0	0.0204
684.125	0.0235
684.25	0.0259
684.375	0.0267
684.5	0.0235
684.625	0.0212
684.75	0.0235
684.875	0.0235
685.0	0.0227
685.125	0.0235
685.25	0.0275
685.375	0.029
685.5	0.0251
685.625	0.0259
685.75	0.0259
685.875	0.0283
686.0	0.0275
686.125	0.0267
686.25	0.029
686.375	0.029
686.5	0.0267
686.625	0.029
686.75	0.0283
686.875	0.0283
687.0	0.0283
687.125	0.0306
687.25	0.029
687.375	0.0298
687.5	0.0259
687.625	0.0283
687.75	0.0283
687.875	0.029
688.0	0.0283
688.125	0.0235
688.25	0.0235
688.375	0.022
688.5	0.0283
688.625	0.018
688.75	0.0165
688.875	0.018
689.0	0.0165
689.125	0.0204
689.25	0.0188
689.375	0.0204
689.5	0.0196
689.625	0.0196
689.75	0.0196
689.875	0.022
690.0	0.0235
690.125	0.022
690.25	0.0235
690.375	0.0188
690.5	0.0188
690.625	0.0212
690.75	0.0188
690.875	0.0188
691.0	0.0212
691.125	0.0196
691.25	0.0188
691.375	0.0204
691.5	0.018
691.625	0.0172
691.75	0.0172
691.875	0.0196
692.0	0.0188
692.125	0.0204
692.25	0.0196
692.375	0.022
692.5	0.0196
692.625	0.0172
692.75	0.018
692.875	0.0188
693.0	0.0149
693.125	0.0196
693.25	0.0172
693.375	0.0188
693.5	0.0259
693.625	0.0227
693.75	0.0235
693.875	0.0251
694.0	0.0275
694.125	0.0251
694.25	0.0283
694.375	0.0314
694.5	0.0204
694.625	0.0204
694.75	0.0196
694.875	0.0196
695.0	0.022
695.125	0.0204
695.25	0.022
695.375	0.022
695.5	0.0204
695.625	0.0204
695.75	0.0235
695.875	0.0212
696.0	0.0149
696.125	0.0243
696.25	0.0212
696.375	0.018
696.5	0.0188
696.625	0.0212
696.75	0.0212
696.875	0.0157
697.0	0.0188
697.125	0.022
697.25	0.0259
697.375	0.0243
697.5	0.0235
697.625	0.0243
697.75	0.0235
697.875	0.0251
698.0	0.0251
698.125	0.0259
698.25	0.0227
698.375	0.022
698.5	0.0259
698.625	0.0283
698.75	0.0345
698.875	0.0361
699.0	0.0353
699.125	0.0463
699.25	0.0338
699.375	0.0416
699.5	0.0275
699.625	0.0188
699.75	0.0188
699.875	0.0393
