350.0	0.0982
350.125	0.0959
350.25	0.0833
350.375	0.0959
350.5	0.099
350.625	0.0809
350.75	0.0959
350.875	0.0959
351.0	0.0943
351.125	0.0943
351.25	0.0951
351.375	0.0951
351.5	0.088
351.625	0.0754
351.75	0.077
351.875	0.0738
352.0	0.0731
352.125	0.0707
352.25	0.0715
352.375	0.0691
352.5	0.0849
352.625	0.0738
352.75	0.0723
352.875	0.0731
353.0	0.0794
353.125	0.0715
353.25	0.0731
353.375	0.0738
353.5	0.0738
353.625	0.0699
353.75	0.0754
353.875	0.0746
354.0	0.0754
354.125	0.0754
354.25	0.077
354.375	0.0762
354.5	0.0801
354.625	0.0904
354.75	0.0888
354.875	0.0904
355.0	0.0786
355.125	0.0919
355.25	0.0904
355.375	0.0896
355.5	0.0723
355.625	0.0794
355.75	0.0746
355.875	0.0754
356.0	0.0723
356.125	0.0731
356.25	0.0746
356.375	0.0754
356.5	0.077
356.625	0.0825
356.75	0.0825
356.875	0.0794
357.0	0.0715
357.125	0.0723
357.25	0.0731
357.375	0.0754
357.5	0.0754
357.625	0.0754
357.75	0.0754
357.875	0.0738
358.0	0.0723
358.125	0.0754
358.25	0.0754
358.375	0.0738
358.5	0.0754
358.625	0.0754
358.75	0.0754
358.875	0.0762
359.0	0.0746
359.125	0.0754
359.25	0.0778
359.375	0.0754
359.5	0.0746
359.625	0.0754
359.75	0.0754
359.875	0.0738
360.0	0.0817
360.125	0.0888
360.25	0.0754
360.375	0.0754
360.5	0.0754
360.625	0.0754
360.75	0.0754
360.875	0.0754
361.0	0.0754
361.125	0.0738
361.25	0.0738
361.375	0.0738
361.5	0.0754
361.625	0.077
361.75	0.0738
361.875	0.0754
362.0	0.0754
362.125	0.077
362.25	0.0801
362.375	0.0825
362.5	0.0841
362.625	0.077
362.75	0.0833
362.875	0.0856
363.0	0.0817
363.125	0.0849
363.25	0.0801
363.375	0.0825
363.5	0.0809
363.625	0.0904
363.75	0.0927
363.875	0.0935
364.0	0.0919
364.125	0.0904
364.25	0.0904
364.375	0.0888
364.5	0.0888
364.625	0.0896
364.75	0.0935
364.875	0.0911
365.0	0.0911
365.125	0.0896
365.25	0.0927
365.375	0.0935
365.5	0.0935
365.625	0.0943
365.75	0.0935
365.875	0.0896
366.0	0.0896
366.125	0.0911
366.25	0.0927
366.375	0.0943
366.5	0.0959
366.625	0.1045
366.75	0.1006
366.875	0.1006
367.0	0.0982
367.125	0.0951
367.25	0.0919
367.375	0.0896
367.5	0.0888
367.625	0.0872
367.75	0.0935
367.875	0.0951
368.0	0.0919
368.125	0.0872
368.25	0.1077
368.375	0.1045
368.5	0.0927
368.625	0.0919
368.75	0.0896
368.875	0.0911
369.0	0.0959
369.125	0.0935
369.25	0.0974
369.375	0.0935
369.5	0.0896
369.625	0.0998
369.75	0.1053
369.875	0.1006
370.0	0.1061
370.125	0.1069
370.25	0.1045
370.375	0.1006
370.5	0.1022
370.625	0.1029
370.75	0.099
370.875	0.0943
371.0	0.0974
371.125	0.0896
371.25	0.0919
371.375	0.0943
371.5	0.0974
371.625	0.0935
371.75	0.0951
371.875	0.0959
372.0	0.0998
372.125	0.099
372.25	0.1037
372.375	0.0951
372.5	0.0998
372.625	0.0982
372.75	0.0982
372.875	0.0998
373.0	0.0919
373.125	0.0982
373.25	0.0911
373.375	0.0904
373.5	0.0943
373.625	0.0919
373.75	0.0935
373.875	0.088
374.0	0.0974
374.125	0.0982
374.25	0.0966
374.375	0.099
374.5	0.1014
374.625	0.0951
374.75	0.0951
374.875	0.099
375.0	0.1053
375.125	0.099
375.25	0.0982
375.375	0.0911
375.5	0.0982
375.625	0.1006
375.75	0.1037
375.875	0.0982
376.0	0.1069
376.125	0.1037
376.25	0.1061
376.375	0.1061
376.5	0.1077
376.625	0.1147
376.75	0.1037
376.875	0.1037
377.0	0.0935
377.125	0.0959
377.25	0.099
377.375	0.1084
377.5	0.1061
377.625	0.1037
377.75	0.1014
377.875	0.1045
378.0	0.0966
378.125	0.0966
378.25	0.0982
378.375	0.1029
378.5	0.0974
378.625	0.0998
378.75	0.1061
378.875	0.1014
379.0	0.1053
379.125	0.099
379.25	0.0904
379.375	0.1022
379.5	0.1045
379.625	0.1037
379.75	0.1045
379.875	0.1242
380.0	0.1124
380.125	0.11
380.25	0.1234
380.375	0.1179
380.5	0.1077
380.625	0.1077
380.75	0.1006
380.875	0.1053
381.0	0.1029
381.125	0.1077
381.25	0.099
381.375	0.1029
381.5	0.1022
381.625	0.1155
381.75	0.1037
381.875	0.0911
382.0	0.0982
382.125	0.0998
382.25	0.099
382.375	0.1006
382.5	0.1037
382.625	0.1045
382.75	0.1069
382.875	0.0998
383.0	0.0974
383.125	0.0998
383.25	0.1022
383.375	0.1037
383.5	0.1053
383.625	0.1006
383.75	0.1037
383.875	0.1061
384.0	0.1257
384.125	0.1155
384.25	0.1069
384.375	0.1242
384.5	0.099
384.625	0.0966
384.75	0.0943
384.875	0.0951
385.0	0.0951
385.125	0.0974
385.25	0.0919
385.375	0.0966
385.5	0.0982
385.625	0.0951
385.75	0.0935
385.875	0.0943
386.0	0.0896
386.125	0.0904
386.25	0.0951
386.375	0.0943
386.5	0.0943
386.625	0.0935
386.75	0.099
386.875	0.0974
387.0	0.1053
387.125	0.1069
387.25	0.0998
387.375	0.1037
387.5	0.1084
387.625	0.1147
387.75	0.11
387.875	0.1092
388.0	0.1171
388.125	0.1155
388.25	0.1336
388.375	0.1234
388.5	0.121
388.625	0.1045
388.75	0.1084
388.875	0.0982
389.0	0.1006
389.125	0.1006
389.25	0.099
389.375	0.0998
389.5	0.1029
389.625	0.1022
389.75	0.0959
389.875	0.1014
390.0	0.1053
390.125	0.1029
390.25	0.1124
390.375	0.1045
390.5	0.1061
390.625	0.1069
390.75	0.1155
390.875	0.1124
391.0	0.1092
391.125	0.1077
391.25	0.1132
391.375	0.1108
391.5	0.1163
391.625	0.1108
391.75	0.1139
391.875	0.1234
392.0	0.1375
392.125	0.1281
392.25	0.1336
392.375	0.1257
392.5	0.1375
392.625	0.1383
392.75	0.1273
392.875	0.1281
393.0	0.1367
393.125	0.147
393.25	0.1485
393.375	0.1477
393.5	0.1438
393.625	0.1383
393.75	0.1572
393.875	0.1572
394.0	0.1462
394.125	0.158
394.25	0.1674
394.375	0.1603
394.5	0.1745
394.625	0.1753
394.75	0.1808
394.875	0.1737
395.0	0.1808
395.125	0.1776
395.25	0.1729
395.375	0.1643
395.5	0.18
395.625	0.1808
395.75	0.1839
395.875	0.1933
396.0	0.1878
396.125	0.1996
396.25	0.1902
396.375	0.1933
396.5	0.1957
396.625	0.1981
396.75	0.2044
396.875	0.202
397.0	0.2044
397.125	0.2138
397.25	0.2232
397.375	0.2319
397.5	0.2264
397.625	0.2358
397.75	0.2389
397.875	0.235
398.0	0.235
398.125	0.2342
398.25	0.2452
398.375	0.2484
398.5	0.25
398.625	0.2555
398.75	0.2547
398.875	0.2633
399.0	0.2625
399.125	0.2704
399.25	0.283
399.375	0.2916
399.5	0.2908
399.625	0.2924
399.75	0.2924
399.875	0.2877
400.0	0.294
400.125	0.3011
400.25	0.3136
400.375	0.3073
400.5	0.3105
400.625	0.3199
400.75	0.3199
400.875	0.3286
401.0	0.3356
401.125	0.338
401.25	0.3466
401.375	0.3522
401.5	0.3608
401.625	0.3663
401.75	0.3805
401.875	0.3789
402.0	0.3844
402.125	0.3867
402.25	0.3915
402.375	0.3977
402.5	0.404
402.625	0.4394
402.75	0.4473
402.875	0.452
403.0	0.4378
403.125	0.4355
403.25	0.4457
403.375	0.4583
403.5	0.4567
403.625	0.4638
403.75	0.4748
403.875	0.4811
404.0	0.5149
404.125	0.5055
404.25	0.5062
404.375	0.511
404.5	0.5149
404.625	0.5243
404.75	0.555
404.875	0.5628
405.0	0.5676
405.125	0.5668
405.25	0.5904
405.375	0.61
405.5	0.6226
405.625	0.6273
405.75	0.6391
405.875	0.6485
406.0	0.6548
406.125	0.6619
406.25	0.669
406.375	0.6792
406.5	0.6863
406.625	0.6988
406.75	0.7051
406.875	0.7209
407.0	0.7319
407.125	0.7437
407.25	0.7492
407.375	0.7578
407.5	0.7759
407.625	0.7877
407.75	0.8003
407.875	0.8089
408.0	0.8168
408.125	0.8254
408.25	0.8341
408.375	0.8466
408.5	0.8632
408.625	0.8718
408.75	0.8797
408.875	0.8907
409.0	0.9143
409.125	0.9205
409.25	0.93
409.375	0.9465
409.5	0.9371
409.625	0.9701
409.75	0.9858
409.875	0.9929
410.0	1.0086
410.125	1.0149
410.25	1.0361
410.375	1.0526
410.5	1.0518
410.625	1.0731
410.75	1.0856
410.875	1.11
411.0	1.1242
411.125	1.1305
411.25	1.1517
411.375	1.169
411.5	1.1768
411.625	1.2028
411.75	1.2264
411.875	1.2421
412.0	1.2562
412.125	1.2735
412.25	1.2916
412.375	1.3058
412.5	1.3223
412.625	1.338
412.75	1.3584
412.875	1.3702
413.0	1.3867
413.125	1.4056
413.25	1.4245
413.375	1.4457
413.5	1.4606
413.625	1.4779
413.75	1.4992
413.875	1.5157
414.0	1.5338
414.125	1.5534
414.25	1.5746
414.375	1.5904
414.5	1.6124
414.625	1.6336
414.75	1.6509
414.875	1.6729
415.0	1.6981
415.125	1.7146
415.25	1.7366
415.375	1.7555
415.5	1.7743
415.625	1.7932
415.75	1.8113
415.875	1.8317
416.0	1.8616
416.125	1.8757
416.25	1.897
416.375	1.9268
416.5	1.9559
416.625	1.9716
416.75	1.9944
416.875	2.0259
417.0	2.0455
417.125	2.0699
417.25	2.099
417.375	2.1218
417.5	2.1493
417.625	2.1698
417.75	2.2028
417.875	2.2264
418.0	2.2578
418.125	2.2814
418.25	2.3058
418.375	2.338
418.5	2.3639
418.625	2.4009
418.75	2.4229
418.875	2.4496
419.0	2.4882
419.125	2.5188
419.25	2.5487
419.375	2.5856
419.5	2.6234
419.625	2.6517
419.75	2.6918
419.875	2.7295
420.0	2.7625
420.125	2.7955
420.25	2.8341
420.375	2.8718
420.5	2.9064
420.625	2.9441
420.75	2.9819
420.875	3.0235
421.0	3.0644
421.125	3.1014
421.25	3.1367
421.375	3.1792
421.5	3.2201
421.625	3.261
421.75	3.3306
421.875	3.3715
422.0	3.4139
422.125	3.454
422.25	3.4957
422.375	3.5334
422.5	3.5774
422.625	3.6215
422.75	3.6647
422.875	3.7079
423.0	3.7433
423.125	3.7873
423.25	3.8267
423.375	3.8691
423.5	3.9108
423.625	3.9509
423.75	3.991
423.875	4.0326
424.0	4.0759
424.125	4.1167
424.25	4.1576
424.375	4.1977
424.5	4.2355
424.625	4.2818
424.75	4.3204
424.875	4.3597
425.0	4.3998
425.125	4.4454
425.25	4.4855
425.375	4.5256
425.5	4.5688
425.625	4.6081
425.75	4.6513
425.875	4.6899
426.0	4.7229
426.125	4.7575
426.25	4.7598
426.375	4.7614
426.5	4.7598
426.625	4.759
426.75	4.7598
426.875	4.7614
427.0	4.7614
427.125	4.7535
427.25	4.7504
427.375	4.7614
427.5	4.7583
427.625	4.7598
427.75	4.7606
427.875	4.7583
428.0	4.759
428.125	4.7598
428.25	4.7598
428.375	4.7567
428.5	4.759
428.625	4.7598
428.75	4.7567
428.875	4.7598
429.0	4.759
429.125	4.7567
429.25	4.7567
429.375	4.7583
429.5	4.759
429.625	4.7583
429.75	4.7583
429.875	4.7567
430.0	4.7567
430.125	4.7543
430.25	4.7402
430.375	4.7449
430.5	4.7472
430.625	4.7472
430.75	4.7441
430.875	4.7457
431.0	4.7465
431.125	4.7472
431.25	4.748
431.375	4.7472
431.5	4.7488
431.625	4.7465
431.75	4.7441
431.875	4.7472
432.0	4.748
432.125	4.7496
432.25	4.7449
432.375	4.7472
432.5	4.7488
432.625	4.7472
432.75	4.7441
432.875	4.7472
433.0	4.7449
433.125	4.7441
433.25	4.7449
433.375	4.7441
433.5	4.7457
433.625	4.7488
433.75	4.7496
433.875	4.7496
434.0	4.7465
434.125	4.7433
434.25	4.7472
434.375	4.7425
434.5	4.741
434.625	4.737
434.75	4.704
434.875	4.6741
435.0	4.6395
435.125	4.6042
435.25	4.5688
435.375	4.5444
435.5	4.4941
435.625	4.4627
435.75	4.4422
435.875	4.3982
436.0	4.3683
436.125	4.3353
436.25	4.3007
436.375	4.2677
436.5	4.226
436.625	4.193
436.75	4.16
436.875	4.1293
437.0	4.0947
437.125	4.0523
437.25	4.0248
437.375	3.9894
437.5	3.9572
437.625	3.9226
437.75	3.8911
437.875	3.8589
438.0	3.8282
438.125	3.796
438.25	3.7653
438.375	3.7323
438.5	3.7064
438.625	3.6741
438.75	3.6474
438.875	3.6215
439.0	3.5892
439.125	3.5625
439.25	3.5452
439.375	3.513
439.5	3.4965
439.625	3.4744
439.75	3.4485
439.875	3.4194
440.0	3.3919
440.125	3.3675
440.25	3.3439
440.375	3.3274
440.5	3.3125
440.625	3.2539
440.75	3.2382
440.875	3.2161
441.0	3.1981
441.125	3.1792
441.25	3.1564
441.375	3.1415
441.5	3.1179
441.625	3.1006
441.75	3.0817
441.875	3.0589
442.0	3.0408
442.125	3.0251
442.25	3.0078
442.375	2.9882
442.5	2.9756
442.625	2.9599
442.75	2.9394
442.875	2.9284
443.0	2.9135
443.125	2.897
443.25	2.886
443.375	2.8639
443.5	2.8474
443.625	2.8356
443.75	2.8223
443.875	2.8058
444.0	2.7932
444.125	2.7798
444.25	2.7665
444.375	2.7531
444.5	2.7374
444.625	2.7232
444.75	2.7083
444.875	2.691
445.0	2.6768
445.125	2.6619
445.25	2.6493
445.375	2.6328
445.5	2.6226
445.625	2.6061
445.75	2.5935
445.875	2.5778
446.0	2.5628
446.125	2.5503
446.25	2.5369
446.375	2.522
446.5	2.5133
446.625	2.4984
446.75	2.4842
446.875	2.4701
447.0	2.4465
447.125	2.43
447.25	2.4103
447.375	2.3962
447.5	2.4017
447.625	2.3891
447.75	2.3757
447.875	2.3624
448.0	2.3514
448.125	2.3372
448.25	2.3309
448.375	2.3121
448.5	2.2971
448.625	2.29
448.75	2.2696
448.875	2.2578
449.0	2.25
449.125	2.2154
449.25	2.2224
449.375	2.2154
449.5	2.1981
449.625	2.1855
449.75	2.1776
449.875	2.1619
450.0	2.1501
450.125	2.1391
450.25	2.1336
450.375	2.1147
450.5	2.1069
450.625	2.0943
450.75	2.088
450.875	2.0723
451.0	2.0636
451.125	2.0542
451.25	2.04
451.375	2.0345
451.5	2.0235
451.625	2.0141
451.75	2.0047
451.875	1.9929
452.0	1.9827
452.125	1.9748
452.25	1.9701
452.375	1.9551
452.5	1.9488
452.625	1.941
452.75	1.9331
452.875	1.9213
453.0	1.9127
453.125	1.904
453.25	1.8836
453.375	1.886
453.5	1.8828
453.625	1.8765
453.75	1.871
453.875	1.8616
454.0	1.8553
454.125	1.8522
454.25	1.8435
454.375	1.8364
454.5	1.8317
454.625	1.8254
454.75	1.8246
454.875	1.816
455.0	1.8081
455.125	1.8066
455.25	1.8018
455.375	1.7995
455.5	1.7924
455.625	1.7893
455.75	1.7861
455.875	1.7806
456.0	1.7783
456.125	1.7735
456.25	1.7665
456.375	1.7594
456.5	1.7617
456.625	1.7586
456.75	1.7523
456.875	1.75
457.0	1.7444
457.125	1.746
457.25	1.7452
457.375	1.7397
457.5	1.735
457.625	1.7374
457.75	1.7358
457.875	1.7303
458.0	1.735
458.125	1.7264
458.25	1.7224
458.375	1.7272
458.5	1.7264
458.625	1.7232
458.75	1.7232
458.875	1.7216
459.0	1.7216
459.125	1.7185
459.25	1.7216
459.375	1.7201
459.5	1.7201
459.625	1.7209
459.75	1.7185
459.875	1.7193
460.0	1.7185
460.125	1.7201
460.25	1.7169
460.375	1.7169
460.5	1.7169
460.625	1.7185
460.75	1.7209
460.875	1.7193
461.0	1.7177
461.125	1.7193
461.25	1.7193
461.375	1.7193
461.5	1.7209
461.625	1.7216
461.75	1.7232
461.875	1.7232
462.0	1.7256
462.125	1.7224
462.25	1.7264
462.375	1.7248
462.5	1.7256
462.625	1.7248
462.75	1.7264
462.875	1.7248
463.0	1.7279
463.125	1.7303
463.25	1.7327
463.375	1.7327
463.5	1.7334
463.625	1.7342
463.75	1.7358
463.875	1.7366
464.0	1.7397
464.125	1.7389
464.25	1.7366
464.375	1.7382
464.5	1.7405
464.625	1.7405
464.75	1.7421
464.875	1.7421
465.0	1.7452
465.125	1.746
465.25	1.7476
465.375	1.75
465.5	1.7562
465.625	1.7602
465.75	1.7594
465.875	1.7586
466.0	1.761
466.125	1.7641
466.25	1.7633
466.375	1.7665
466.5	1.7688
466.625	1.7727
466.75	1.7751
466.875	1.7767
467.0	1.7798
467.125	1.7798
467.25	1.7814
467.375	1.7869
467.5	1.7877
467.625	1.7924
467.75	1.7924
467.875	1.7963
468.0	1.7987
468.125	1.7987
468.25	1.8018
468.375	1.8058
468.5	1.8058
468.625	1.8073
468.75	1.8128
468.875	1.8191
469.0	1.8246
469.125	1.8254
469.25	1.8254
469.375	1.8333
469.5	1.8309
469.625	1.8333
469.75	1.8364
469.875	1.838
470.0	1.8435
470.125	1.8435
470.25	1.8498
470.375	1.8506
470.5	1.8537
470.625	1.8553
470.75	1.8584
470.875	1.86
471.0	1.8624
471.125	1.8608
471.25	1.8663
471.375	1.8765
471.5	1.8757
471.625	1.8797
471.75	1.8781
471.875	1.886
472.0	1.8875
472.125	1.8891
472.25	1.8891
472.375	1.8899
472.5	1.8922
472.625	1.8977
472.75	1.9009
472.875	1.904
473.0	1.908
473.125	1.9088
473.25	1.9119
473.375	1.9174
473.5	1.9198
473.625	1.915
473.75	1.9229
473.875	1.9276
474.0	1.93
474.125	1.9386
474.25	1.941
474.375	1.9394
474.5	1.9433
474.625	1.9465
474.75	1.9512
474.875	1.9544
475.0	1.9551
475.125	1.9614
475.25	1.9669
475.375	1.9701
475.5	1.9701
475.625	1.9748
475.75	1.9795
475.875	1.9827
476.0	1.9819
476.125	1.9921
476.25	1.9921
476.375	1.9992
476.5	2.0031
476.625	2.0062
476.75	2.0062
476.875	2.0078
477.0	2.0157
477.125	2.022
477.25	2.0227
477.375	2.0306
477.5	2.0345
477.625	2.0361
477.75	2.0393
477.875	2.0424
478.0	2.0416
478.125	2.0432
478.25	2.0448
478.375	2.0534
478.5	2.0534
478.625	2.0518
478.75	2.0621
478.875	2.0636
479.0	2.0636
479.125	2.0723
479.25	2.0746
479.375	2.0762
479.5	2.0762
479.625	2.0801
479.75	2.0825
479.875	2.088
480.0	2.0896
480.125	2.0943
480.25	2.0966
480.375	2.0998
480.5	2.0982
480.625	2.1006
480.75	2.11
480.875	2.11
481.0	2.1132
481.125	2.1132
481.25	2.1179
481.375	2.1171
481.5	2.1179
481.625	2.1242
481.75	2.1265
481.875	2.1281
482.0	2.1281
482.125	2.136
482.25	2.1352
482.375	2.1407
482.5	2.1415
482.625	2.1446
482.75	2.1501
482.875	2.1485
483.0	2.154
483.125	2.1572
483.25	2.158
483.375	2.1627
483.5	2.1643
483.625	2.1611
483.75	2.1666
483.875	2.1753
484.0	2.1776
484.125	2.1792
484.25	2.1792
484.375	2.1831
484.5	2.1823
484.625	2.1863
484.75	2.1902
484.875	2.1894
485.0	2.1918
485.125	2.1957
485.25	2.1981
485.375	2.1981
485.5	2.2004
485.625	2.2067
485.75	2.2044
485.875	2.2114
486.0	2.2161
486.125	2.2169
486.25	2.2154
486.375	2.2146
486.5	2.2201
486.625	2.2224
486.75	2.2264
486.875	2.2224
487.0	2.2264
487.125	2.2264
487.25	2.2264
487.375	2.2264
487.5	2.2279
487.625	2.2374
487.75	2.2429
487.875	2.2444
488.0	2.2421
488.125	2.2452
488.25	2.2452
488.375	2.25
488.5	2.2507
488.625	2.2539
488.75	2.2531
488.875	2.2531
489.0	2.25
489.125	2.2531
489.25	2.2555
489.375	2.2562
489.5	2.2641
489.625	2.2617
489.75	2.2657
489.875	2.2657
490.0	2.2641
490.125	2.2704
490.25	2.2712
490.375	2.2735
490.5	2.2743
490.625	2.2743
490.75	2.2759
490.875	2.2727
491.0	2.2783
491.125	2.2775
491.25	2.2759
491.375	2.2759
491.5	2.2814
491.625	2.2798
491.75	2.2806
491.875	2.2814
492.0	2.2853
492.125	2.2877
492.25	2.2916
492.375	2.2924
492.5	2.2963
492.625	2.2932
492.75	2.2979
492.875	2.2963
493.0	2.2948
493.125	2.2955
493.25	2.2963
493.375	2.2979
493.5	2.3003
493.625	2.2995
493.75	2.2995
493.875	2.3018
494.0	2.3018
494.125	2.3026
494.25	2.3018
494.375	2.3066
494.5	2.305
494.625	2.3042
494.75	2.3066
494.875	2.3066
495.0	2.3066
495.125	2.3089
495.25	2.3105
495.375	2.3113
495.5	2.3113
495.625	2.3113
495.75	2.3128
495.875	2.3136
496.0	2.316
496.125	2.3144
496.25	2.3128
496.375	2.3176
496.5	2.316
496.625	2.316
496.75	2.3152
496.875	2.3144
497.0	2.3128
497.125	2.316
497.25	2.3144
497.375	2.3152
497.5	2.316
497.625	2.3207
497.75	2.3223
497.875	2.3207
498.0	2.3183
498.125	2.3207
498.25	2.316
498.375	2.3223
498.5	2.3254
498.625	2.3254
498.75	2.3223
498.875	2.3223
499.0	2.3231
499.125	2.3238
499.25	2.3238
499.375	2.3246
499.5	2.3191
499.625	2.3199
499.75	2.3176
499.875	2.3223
500.0	2.3207
500.125	2.3176
500.25	2.3215
500.375	2.3231
500.5	2.3223
500.625	2.3231
500.75	2.3238
500.875	2.3238
501.0	2.3199
501.125	2.3183
501.25	2.3199
501.375	2.3215
501.5	2.3191
501.625	2.316
501.75	2.3183
501.875	2.3097
502.0	2.3066
502.125	2.3199
502.25	2.3191
502.375	2.3168
502.5	2.3207
502.625	2.3176
502.75	2.3152
502.875	2.3176
503.0	2.3168
503.125	2.3136
503.25	2.3168
503.375	2.3128
503.5	2.3144
503.625	2.3152
503.75	2.3128
503.875	2.316
504.0	2.3136
504.125	2.3168
504.25	2.3128
504.375	2.3121
504.5	2.3105
504.625	2.3089
504.75	2.3105
504.875	2.3089
505.0	2.3113
505.125	2.3105
505.25	2.3113
505.375	2.3097
505.5	2.3113
505.625	2.3018
505.75	2.2995
505.875	2.3018
506.0	2.3018
506.125	2.3018
506.25	2.2987
506.375	2.2932
506.5	2.2893
506.625	2.29
506.75	2.2838
506.875	2.283
507.0	2.2861
507.125	2.2869
507.25	2.2822
507.375	2.2877
507.5	2.2885
507.625	2.2751
507.75	2.2838
507.875	2.2845
508.0	2.2838
508.125	2.2869
508.25	2.2861
508.375	2.2845
508.5	2.283
508.625	2.2814
508.75	2.2783
508.875	2.2735
509.0	2.2704
509.125	2.2657
509.25	2.2688
509.375	2.2759
509.5	2.2775
509.625	2.2783
509.75	2.2767
509.875	2.2767
510.0	2.2759
510.125	2.2727
510.25	2.2672
510.375	2.2672
510.5	2.2712
510.625	2.2688
510.75	2.2657
510.875	2.2665
511.0	2.2665
511.125	2.2594
511.25	2.2649
511.375	2.261
511.5	2.2602
511.625	2.2586
511.75	2.2547
511.875	2.2578
512.0	2.257
512.125	2.2555
512.25	2.2507
512.375	2.2507
512.5	2.2515
512.625	2.2515
512.75	2.2476
512.875	2.2484
513.0	2.2444
513.125	2.2429
513.25	2.2452
513.375	2.2437
513.5	2.2421
513.625	2.2413
513.75	2.2397
513.875	2.2397
514.0	2.235
514.125	2.2319
514.25	2.2287
514.375	2.2311
514.5	2.2279
514.625	2.2311
514.75	2.2279
514.875	2.2272
515.0	2.2256
515.125	2.2169
515.25	2.2138
515.375	2.2232
515.5	2.2177
515.625	2.2169
515.75	2.2146
515.875	2.2122
516.0	2.2154
516.125	2.2075
516.25	2.2122
516.375	2.2122
516.5	2.2114
516.625	2.2083
516.75	2.2075
516.875	2.2091
517.0	2.2028
517.125	2.2036
517.25	2.2004
517.375	2.1965
517.5	2.1981
517.625	2.1973
517.75	2.1941
517.875	2.191
518.0	2.1878
518.125	2.1886
518.25	2.1886
518.375	2.1863
518.5	2.1839
518.625	2.18
518.75	2.1792
518.875	2.1847
519.0	2.1831
519.125	2.18
519.25	2.1792
519.375	2.1776
519.5	2.1753
519.625	2.1745
519.75	2.1698
519.875	2.1698
520.0	2.1698
520.125	2.1698
520.25	2.1666
520.375	2.1643
520.5	2.1643
520.625	2.1611
520.75	2.1588
520.875	2.1603
521.0	2.1564
521.125	2.1556
521.25	2.154
521.375	2.1525
521.5	2.1501
521.625	2.1501
521.75	2.1485
521.875	2.147
522.0	2.1415
522.125	2.1391
522.25	2.1375
522.375	2.1375
522.5	2.1344
522.625	2.1336
522.75	2.136
522.875	2.132
523.0	2.132
523.125	2.132
523.25	2.1289
523.375	2.121
523.5	2.1257
523.625	2.1257
523.75	2.1226
523.875	2.121
524.0	2.1179
524.125	2.1179
524.25	2.1163
524.375	2.1124
524.5	2.1124
524.625	2.1084
524.75	2.1069
524.875	2.1084
525.0	2.1053
525.125	2.1029
525.25	2.0998
525.375	2.099
525.5	2.0982
525.625	2.0959
525.75	2.0951
525.875	2.0904
526.0	2.0943
526.125	2.0856
526.25	2.0856
526.375	2.0817
526.5	2.0825
526.625	2.0849
526.75	2.0809
526.875	2.0754
527.0	2.0762
527.125	2.0746
527.25	2.0707
527.375	2.0699
527.5	2.0683
527.625	2.066
527.75	2.066
527.875	2.0683
528.0	2.0621
528.125	2.0628
528.25	2.0613
528.375	2.0581
528.5	2.055
528.625	2.055
528.75	2.0526
528.875	2.0526
529.0	2.0511
529.125	2.0495
529.25	2.0487
529.375	2.0448
529.5	2.0455
529.625	2.0432
529.75	2.044
529.875	2.04
530.0	2.0345
530.125	2.0314
530.25	2.0267
530.375	2.0283
530.5	2.0227
530.625	2.0188
530.75	2.0196
530.875	2.0188
531.0	2.0188
531.125	2.0133
531.25	2.0141
531.375	2.0117
531.5	2.0086
531.625	2.0094
531.75	2.0078
531.875	2.0047
532.0	2.0055
532.125	2.0
532.25	2.0023
532.375	1.9968
532.5	1.9984
532.625	1.9992
532.75	1.9944
532.875	1.9905
533.0	1.9897
533.125	1.9905
533.25	1.9897
533.375	1.9858
533.5	1.9827
533.625	1.9842
533.75	1.9827
533.875	1.9819
534.0	1.9772
534.125	1.9756
534.25	1.9716
534.375	1.9724
534.5	1.9693
534.625	1.9701
534.75	1.9638
534.875	1.9638
535.0	1.9685
535.125	1.9599
535.25	1.9567
535.375	1.9575
535.5	1.9575
535.625	1.9551
535.75	1.952
535.875	1.9512
536.0	1.9449
536.125	1.9449
536.25	1.9402
536.375	1.9386
536.5	1.9371
536.625	1.9371
536.75	1.9371
536.875	1.9339
537.0	1.9339
537.125	1.9378
537.25	1.9339
537.375	1.9339
537.5	1.9284
537.625	1.9229
537.75	1.9237
537.875	1.8954
538.0	1.8915
538.125	1.8915
538.25	1.8915
538.375	1.8875
538.5	1.8883
538.625	1.8875
538.75	1.8828
538.875	1.8867
539.0	1.8852
539.125	1.8828
539.25	1.882
539.375	1.8812
539.5	1.8765
539.625	1.8757
539.75	1.8702
539.875	1.8679
540.0	1.8702
540.125	1.8694
540.25	1.871
540.375	1.8632
540.5	1.8639
540.625	1.8639
540.75	1.8616
540.875	1.86
541.0	1.8577
541.125	1.8553
541.25	1.8529
541.375	1.8522
541.5	1.8584
541.625	1.86
541.75	1.8553
541.875	1.8592
542.0	1.8537
542.125	1.8411
542.25	1.8364
542.375	1.8309
542.5	1.8309
542.625	1.8238
542.75	1.8262
542.875	1.8262
543.0	1.8191
543.125	1.8223
543.25	1.8199
543.375	1.8207
543.5	1.8223
543.625	1.8168
543.75	1.8121
543.875	1.8121
544.0	1.8105
544.125	1.8042
544.25	1.8034
544.375	1.8003
544.5	1.7979
544.625	1.7995
544.75	1.7963
544.875	1.7955
545.0	1.7948
545.125	1.7932
545.25	1.7908
545.375	1.79
545.5	1.7877
545.625	1.7869
545.75	1.7869
545.875	1.7861
546.0	1.7838
546.125	1.7822
546.25	1.779
546.375	1.7743
546.5	1.7783
546.625	1.7838
546.75	1.7767
546.875	1.7783
547.0	1.7751
547.125	1.7704
547.25	1.7657
547.375	1.7665
547.5	1.7625
547.625	1.7617
547.75	1.7562
547.875	1.7523
548.0	1.7515
548.125	1.7515
548.25	1.7507
548.375	1.7484
548.5	1.7444
548.625	1.7389
548.75	1.7374
548.875	1.7421
549.0	1.7389
549.125	1.7382
549.25	1.7389
549.375	1.7437
549.5	1.7405
549.625	1.7334
549.75	1.7342
549.875	1.7295
550.0	1.7279
550.125	1.7295
550.25	1.7232
550.375	1.7209
550.5	1.7193
550.625	1.7169
550.75	1.7091
550.875	1.7122
551.0	1.7099
551.125	1.7051
551.25	1.7075
551.375	1.7067
551.5	1.7028
551.625	1.6988
551.75	1.6941
551.875	1.6981
552.0	1.6981
552.125	1.6965
552.25	1.6965
552.375	1.6918
552.5	1.6941
552.625	1.6957
552.75	1.691
552.875	1.6941
553.0	1.6816
553.125	1.6839
553.25	1.6855
553.375	1.6784
553.5	1.6745
553.625	1.6753
553.75	1.6705
553.875	1.6839
554.0	1.7114
554.125	1.7075
554.25	1.6682
554.375	1.6682
554.5	1.665
554.625	1.6635
554.75	1.6611
554.875	1.6603
555.0	1.6556
555.125	1.658
555.25	1.6548
555.375	1.6556
555.5	1.6462
555.625	1.6462
555.75	1.6422
555.875	1.6438
556.0	1.643
556.125	1.6415
556.25	1.6446
556.375	1.6344
556.5	1.6367
556.625	1.6336
556.75	1.632
556.875	1.6281
557.0	1.6312
557.125	1.6297
557.25	1.6265
557.375	1.6218
557.5	1.6234
557.625	1.6202
557.75	1.6179
557.875	1.6179
558.0	1.6187
558.125	1.6187
558.25	1.6139
558.375	1.6139
558.5	1.6132
558.625	1.6077
558.75	1.6069
558.875	1.6077
559.0	1.6037
559.125	1.6029
559.25	1.6037
559.375	1.6029
559.5	1.6006
559.625	1.599
559.75	1.5982
559.875	1.5982
560.0	1.5974
560.125	1.5896
560.25	1.5927
560.375	1.5904
560.5	1.5927
560.625	1.5911
560.75	1.588
560.875	1.5888
561.0	1.5856
561.125	1.5856
561.25	1.5809
561.375	1.5778
561.5	1.5794
561.625	1.5762
561.75	1.5738
561.875	1.5951
562.0	1.5699
562.125	1.5715
562.25	1.5683
562.375	1.5668
562.5	1.566
562.625	1.5644
562.75	1.5652
562.875	1.5628
563.0	1.5652
563.125	1.5636
563.25	1.5621
563.375	1.5597
563.5	1.5566
563.625	1.5566
563.75	1.5518
563.875	1.5487
564.0	1.5495
564.125	1.5487
564.25	1.5471
564.375	1.5448
564.5	1.544
564.625	1.5377
564.75	1.577
564.875	1.5794
565.0	1.5762
565.125	1.5762
565.25	1.5754
565.375	1.5723
565.5	1.5683
565.625	1.5707
565.75	1.5668
565.875	1.566
566.0	1.5652
566.125	1.5621
566.25	1.5613
566.375	1.5613
566.5	1.5597
566.625	1.5573
566.75	1.5558
566.875	1.5558
567.0	1.5558
567.125	1.5558
567.25	1.5503
567.375	1.5511
567.5	1.5479
567.625	1.5479
567.75	1.5463
567.875	1.5471
568.0	1.5416
568.125	1.5424
568.25	1.5424
568.375	1.5377
568.5	1.5385
568.625	1.5377
568.75	1.5361
568.875	1.533
569.0	1.5298
569.125	1.5283
569.25	1.5283
569.375	1.5283
569.5	1.5243
569.625	1.5251
569.75	1.5243
569.875	1.5235
570.0	1.5235
570.125	1.5204
570.25	1.5188
570.375	1.5172
570.5	1.5172
570.625	1.5141
570.75	1.5102
570.875	1.5094
571.0	1.5117
571.125	1.5094
571.25	1.5094
571.375	1.5055
571.5	1.5062
571.625	1.5047
571.75	1.5047
571.875	1.5031
572.0	1.5023
572.125	1.5
572.25	1.4968
572.375	1.4976
572.5	1.4952
572.625	1.4952
572.75	1.4921
572.875	1.4913
573.0	1.4897
573.125	1.4866
573.25	1.4882
573.375	1.4842
573.5	1.4858
573.625	1.4819
573.75	1.4811
573.875	1.4764
574.0	1.4787
574.125	1.4748
574.25	1.4748
574.375	1.4724
574.5	1.4709
574.625	1.4693
574.75	1.4693
574.875	1.4677
575.0	1.4669
575.125	1.4685
575.25	1.4654
575.375	1.4638
575.5	1.4622
575.625	1.4614
575.75	1.4575
575.875	1.4575
576.0	1.4575
576.125	1.4536
576.25	1.452
576.375	1.4473
576.5	1.4488
576.625	1.4481
576.75	1.4481
576.875	1.4457
577.0	1.4441
577.125	1.4418
577.25	1.4402
577.375	1.4386
577.5	1.4394
577.625	1.4363
577.75	1.4363
577.875	1.4355
578.0	1.4323
578.125	1.43
578.25	1.43
578.375	1.4292
578.5	1.4292
578.625	1.4276
578.75	1.4245
578.875	1.4245
579.0	1.4213
579.125	1.4182
579.25	1.4198
579.375	1.4158
579.5	1.415
579.625	1.415
579.75	1.415
579.875	1.4056
580.0	1.4103
580.125	1.4095
580.25	1.4095
580.375	1.4056
580.5	1.4025
580.625	1.4009
580.75	1.4009
580.875	1.4009
581.0	1.3985
581.125	1.3962
581.25	1.3962
581.375	1.3954
581.5	1.3962
581.625	1.3922
581.75	1.3915
581.875	1.3891
582.0	1.3899
582.125	1.3867
582.25	1.386
582.375	1.3828
582.5	1.382
582.625	1.3812
582.75	1.3812
582.875	1.3773
583.0	1.3734
583.125	1.3726
583.25	1.3726
583.375	1.3694
583.5	1.3679
583.625	1.3671
583.75	1.3647
583.875	1.3624
584.0	1.3624
584.125	1.3592
584.25	1.3584
584.375	1.3584
584.5	1.3569
584.625	1.3553
584.75	1.3545
584.875	1.3514
585.0	1.349
585.125	1.349
585.25	1.3474
585.375	1.3482
585.5	1.3443
585.625	1.3419
585.75	1.3396
585.875	1.3396
586.0	1.3215
586.125	1.3349
586.25	1.3364
586.375	1.3349
586.5	1.3349
586.625	1.3325
586.75	1.3199
586.875	1.327
587.0	1.3246
587.125	1.3231
587.25	1.3223
587.375	1.3199
587.5	1.3128
587.625	1.3183
587.75	1.316
587.875	1.3073
588.0	1.316
588.125	1.3128
588.25	1.3097
588.375	1.2908
588.5	1.3066
588.625	1.3058
588.75	1.3058
588.875	1.3018
589.0	1.3018
589.125	1.2979
589.25	1.2995
589.375	1.2971
589.5	1.2932
589.625	1.2924
589.75	1.2932
589.875	1.2845
590.0	1.2814
590.125	1.2869
590.25	1.2845
590.375	1.283
590.5	1.2783
590.625	1.2783
590.75	1.2783
590.875	1.2735
591.0	1.2696
591.125	1.2743
591.25	1.2696
591.375	1.2696
591.5	1.257
591.625	1.2507
591.75	1.2279
591.875	1.2161
592.0	1.2169
592.125	1.2169
592.25	1.2122
592.375	1.2106
592.5	1.2075
592.625	1.2334
592.75	1.2374
592.875	1.2334
593.0	1.2358
593.125	1.2358
593.25	1.2389
593.375	1.2429
593.5	1.213
593.625	1.1981
593.75	1.1933
593.875	1.191
594.0	1.1886
594.125	1.1878
594.25	1.1855
594.375	1.1855
594.5	1.1839
594.625	1.1816
594.75	1.1808
594.875	1.1776
595.0	1.1737
595.125	1.1745
595.25	1.1745
595.375	1.1721
595.5	1.1721
595.625	1.1698
595.75	1.165
595.875	1.1595
596.0	1.1973
596.125	1.1965
596.25	1.1721
596.375	1.1603
596.5	1.169
596.625	1.1792
596.75	1.1501
596.875	1.1462
597.0	1.1462
597.125	1.1415
597.25	1.1391
597.375	1.1367
597.5	1.136
597.625	1.132
597.75	1.1312
597.875	1.1289
598.0	1.1273
598.125	1.1289
598.25	1.1265
598.375	1.132
598.5	1.1289
598.625	1.1273
598.75	1.1289
598.875	1.1273
599.0	1.1265
599.125	1.1226
599.25	1.1187
599.375	1.1375
599.5	1.1336
599.625	1.1139
599.75	1.1124
599.875	1.1092
600.0	1.11
600.125	1.1037
600.25	1.099
600.375	1.0959
600.5	1.0935
600.625	1.0927
600.75	1.0911
600.875	1.0856
601.0	1.0841
601.125	1.0809
601.25	1.0778
601.375	1.0794
601.5	1.0738
601.625	1.0731
601.75	1.0707
601.875	1.0715
602.0	1.0707
602.125	1.0707
602.25	1.0699
602.375	1.0652
602.5	1.0636
602.625	1.0581
602.75	1.0581
602.875	1.0542
603.0	1.055
603.125	1.0487
603.25	1.0518
603.375	1.0518
603.5	1.0463
603.625	1.044
603.75	1.0408
603.875	1.0408
604.0	1.0424
604.125	1.0408
604.25	1.0424
604.375	1.0385
604.5	1.0377
604.625	1.0369
604.75	1.033
604.875	1.0283
605.0	1.0283
605.125	1.0267
605.25	1.0283
605.375	1.0235
605.5	1.022
605.625	1.0204
605.75	1.0157
605.875	1.0149
606.0	1.0141
606.125	1.0125
606.25	1.011
606.375	1.0479
606.5	1.0432
606.625	1.0322
606.75	1.0047
606.875	1.0
607.0	0.9984
607.125	0.996
607.25	0.996
607.375	0.9944
607.5	0.9866
607.625	1.0172
607.75	1.0227
607.875	1.0133
608.0	1.018
608.125	1.0141
608.25	1.0141
608.375	1.0133
608.5	0.985
608.625	0.9732
608.75	0.9701
608.875	0.9701
609.0	1.0055
609.125	1.0
609.25	0.9992
609.375	0.9984
609.5	0.9968
609.625	0.9952
609.75	0.9937
609.875	0.9905
610.0	0.9866
610.125	0.9905
610.25	0.9811
610.375	0.9795
610.5	0.9811
610.625	0.9866
610.75	0.9858
610.875	0.9795
611.0	0.9772
611.125	0.9724
611.25	0.9677
611.375	0.9677
611.5	0.9685
611.625	0.9614
611.75	0.9606
611.875	0.9614
612.0	0.9591
612.125	0.9575
612.25	0.9567
612.375	0.9504
612.5	0.9504
612.625	0.9473
612.75	0.9481
612.875	0.9449
613.0	0.9402
613.125	0.9386
613.25	0.9363
613.375	0.9386
613.5	0.9363
613.625	0.9316
613.75	0.9292
613.875	0.9245
614.0	0.9261
614.125	0.9245
614.25	0.9182
614.375	0.9237
614.5	0.9198
614.625	0.9127
614.75	0.915
614.875	0.9111
615.0	0.9095
615.125	0.9064
615.25	0.9009
615.375	0.8985
615.5	0.897
615.625	0.897
615.75	0.9001
615.875	0.9001
616.0	0.8962
616.125	0.8922
616.25	0.9001
616.375	0.8985
616.5	0.897
616.625	0.8962
616.75	0.8687
616.875	0.8844
617.0	0.8883
617.125	0.8671
617.25	0.886
617.375	0.8852
617.5	0.8852
617.625	0.8828
617.75	0.8812
617.875	0.8773
618.0	0.8773
618.125	0.8742
618.25	0.8742
618.375	0.8702
618.5	0.8687
618.625	0.8679
618.75	0.8592
618.875	0.8632
619.0	0.8632
619.125	0.8592
619.25	0.8584
619.375	0.8529
619.5	0.8537
619.625	0.8466
619.75	0.8474
619.875	0.8466
620.0	0.8443
620.125	0.8435
620.25	0.8317
620.375	0.838
620.5	0.8435
620.625	0.8388
620.75	0.838
620.875	0.8341
621.0	0.8325
621.125	0.8309
621.25	0.8317
621.375	0.8301
621.5	0.827
621.625	0.827
621.75	0.8246
621.875	0.8215
622.0	0.8191
622.125	0.8191
622.25	0.8168
622.375	0.8121
622.5	0.8121
622.625	0.8113
622.75	0.8113
622.875	0.8066
623.0	0.8066
623.125	0.805
623.25	0.8026
623.375	0.7995
623.5	0.7963
623.625	0.7979
623.75	0.7932
623.875	0.7916
624.0	0.7885
624.125	0.7885
624.25	0.7853
624.375	0.7822
624.5	0.783
624.625	0.7783
624.75	0.7727
624.875	0.7735
625.0	0.7704
625.125	0.7727
625.25	0.7688
625.375	0.7665
625.5	0.7688
625.625	0.7641
625.75	0.7641
625.875	0.761
626.0	0.7555
626.125	0.7586
626.25	0.757
626.375	0.75
626.5	0.7531
626.625	0.7507
626.75	0.7484
626.875	0.7468
627.0	0.746
627.125	0.7452
627.25	0.7437
627.375	0.7397
627.5	0.7342
627.625	0.7327
627.75	0.7342
627.875	0.7342
628.0	0.7311
628.125	0.7303
628.25	0.7224
628.375	0.7209
628.5	0.7169
628.625	0.7154
628.75	0.702
628.875	0.7122
629.0	0.7114
629.125	0.7075
629.25	0.7075
629.375	0.7059
629.5	0.7075
629.625	0.7036
629.75	0.6996
629.875	0.7004
630.0	0.6988
630.125	0.6981
630.25	0.6933
630.375	0.691
630.5	0.6926
630.625	0.6918
630.75	0.6871
630.875	0.6745
631.0	0.6823
631.125	0.6816
631.25	0.6823
631.375	0.6784
631.5	0.6768
631.625	0.6745
631.75	0.6745
631.875	0.6682
632.0	0.6658
632.125	0.6666
632.25	0.6627
632.375	0.6643
632.5	0.6603
632.625	0.6556
632.75	0.6556
632.875	0.6556
633.0	0.6533
633.125	0.6501
633.25	0.6485
633.375	0.6493
633.5	0.643
633.625	0.6407
633.75	0.6391
633.875	0.6383
634.0	0.6391
634.125	0.632
634.25	0.6391
634.375	0.6344
634.5	0.632
634.625	0.632
634.75	0.6336
634.875	0.6265
635.0	0.6242
635.125	0.6226
635.25	0.6226
635.375	0.6202
635.5	0.6163
635.625	0.6155
635.75	0.6132
635.875	0.6116
636.0	0.6132
636.125	0.6092
636.25	0.6077
636.375	0.6084
636.5	0.6077
636.625	0.6037
636.75	0.6061
636.875	0.6037
637.0	0.6022
637.125	0.6022
637.25	0.5982
637.375	0.5966
637.5	0.5982
637.625	0.5943
637.75	0.5935
637.875	0.5849
638.0	0.588
638.125	0.5849
638.25	0.5801
638.375	0.5809
638.5	0.5801
638.625	0.5801
638.75	0.5794
638.875	0.5762
639.0	0.5738
639.125	0.5723
639.25	0.5715
639.375	0.5707
639.5	0.5676
639.625	0.5644
639.75	0.566
639.875	0.5628
640.0	0.5613
640.125	0.5573
640.25	0.5581
640.375	0.555
640.5	0.5487
640.625	0.5518
640.75	0.5503
640.875	0.5487
641.0	0.5479
641.125	0.5471
641.25	0.544
641.375	0.5353
641.5	0.5424
641.625	0.54
641.75	0.5424
641.875	0.5416
642.0	0.54
642.125	0.54
642.25	0.5361
642.375	0.5361
642.5	0.5345
642.625	0.5298
642.75	0.5227
642.875	0.5283
643.0	0.5275
643.125	0.5235
643.25	0.522
643.375	0.5094
643.5	0.5188
643.625	0.5157
643.75	0.5149
643.875	0.5133
644.0	0.5086
644.125	0.5141
644.25	0.5102
644.375	0.5047
644.5	0.5062
644.625	0.507
644.75	0.5039
644.875	0.5023
645.0	0.5031
645.125	0.5039
645.25	0.4992
645.375	0.4976
645.5	0.496
645.625	0.4937
645.75	0.4952
645.875	0.4929
646.0	0.4905
646.125	0.4874
646.25	0.4874
646.375	0.4858
646.5	0.4764
646.625	0.4795
646.75	0.4803
646.875	0.4811
647.0	0.4803
647.125	0.4795
647.25	0.4764
647.375	0.4756
647.5	0.4701
647.625	0.4701
647.75	0.4709
647.875	0.4701
648.0	0.4677
648.125	0.4661
648.25	0.4669
648.375	0.4661
648.5	0.4599
648.625	0.4512
648.75	0.4591
648.875	0.4622
649.0	0.4614
649.125	0.4575
649.25	0.4575
649.375	0.4567
649.5	0.4536
649.625	0.4528
649.75	0.4528
649.875	0.4488
650.0	0.4449
650.125	0.4457
650.25	0.4449
650.375	0.4441
650.5	0.4394
650.625	0.4402
650.75	0.4418
650.875	0.4371
651.0	0.4386
651.125	0.4347
651.25	0.4394
651.375	0.4378
651.5	0.4339
651.625	0.4347
651.75	0.4339
651.875	0.4339
652.0	0.4339
652.125	0.4284
652.25	0.4261
652.375	0.4292
652.5	0.4198
652.625	0.4276
652.75	0.4205
652.875	0.4205
653.0	0.4229
653.125	0.4198
653.25	0.4229
653.375	0.4205
653.5	0.4166
653.625	0.4158
653.75	0.4127
653.875	0.4135
654.0	0.4127
654.125	0.4119
654.25	0.4103
654.375	0.4088
654.5	0.4072
654.625	0.4056
654.75	0.4056
654.875	0.4072
655.0	0.4048
655.125	0.4025
655.25	0.404
655.375	0.4009
655.5	0.4001
655.625	0.3985
655.75	0.4009
655.875	0.3946
656.0	0.3962
656.125	0.3946
656.25	0.3946
656.375	0.3946
656.5	0.3915
656.625	0.3922
656.75	0.3915
656.875	0.3899
657.0	0.3899
657.125	0.3883
657.25	0.3867
657.375	0.3867
657.5	0.3844
657.625	0.3812
657.75	0.382
657.875	0.382
658.0	0.3805
658.125	0.3742
658.25	0.3687
658.375	0.3671
658.5	0.3694
658.625	0.3663
658.75	0.3639
658.875	0.3632
659.0	0.3679
659.125	0.3639
659.25	0.3655
659.375	0.3679
659.5	0.3639
659.625	0.36
659.75	0.3632
659.875	0.3624
660.0	0.3592
660.125	0.3592
660.25	0.3537
660.375	0.3561
660.5	0.349
660.625	0.3537
660.75	0.3545
660.875	0.3522
661.0	0.3506
661.125	0.349
661.25	0.349
661.375	0.3419
661.5	0.349
661.625	0.3466
661.75	0.3459
661.875	0.3396
662.0	0.3435
662.125	0.3349
662.25	0.3349
662.375	0.3341
662.5	0.3349
662.625	0.338
662.75	0.3341
662.875	0.3356
663.0	0.3333
663.125	0.3325
663.25	0.3301
663.375	0.3294
663.5	0.3262
663.625	0.3238
663.75	0.3223
663.875	0.3231
664.0	0.316
664.125	0.3199
664.25	0.3207
664.375	0.3191
664.5	0.3176
664.625	0.3152
664.75	0.316
664.875	0.3105
665.0	0.3113
665.125	0.3113
665.25	0.316
665.375	0.3144
665.5	0.3168
665.625	0.316
665.75	0.3144
665.875	0.3168
666.0	0.3144
666.125	0.3113
666.25	0.3097
666.375	0.3042
666.5	0.3011
666.625	0.3026
666.75	0.3026
666.875	0.305
667.0	0.2995
667.125	0.2987
667.25	0.2924
667.375	0.2877
667.5	0.2955
667.625	0.2971
667.75	0.2916
667.875	0.2845
668.0	0.2955
668.125	0.2908
668.25	0.2877
668.375	0.29
668.5	0.283
668.625	0.29
668.75	0.294
668.875	0.2893
669.0	0.2845
669.125	0.2877
669.25	0.2853
669.375	0.2806
669.5	0.272
669.625	0.2727
669.75	0.2735
669.875	0.272
670.0	0.2625
670.125	0.2562
670.25	0.2602
670.375	0.2657
670.5	0.268
670.625	0.2594
670.75	0.2586
670.875	0.2515
671.0	0.2586
671.125	0.2578
671.25	0.2484
671.375	0.2547
671.5	0.2492
671.625	0.2539
671.75	0.2672
671.875	0.2507
672.0	0.2539
672.125	0.2696
672.25	0.2712
672.375	0.2783
672.5	0.2759
672.625	0.2665
672.75	0.2633
672.875	0.257
673.0	0.246
673.125	0.2492
673.25	0.2437
673.375	0.2476
673.5	0.25
673.625	0.2484
673.75	0.2539
673.875	0.2531
674.0	0.2468
674.125	0.2539
674.25	0.2547
674.375	0.2484
674.5	0.2492
674.625	0.2492
674.75	0.2476
674.875	0.2523
675.0	0.2319
675.125	0.2366
675.25	0.2421
675.375	0.2334
675.5	0.2342
675.625	0.2311
675.75	0.2311
675.875	0.2429
676.0	0.2295
676.125	0.2327
676.25	0.2295
676.375	0.2327
676.5	0.2334
676.625	0.2303
676.75	0.2272
676.875	0.2287
677.0	0.2295
677.125	0.2264
677.25	0.2177
677.375	0.2216
677.5	0.2193
677.625	0.2114
677.75	0.2083
677.875	0.2146
678.0	0.2146
678.125	0.2201
678.25	0.1988
678.375	0.1988
678.5	0.1996
678.625	0.1949
678.75	0.1926
678.875	0.1902
679.0	0.1902
679.125	0.1902
679.25	0.1886
679.375	0.1894
679.5	0.1902
679.625	0.1894
679.75	0.1902
679.875	0.1933
680.0	0.1902
680.125	0.1878
680.25	0.1878
680.375	0.1894
680.5	0.1886
680.625	0.1855
680.75	0.1871
680.875	0.1839
681.0	0.1847
681.125	0.1792
681.25	0.18
681.375	0.1823
681.5	0.1784
681.625	0.1792
681.75	0.1784
681.875	0.1784
682.0	0.1761
682.125	0.1721
682.25	0.1737
682.375	0.1768
682.5	0.1745
682.625	0.1745
682.75	0.1721
682.875	0.1729
683.0	0.1721
683.125	0.1713
683.25	0.1705
683.375	0.1721
683.5	0.1737
683.625	0.1721
683.75	0.1753
683.875	0.1768
684.0	0.1698
684.125	0.169
684.25	0.1698
684.375	0.1682
684.5	0.1682
684.625	0.165
684.75	0.1643
684.875	0.1643
685.0	0.1603
685.125	0.1635
685.25	0.1619
685.375	0.165
685.5	0.1643
685.625	0.1619
685.75	0.1643
685.875	0.165
686.0	0.1635
686.125	0.1643
686.25	0.1611
686.375	0.1619
686.5	0.1619
686.625	0.1643
686.75	0.1619
686.875	0.1619
687.0	0.1603
687.125	0.1611
687.25	0.1603
687.375	0.158
687.5	0.1556
687.625	0.1556
687.75	0.1556
687.875	0.1556
688.0	0.1564
688.125	0.1572
688.25	0.1556
688.375	0.1556
688.5	0.1556
688.625	0.1525
688.75	0.1525
688.875	0.1509
689.0	0.1525
689.125	0.154
689.25	0.1509
689.375	0.1525
689.5	0.1509
689.625	0.147
689.75	0.1462
689.875	0.1454
690.0	0.1477
690.125	0.1477
690.25	0.147
690.375	0.1477
690.5	0.1462
690.625	0.147
690.75	0.1462
690.875	0.1462
691.0	0.1462
691.125	0.1462
691.25	0.1454
691.375	0.1462
691.5	0.1462
691.625	0.1454
691.75	0.1422
691.875	0.143
692.0	0.1415
692.125	0.1415
692.25	0.1438
692.375	0.1422
692.5	0.1415
692.625	0.1415
692.75	0.1415
692.875	0.1415
693.0	0.1422
693.125	0.1391
693.25	0.1415
693.375	0.1367
693.5	0.1375
693.625	0.1399
693.75	0.1367
693.875	0.1399
694.0	0.1367
694.125	0.1375
694.25	0.1367
694.375	0.136
694.5	0.1344
694.625	0.1367
694.75	0.1344
694.875	0.1367
695.0	0.1352
695.125	0.136
695.25	0.1367
695.375	0.1352
695.5	0.1336
695.625	0.1352
695.75	0.132
695.875	0.1328
696.0	0.1352
696.125	0.1367
696.25	0.1328
696.375	0.132
696.5	0.132
696.625	0.1305
696.75	0.1297
696.875	0.1305
697.0	0.1289
697.125	0.1257
697.25	0.1265
697.375	0.1234
697.5	0.125
697.625	0.1257
697.75	0.1281
697.875	0.125
698.0	0.1226
698.125	0.1257
698.25	0.125
698.375	0.1273
698.5	0.1273
698.625	0.1265
698.75	0.1273
698.875	0.1242
699.0	0.1242
699.125	0.1234
699.25	0.1242
699.375	0.1273
699.5	0.125
699.625	0.1226
699.75	0.1226
699.875	0.1242
