350.0	0.0
350.125	0.0
350.25	0.0
350.375	0.0
350.5	0.0
350.625	0.0
350.75	0.0
350.875	0.0
351.0	0.0
351.125	0.0
351.25	0.0
351.375	0.0
351.5	0.0
351.625	0.0
351.75	0.0
351.875	0.0
352.0	0.0
352.125	0.0
352.25	0.0
352.375	0.0
352.5	0.0
352.625	0.0
352.75	0.0
352.875	0.0
353.0	0.0
353.125	0.0
353.25	0.0
353.375	0.0
353.5	0.0
353.625	0.0
353.75	0.0
353.875	0.0
354.0	0.0
354.125	0.0
354.25	0.0
354.375	0.0
354.5	0.0
354.625	0.0
354.75	0.0
354.875	0.0
355.0	0.0
355.125	0.0
355.25	0.0
355.375	0.0
355.5	0.0
355.625	0.0
355.75	0.0
355.875	0.0
356.0	0.0
356.125	0.0
356.25	0.0
356.375	0.0
356.5	0.0
356.625	0.0
356.75	0.0
356.875	0.0
357.0	0.0
357.125	0.0
357.25	0.0
357.375	0.0
357.5	0.0
357.625	0.0
357.75	0.0
357.875	0.0
358.0	0.0
358.125	0.0
358.25	0.0
358.375	0.0
358.5	0.0
358.625	0.0
358.75	0.0
358.875	0.0
359.0	0.0
359.125	0.0
359.25	0.0
359.375	0.0
359.5	0.0
359.625	0.0
359.75	0.0
359.875	0.0
360.0	0.0
360.125	0.0
360.25	0.0
360.375	0.0
360.5	0.0
360.625	0.0
360.75	0.0
360.875	0.0
361.0	0.0
361.125	0.0
361.25	0.0
361.375	0.0
361.5	0.0
361.625	0.0
361.75	0.0
361.875	0.0
362.0	0.0
362.125	0.0
362.25	0.0
362.375	0.0
362.5	0.0
362.625	0.0
362.75	0.0
362.875	0.0
363.0	0.0
363.125	0.0
363.25	0.0
363.375	0.0
363.5	0.0
363.625	0.0
363.75	0.0
363.875	0.0
364.0	0.0
364.125	0.0
364.25	0.0
364.375	0.0
364.5	0.0
364.625	0.0
364.75	0.0
364.875	0.0
365.0	0.0
365.125	0.0
365.25	0.0
365.375	0.0
365.5	0.0
365.625	0.0
365.75	0.0
365.875	0.0
366.0	0.0
366.125	0.0
366.25	0.0
366.375	0.0
366.5	0.0
366.625	0.0
366.75	0.0
366.875	0.0
367.0	0.0
367.125	0.0
367.25	0.0
367.375	0.0
367.5	0.0
367.625	0.0
367.75	0.0
367.875	0.0
368.0	0.0
368.125	0.0
368.25	0.0
368.375	0.0
368.5	0.0
368.625	0.0
368.75	0.0
368.875	0.0
369.0	0.0
369.125	0.0
369.25	0.0
369.375	0.0
369.5	0.0
369.625	0.0
369.75	0.0023
369.875	0.0
370.0	0.0015
370.125	0.0
370.25	0.0023
370.375	0.0
370.5	0.0015
370.625	0.0
370.75	0.0
370.875	0.0
371.0	0.0
371.125	0.0
371.25	0.0
371.375	0.0
371.5	0.0
371.625	0.0
371.75	0.0
371.875	0.0
372.0	0.0
372.125	0.0
372.25	0.0
372.375	0.0
372.5	0.0
372.625	0.0
372.75	0.0
372.875	0.0
373.0	0.0
373.125	0.0
373.25	0.0
373.375	0.0
373.5	0.0
373.625	0.0
373.75	0.0
373.875	0.0
374.0	0.0
374.125	0.0
374.25	0.0
374.375	0.0
374.5	0.0
374.625	0.0
374.75	0.0
374.875	0.0
375.0	0.0
375.125	0.0
375.25	0.0
375.375	0.0
375.5	0.0
375.625	0.0
375.75	0.0
375.875	0.0
376.0	0.0
376.125	0.0
376.25	0.0
376.375	0.0
376.5	0.0
376.625	0.0
376.75	0.0
376.875	0.0
377.0	0.0
377.125	0.0
377.25	0.0
377.375	0.0
377.5	0.0
377.625	0.0
377.75	0.0
377.875	0.0
378.0	0.0
378.125	0.0
378.25	0.0
378.375	0.0
378.5	0.0
378.625	0.0
378.75	0.0
378.875	0.0
379.0	0.0
379.125	0.0
379.25	0.0
379.375	0.0
379.5	0.0
379.625	0.0
379.75	0.0
379.875	0.0
380.0	0.0
380.125	0.0
380.25	0.0
380.375	0.0
380.5	0.0
380.625	0.0
380.75	0.0
380.875	0.0
381.0	0.0
381.125	0.0
381.25	0.0
381.375	0.0
381.5	0.0
381.625	0.0
381.75	0.0
381.875	0.0
382.0	0.0
382.125	0.0
382.25	0.0
382.375	0.0
382.5	0.0
382.625	0.0
382.75	0.0
382.875	0.0
383.0	0.0
383.125	0.0
383.25	0.0
383.375	0.0
383.5	0.0
383.625	0.0
383.75	0.0
383.875	0.0
384.0	0.0
384.125	0.0
384.25	0.0
384.375	0.0
384.5	0.0
384.625	0.0
384.75	0.0
384.875	0.0
385.0	0.0
385.125	0.0
385.25	0.0
385.375	0.0
385.5	0.0
385.625	0.0
385.75	0.0
385.875	0.0
386.0	0.0
386.125	0.0
386.25	0.0
386.375	0.0
386.5	0.0
386.625	0.0
386.75	0.0
386.875	0.0
387.0	0.0
387.125	0.0
387.25	0.0
387.375	0.0
387.5	0.0
387.625	0.0
387.75	0.0
387.875	0.0
388.0	0.0
388.125	0.0
388.25	0.0
388.375	0.0
388.5	0.0
388.625	0.0
388.75	0.0
388.875	0.0
389.0	0.0
389.125	0.0
389.25	0.0
389.375	0.0
389.5	0.0
389.625	0.0
389.75	0.0
389.875	0.0
390.0	0.0
390.125	0.0
390.25	0.0
390.375	0.0
390.5	0.0
390.625	0.0
390.75	0.0
390.875	0.0
391.0	0.0
391.125	0.0
391.25	0.0
391.375	0.0
391.5	0.0
391.625	0.0
391.75	0.0
391.875	0.0
392.0	0.0
392.125	0.0
392.25	0.0
392.375	0.0
392.5	0.0
392.625	0.0
392.75	0.0
392.875	0.0023
393.0	0.0039
393.125	0.0031
393.25	0.007
393.375	0.0039
393.5	0.007
393.625	0.0078
393.75	0.0062
393.875	0.0062
394.0	0.0047
394.125	0.0047
394.25	0.0047
394.375	0.0023
394.5	0.0047
394.625	0.007
394.75	0.0094
394.875	0.011
395.0	0.011
395.125	0.0117
395.25	0.0141
395.375	0.0165
395.5	0.0188
395.625	0.0188
395.75	0.0094
395.875	0.0094
396.0	0.0086
396.125	0.0141
396.25	0.0133
396.375	0.0188
396.5	0.0188
396.625	0.022
396.75	0.0204
396.875	0.0235
397.0	0.0251
397.125	0.0235
397.25	0.0235
397.375	0.0267
397.5	0.0283
397.625	0.0283
397.75	0.0283
397.875	0.0298
398.0	0.0377
398.125	0.033
398.25	0.0361
398.375	0.0424
398.5	0.0416
398.625	0.0345
398.75	0.0393
398.875	0.04
399.0	0.0377
399.125	0.0448
399.25	0.0416
399.375	0.0448
399.5	0.0463
399.625	0.044
399.75	0.0455
399.875	0.0495
400.0	0.0479
400.125	0.0518
400.25	0.055
400.375	0.0566
400.5	0.0613
400.625	0.0636
400.75	0.0628
400.875	0.0628
401.0	0.0683
401.125	0.0699
401.25	0.0738
401.375	0.077
401.5	0.0786
401.625	0.0817
401.75	0.0762
401.875	0.0786
402.0	0.0801
402.125	0.0825
402.25	0.0911
402.375	0.0888
402.5	0.0896
402.625	0.0943
402.75	0.0959
402.875	0.0982
403.0	0.099
403.125	0.1006
403.25	0.1029
403.375	0.1061
403.5	0.1084
403.625	0.1116
403.75	0.1132
403.875	0.1202
404.0	0.1234
404.125	0.1281
404.25	0.1352
404.375	0.1352
404.5	0.136
404.625	0.1367
404.75	0.1383
404.875	0.1407
405.0	0.1415
405.125	0.1438
405.25	0.1462
405.375	0.1501
405.5	0.1548
405.625	0.1548
405.75	0.1564
405.875	0.158
406.0	0.154
406.125	0.1603
406.25	0.1611
406.375	0.1627
406.5	0.1658
406.625	0.1729
406.75	0.1784
406.875	0.1792
407.0	0.1823
407.125	0.1886
407.25	0.1886
407.375	0.1926
407.5	0.191
407.625	0.1949
407.75	0.1988
407.875	0.2028
408.0	0.2067
408.125	0.2106
408.25	0.2146
408.375	0.2185
408.5	0.2264
408.625	0.2295
408.75	0.2319
408.875	0.2405
409.0	0.2421
409.125	0.246
409.25	0.2531
409.375	0.2547
409.5	0.261
409.625	0.2665
409.75	0.2727
409.875	0.2751
410.0	0.2814
410.125	0.2924
410.25	0.2916
410.375	0.3003
410.5	0.2987
410.625	0.3034
410.75	0.3073
410.875	0.3128
411.0	0.3191
411.125	0.3191
411.25	0.3238
411.375	0.3341
411.5	0.3388
411.625	0.3443
411.75	0.3482
411.875	0.3537
412.0	0.3577
412.125	0.3632
412.25	0.3663
412.375	0.3757
412.5	0.3812
412.625	0.3867
412.75	0.3938
412.875	0.3985
413.0	0.4064
413.125	0.4103
413.25	0.415
413.375	0.4213
413.5	0.4261
413.625	0.4331
413.75	0.4402
413.875	0.4449
414.0	0.4512
414.125	0.4559
414.25	0.463
414.375	0.4701
414.5	0.4764
414.625	0.4858
414.75	0.4929
414.875	0.5
415.0	0.5062
415.125	0.5133
415.25	0.5204
415.375	0.5283
415.5	0.5275
415.625	0.5345
415.75	0.5448
415.875	0.5511
416.0	0.5628
416.125	0.5707
416.25	0.5786
416.375	0.5856
416.5	0.5927
416.625	0.6022
416.75	0.61
416.875	0.6187
417.0	0.6305
417.125	0.6312
417.25	0.6407
417.375	0.6509
417.5	0.6635
417.625	0.6682
417.75	0.6871
417.875	0.6973
418.0	0.7059
418.125	0.7075
418.25	0.713
418.375	0.7256
418.5	0.7374
418.625	0.7413
418.75	0.7444
418.875	0.7547
419.0	0.7657
419.125	0.7775
419.25	0.7869
419.375	0.7995
419.5	0.8144
419.625	0.8341
419.75	0.8451
419.875	0.8569
420.0	0.8687
420.125	0.882
420.25	0.8938
420.375	0.9033
420.5	0.915
420.625	0.9308
420.75	0.9378
420.875	0.9512
421.0	0.9677
421.125	0.9819
421.25	0.9952
421.375	1.0078
421.5	1.0243
421.625	1.033
421.75	1.0495
421.875	1.0652
422.0	1.0762
422.125	1.0935
422.25	1.1053
422.375	1.1194
422.5	1.1312
422.625	1.1438
422.75	1.1603
422.875	1.1753
423.0	1.1871
423.125	1.2036
423.25	1.2154
423.375	1.2311
423.5	1.2444
423.625	1.2602
423.75	1.2727
423.875	1.2869
424.0	1.3011
424.125	1.316
424.25	1.3294
424.375	1.3435
424.5	1.3592
424.625	1.371
424.75	1.3812
424.875	1.3962
425.0	1.4095
425.125	1.4261
425.25	1.4331
425.375	1.4504
425.5	1.4638
425.625	1.4764
425.75	1.4913
425.875	1.5055
426.0	1.5235
426.125	1.533
426.25	1.5408
426.375	1.555
426.5	1.566
426.625	1.5809
426.75	1.5935
426.875	1.6061
427.0	1.6155
427.125	1.6281
427.25	1.6415
427.375	1.6485
427.5	1.654
427.625	1.6682
427.75	1.6768
427.875	1.6839
428.0	1.6957
428.125	1.7036
428.25	1.7114
428.375	1.7161
428.5	1.7256
428.625	1.7287
428.75	1.7342
428.875	1.7358
429.0	1.7437
429.125	1.746
429.25	1.7531
429.375	1.7602
429.5	1.7641
429.625	1.7688
429.75	1.7665
429.875	1.7672
430.0	1.7735
430.125	1.7743
430.25	1.7775
430.375	1.7783
430.5	1.7783
430.625	1.7759
430.75	1.772
430.875	1.7688
431.0	1.7649
431.125	1.7641
431.25	1.7617
431.375	1.7374
431.5	1.7358
431.625	1.7319
431.75	1.7264
431.875	1.724
432.0	1.7216
432.125	1.7051
432.25	1.7012
432.375	1.6996
432.5	1.6894
432.625	1.68
432.75	1.6753
432.875	1.665
433.0	1.6556
433.125	1.647
433.25	1.6407
433.375	1.6328
433.5	1.6273
433.625	1.6084
433.75	1.5959
433.875	1.5911
434.0	1.5778
434.125	1.566
434.25	1.5542
434.375	1.54
434.5	1.5283
434.625	1.5196
434.75	1.5102
434.875	1.4921
435.0	1.4858
435.125	1.474
435.25	1.4575
435.375	1.4465
435.5	1.4363
435.625	1.4205
435.75	1.4119
435.875	1.4033
436.0	1.3875
436.125	1.3781
436.25	1.3718
436.375	1.36
436.5	1.3459
436.625	1.3364
436.75	1.3246
436.875	1.3121
437.0	1.3042
437.125	1.2877
437.25	1.2767
437.375	1.2633
437.5	1.2539
437.625	1.2405
437.75	1.235
437.875	1.2264
438.0	1.2161
438.125	1.2028
438.25	1.1933
438.375	1.1816
438.5	1.18
438.625	1.1729
438.75	1.1643
438.875	1.154
439.0	1.1485
439.125	1.1375
439.25	1.1273
439.375	1.1171
439.5	1.11
439.625	1.0904
439.75	1.0762
439.875	1.0707
440.0	1.0621
440.125	1.0573
440.25	1.0518
440.375	1.0424
440.5	1.0314
440.625	1.0243
440.75	1.0227
440.875	1.0141
441.0	1.0086
441.125	0.9976
441.25	0.9913
441.375	0.9874
441.5	0.9787
441.625	0.9732
441.75	0.9669
441.875	0.963
442.0	0.9544
442.125	0.9512
442.25	0.9441
442.375	0.9394
442.5	0.9347
442.625	0.9308
442.75	0.9268
442.875	0.9198
443.0	0.9143
443.125	0.9056
443.25	0.8985
443.375	0.8962
443.5	0.8915
443.625	0.8867
443.75	0.8836
443.875	0.8812
444.0	0.8679
444.125	0.8757
444.25	0.8742
444.375	0.8639
444.5	0.8537
444.625	0.8506
444.75	0.8451
444.875	0.838
445.0	0.8317
445.125	0.8301
445.25	0.8231
445.375	0.8199
445.5	0.8136
445.625	0.8089
445.75	0.8042
445.875	0.7971
446.0	0.7948
446.125	0.7908
446.25	0.7893
446.375	0.783
446.5	0.7783
446.625	0.7727
446.75	0.7688
446.875	0.7649
447.0	0.7625
447.125	0.7562
447.25	0.7515
447.375	0.7523
447.5	0.7452
447.625	0.7389
447.75	0.7358
447.875	0.7264
448.0	0.724
448.125	0.7216
448.25	0.7177
448.375	0.7114
448.5	0.7091
448.625	0.7044
448.75	0.7004
448.875	0.7028
449.0	0.6981
449.125	0.6933
449.25	0.6855
449.375	0.6863
449.5	0.6816
449.625	0.6745
449.75	0.6698
449.875	0.6643
450.0	0.658
450.125	0.654
450.25	0.6485
450.375	0.6477
450.5	0.6462
450.625	0.6462
450.75	0.6407
450.875	0.6375
451.0	0.632
451.125	0.6265
451.25	0.6257
451.375	0.6257
451.5	0.6226
451.625	0.6226
451.75	0.6218
451.875	0.6163
452.0	0.6139
452.125	0.6077
452.25	0.6077
452.375	0.6037
452.5	0.5998
452.625	0.5998
452.75	0.5849
452.875	0.5896
453.0	0.5856
453.125	0.5801
453.25	0.5691
453.375	0.5715
453.5	0.5707
453.625	0.5621
453.75	0.5613
453.875	0.5597
454.0	0.5566
454.125	0.5597
454.25	0.5589
454.375	0.5605
454.5	0.555
454.625	0.555
454.75	0.5518
454.875	0.5518
455.0	0.5511
455.125	0.5479
455.25	0.5471
455.375	0.5471
455.5	0.5455
455.625	0.5432
455.75	0.5393
455.875	0.5408
456.0	0.5338
456.125	0.5306
456.25	0.5259
456.375	0.5275
456.5	0.5267
456.625	0.5275
456.75	0.5243
456.875	0.5235
457.0	0.5188
457.125	0.518
457.25	0.5188
457.375	0.5165
457.5	0.5133
457.625	0.5133
457.75	0.5102
457.875	0.5102
458.0	0.5141
458.125	0.5125
458.25	0.5086
458.375	0.5102
458.5	0.5094
458.625	0.5078
458.75	0.507
458.875	0.507
459.0	0.5078
459.125	0.507
459.25	0.5078
459.375	0.5062
459.5	0.5055
459.625	0.5086
459.75	0.5062
459.875	0.507
460.0	0.5086
460.125	0.5086
460.25	0.5094
460.375	0.5086
460.5	0.5094
460.625	0.5023
460.75	0.5031
460.875	0.5023
461.0	0.5055
461.125	0.5
461.25	0.5031
461.375	0.5031
461.5	0.5023
461.625	0.5015
461.75	0.5031
461.875	0.5047
462.0	0.5047
462.125	0.5047
462.25	0.5047
462.375	0.5031
462.5	0.5023
462.625	0.5031
462.75	0.5047
462.875	0.507
463.0	0.5102
463.125	0.5102
463.25	0.5078
463.375	0.5078
463.5	0.5047
463.625	0.511
463.75	0.5102
463.875	0.518
464.0	0.5204
464.125	0.5204
464.25	0.522
464.375	0.5149
464.5	0.5133
464.625	0.5172
464.75	0.5172
464.875	0.5188
465.0	0.5243
465.125	0.5188
465.25	0.518
465.375	0.5172
465.5	0.5212
465.625	0.5251
465.75	0.529
465.875	0.5235
466.0	0.5283
466.125	0.5283
466.25	0.5306
466.375	0.5243
466.5	0.5283
466.625	0.5283
466.75	0.5314
466.875	0.5338
467.0	0.5353
467.125	0.5385
467.25	0.5424
467.375	0.5385
467.5	0.5353
467.625	0.5322
467.75	0.5345
467.875	0.533
468.0	0.5306
468.125	0.5369
468.25	0.54
468.375	0.5487
468.5	0.5487
468.625	0.5471
468.75	0.544
468.875	0.5463
469.0	0.5455
469.125	0.5503
469.25	0.5566
469.375	0.5558
469.5	0.5503
469.625	0.5558
469.75	0.5605
469.875	0.5558
470.0	0.5581
470.125	0.5573
470.25	0.5621
470.375	0.5589
470.5	0.5628
470.625	0.5621
470.75	0.5652
470.875	0.5683
471.0	0.5707
471.125	0.5723
471.25	0.5754
471.375	0.5746
471.5	0.5754
471.625	0.5754
471.75	0.5754
471.875	0.5778
472.0	0.5762
472.125	0.5801
472.25	0.5801
472.375	0.5856
472.5	0.5833
472.625	0.5809
472.75	0.5794
472.875	0.5809
473.0	0.5825
473.125	0.5809
473.25	0.5927
473.375	0.5959
473.5	0.5959
473.625	0.5974
473.75	0.5959
473.875	0.5974
474.0	0.599
474.125	0.5998
474.25	0.6022
474.375	0.6037
474.5	0.6061
474.625	0.6077
474.75	0.6069
474.875	0.6077
475.0	0.6084
475.125	0.6084
475.25	0.6092
475.375	0.61
475.5	0.6037
475.625	0.6069
475.75	0.6132
475.875	0.6116
476.0	0.6132
476.125	0.6179
476.25	0.6194
476.375	0.6187
476.5	0.6202
476.625	0.6179
476.75	0.61
476.875	0.6124
477.0	0.6139
477.125	0.6139
477.25	0.61
477.375	0.6155
477.5	0.6139
477.625	0.6194
477.75	0.6139
477.875	0.6124
478.0	0.6139
478.125	0.6179
478.25	0.6218
478.375	0.6297
478.5	0.6289
478.625	0.6273
478.75	0.6273
478.875	0.6257
479.0	0.632
479.125	0.6352
479.25	0.6336
479.375	0.636
479.5	0.6375
479.625	0.6375
479.75	0.632
479.875	0.632
480.0	0.632
480.125	0.6399
480.25	0.6454
480.375	0.6556
480.5	0.6556
480.625	0.6556
480.75	0.6603
480.875	0.6603
481.0	0.6595
481.125	0.6603
481.25	0.6595
481.375	0.6619
481.5	0.6643
481.625	0.6611
481.75	0.6595
481.875	0.6603
482.0	0.665
482.125	0.6674
482.25	0.6658
482.375	0.6658
482.5	0.6658
482.625	0.6674
482.75	0.6674
482.875	0.6698
483.0	0.6705
483.125	0.6698
483.25	0.6682
483.375	0.6658
483.5	0.6705
483.625	0.6713
483.75	0.6635
483.875	0.665
484.0	0.6666
484.125	0.665
484.25	0.6674
484.375	0.6658
484.5	0.6721
484.625	0.6705
484.75	0.6729
484.875	0.6682
485.0	0.6698
485.125	0.669
485.25	0.669
485.375	0.6721
485.5	0.6768
485.625	0.6792
485.75	0.6792
485.875	0.6784
486.0	0.6792
486.125	0.68
486.25	0.68
486.375	0.6839
486.5	0.6839
486.625	0.6847
486.75	0.6831
486.875	0.6847
487.0	0.6871
487.125	0.6839
487.25	0.6871
487.375	0.6808
487.5	0.6839
487.625	0.6839
487.75	0.6871
487.875	0.6902
488.0	0.6933
488.125	0.691
488.25	0.6926
488.375	0.6926
488.5	0.6926
488.625	0.6981
488.75	0.6981
488.875	0.6965
489.0	0.6933
489.125	0.6981
489.25	0.6988
489.375	0.6996
489.5	0.6988
489.625	0.7028
489.75	0.7028
489.875	0.7012
490.0	0.6996
490.125	0.6981
490.25	0.6981
490.375	0.7012
490.5	0.7004
490.625	0.7028
490.75	0.702
490.875	0.7028
491.0	0.7059
491.125	0.7075
491.25	0.7051
491.375	0.7051
491.5	0.7051
491.625	0.7075
491.75	0.7067
491.875	0.7075
492.0	0.7114
492.125	0.7106
492.25	0.7083
492.375	0.7099
492.5	0.7091
492.625	0.7099
492.75	0.7106
492.875	0.7122
493.0	0.7122
493.125	0.7114
493.25	0.7114
493.375	0.7138
493.5	0.7138
493.625	0.7161
493.75	0.7146
493.875	0.713
494.0	0.7122
494.125	0.7169
494.25	0.7154
494.375	0.7122
494.5	0.7099
494.625	0.713
494.75	0.7146
494.875	0.7169
495.0	0.7169
495.125	0.7169
495.25	0.7201
495.375	0.7193
495.5	0.7177
495.625	0.7201
495.75	0.7216
495.875	0.7248
496.0	0.7264
496.125	0.7256
496.25	0.7256
496.375	0.724
496.5	0.7216
496.625	0.7224
496.75	0.7224
496.875	0.7216
497.0	0.7224
497.125	0.7248
497.25	0.7193
497.375	0.7216
497.5	0.7216
497.625	0.7209
497.75	0.7193
497.875	0.7169
498.0	0.7185
498.125	0.7177
498.25	0.7169
498.375	0.7161
498.5	0.7154
498.625	0.7161
498.75	0.7169
498.875	0.7146
499.0	0.7169
499.125	0.7169
499.25	0.7169
499.375	0.7169
499.5	0.7169
499.625	0.7177
499.75	0.7169
499.875	0.7122
500.0	0.7154
500.125	0.7161
500.25	0.7146
500.375	0.7161
500.5	0.7161
500.625	0.713
500.75	0.7169
500.875	0.7169
501.0	0.7122
501.125	0.7122
501.25	0.7122
501.375	0.7114
501.5	0.7099
501.625	0.7122
501.75	0.7154
501.875	0.7122
502.0	0.7138
502.125	0.7114
502.25	0.713
502.375	0.713
502.5	0.7122
502.625	0.7138
502.75	0.7114
502.875	0.7161
503.0	0.713
503.125	0.713
503.25	0.713
503.375	0.7075
503.5	0.7067
503.625	0.7067
503.75	0.7075
503.875	0.7051
504.0	0.7036
504.125	0.7067
504.25	0.7083
504.375	0.7059
504.5	0.7044
504.625	0.7075
504.75	0.7083
504.875	0.7083
505.0	0.7075
505.125	0.7091
505.25	0.7106
505.375	0.7083
505.5	0.7075
505.625	0.7075
505.75	0.7059
505.875	0.7028
506.0	0.702
506.125	0.7028
506.25	0.7028
506.375	0.7044
506.5	0.7083
506.625	0.7059
506.75	0.7106
506.875	0.7114
507.0	0.7067
507.125	0.7075
507.25	0.7028
507.375	0.7036
507.5	0.7028
507.625	0.7044
507.75	0.7051
507.875	0.7012
508.0	0.6933
508.125	0.6957
508.25	0.6949
508.375	0.6996
508.5	0.6996
508.625	0.7004
508.75	0.702
508.875	0.6988
509.0	0.7004
509.125	0.6988
509.25	0.7012
509.375	0.702
509.5	0.6988
509.625	0.7004
509.75	0.6957
509.875	0.6965
510.0	0.6933
510.125	0.6941
510.25	0.6949
510.375	0.6918
510.5	0.6918
510.625	0.6933
510.75	0.6973
510.875	0.6957
511.0	0.6933
511.125	0.6894
511.25	0.6933
511.375	0.6926
511.5	0.6902
511.625	0.6933
511.75	0.6949
511.875	0.6933
512.0	0.6886
512.125	0.6902
512.25	0.6886
512.375	0.6886
512.5	0.6886
512.625	0.6886
512.75	0.691
512.875	0.6886
513.0	0.6933
513.125	0.691
513.25	0.6886
513.375	0.6902
513.5	0.6886
513.625	0.6886
513.75	0.6902
513.875	0.6871
514.0	0.6863
514.125	0.6878
514.25	0.6878
514.375	0.6816
514.5	0.6792
514.625	0.6776
514.75	0.6753
514.875	0.68
515.0	0.6839
515.125	0.6831
515.25	0.68
515.375	0.6792
515.5	0.6776
515.625	0.6792
515.75	0.6776
515.875	0.6753
516.0	0.6753
516.125	0.6776
516.25	0.6745
516.375	0.6745
516.5	0.6721
516.625	0.6698
516.75	0.6713
516.875	0.6768
517.0	0.6745
517.125	0.6745
517.25	0.6737
517.375	0.6713
517.5	0.6698
517.625	0.6713
517.75	0.6682
517.875	0.6705
518.0	0.6698
518.125	0.6698
518.25	0.6666
518.375	0.6698
518.5	0.6698
518.625	0.6682
518.75	0.6658
518.875	0.6635
519.0	0.6595
519.125	0.6643
519.25	0.6627
519.375	0.6627
519.5	0.665
519.625	0.6635
519.75	0.6627
519.875	0.6572
520.0	0.6603
520.125	0.6611
520.25	0.6635
520.375	0.6627
520.5	0.6603
520.625	0.6611
520.75	0.658
520.875	0.6603
521.0	0.6556
521.125	0.658
521.25	0.658
521.375	0.6564
521.5	0.6556
521.625	0.6564
521.75	0.6517
521.875	0.6517
522.0	0.6493
522.125	0.6501
522.25	0.6501
522.375	0.6533
522.5	0.6509
522.625	0.6533
522.75	0.6485
522.875	0.6501
523.0	0.6462
523.125	0.6446
523.25	0.6446
523.375	0.6454
523.5	0.6422
523.625	0.643
523.75	0.6462
523.875	0.643
524.0	0.6446
524.125	0.6485
524.25	0.6501
524.375	0.6477
524.5	0.6462
524.625	0.6415
524.75	0.6399
524.875	0.6422
525.0	0.6407
525.125	0.6367
525.25	0.6367
525.375	0.6407
525.5	0.6328
525.625	0.6336
525.75	0.6367
525.875	0.6344
526.0	0.6367
526.125	0.6352
526.25	0.636
526.375	0.632
526.5	0.6312
526.625	0.6226
526.75	0.6226
526.875	0.6242
527.0	0.6242
527.125	0.6218
527.25	0.6226
527.375	0.6226
527.5	0.6242
527.625	0.6242
527.75	0.6257
527.875	0.6202
528.0	0.621
528.125	0.6226
528.25	0.6218
528.375	0.6155
528.5	0.6116
528.625	0.6132
528.75	0.6139
528.875	0.6132
529.0	0.6108
529.125	0.6116
529.25	0.6132
529.375	0.6124
529.5	0.6132
529.625	0.61
529.75	0.6124
529.875	0.6108
530.0	0.61
530.125	0.6069
530.25	0.6061
530.375	0.6077
530.5	0.6037
530.625	0.6061
530.75	0.6053
530.875	0.6092
531.0	0.6084
531.125	0.6084
531.25	0.6077
531.375	0.6061
531.5	0.6077
531.625	0.6069
531.75	0.6084
531.875	0.6108
532.0	0.6124
532.125	0.6147
532.25	0.6155
532.375	0.6139
532.5	0.6147
532.625	0.6084
532.75	0.6084
532.875	0.6061
533.0	0.6045
533.125	0.599
533.25	0.5966
533.375	0.5935
533.5	0.5966
533.625	0.5959
533.75	0.5943
533.875	0.5896
534.0	0.5896
534.125	0.5904
534.25	0.5888
534.375	0.5904
534.5	0.5896
534.625	0.5864
534.75	0.5896
534.875	0.5911
535.0	0.5904
535.125	0.5888
535.25	0.5896
535.375	0.5864
535.5	0.5841
535.625	0.5864
535.75	0.5841
535.875	0.5833
536.0	0.5841
536.125	0.5809
536.25	0.5833
536.375	0.5809
536.5	0.5786
536.625	0.577
536.75	0.5801
536.875	0.5801
537.0	0.5825
537.125	0.5833
537.25	0.5801
537.375	0.5786
537.5	0.5817
537.625	0.5801
537.75	0.5809
537.875	0.5786
538.0	0.5817
538.125	0.5825
538.25	0.5801
538.375	0.5794
538.5	0.5786
538.625	0.5746
538.75	0.5707
538.875	0.5746
539.0	0.577
539.125	0.5746
539.25	0.5707
539.375	0.5723
539.5	0.5731
539.625	0.5715
539.75	0.5723
539.875	0.5676
540.0	0.5668
540.125	0.5676
540.25	0.5652
540.375	0.5652
540.5	0.566
540.625	0.5644
540.75	0.5652
540.875	0.5581
541.0	0.5613
541.125	0.5581
541.25	0.5566
541.375	0.5581
541.5	0.5621
541.625	0.5605
541.75	0.5613
541.875	0.5605
542.0	0.5597
542.125	0.5613
542.25	0.5613
542.375	0.5597
542.5	0.5566
542.625	0.5597
542.75	0.5597
542.875	0.5589
543.0	0.555
543.125	0.5558
543.25	0.5518
543.375	0.5487
543.5	0.5542
543.625	0.5566
543.75	0.5534
543.875	0.5495
544.0	0.5471
544.125	0.544
544.25	0.5471
544.375	0.5487
544.5	0.5471
544.625	0.5471
544.75	0.5479
544.875	0.5424
545.0	0.5448
545.125	0.5471
545.25	0.5448
545.375	0.5471
545.5	0.5471
545.625	0.544
545.75	0.5416
545.875	0.544
546.0	0.5408
546.125	0.5424
546.25	0.5369
546.375	0.5408
546.5	0.5385
546.625	0.5385
546.75	0.5377
546.875	0.5353
547.0	0.5353
547.125	0.5393
547.25	0.54
547.375	0.5385
547.5	0.54
547.625	0.5338
547.75	0.5322
547.875	0.533
548.0	0.5353
548.125	0.5322
548.25	0.5322
548.375	0.533
548.5	0.533
548.625	0.5338
548.75	0.533
548.875	0.54
549.0	0.5283
549.125	0.529
549.25	0.5275
549.375	0.5306
549.5	0.529
549.625	0.5267
549.75	0.5298
549.875	0.5283
550.0	0.5243
550.125	0.5243
550.25	0.5259
550.375	0.5267
550.5	0.522
550.625	0.5243
550.75	0.5235
550.875	0.5227
551.0	0.518
551.125	0.5235
551.25	0.5204
551.375	0.5188
551.5	0.5188
551.625	0.5188
551.75	0.5157
551.875	0.518
552.0	0.5125
552.125	0.5117
552.25	0.5141
552.375	0.511
552.5	0.5141
552.625	0.5094
552.75	0.5094
552.875	0.5047
553.0	0.5078
553.125	0.5086
553.25	0.5133
553.375	0.511
553.5	0.5047
553.625	0.5031
553.75	0.5
553.875	0.5023
554.0	0.5023
554.125	0.4992
554.25	0.5039
554.375	0.5023
554.5	0.5023
554.625	0.5
554.75	0.4984
554.875	0.5015
555.0	0.5
555.125	0.5007
555.25	0.5
555.375	0.5
555.5	0.4952
555.625	0.4992
555.75	0.5
555.875	0.4984
556.0	0.4984
556.125	0.4976
556.25	0.4968
556.375	0.4952
556.5	0.4889
556.625	0.4937
556.75	0.4921
556.875	0.4937
557.0	0.4921
557.125	0.4929
557.25	0.4889
557.375	0.4913
557.5	0.4889
557.625	0.4905
557.75	0.4882
557.875	0.4866
558.0	0.4866
558.125	0.4905
558.25	0.4874
558.375	0.4834
558.5	0.4858
558.625	0.4889
558.75	0.4858
558.875	0.4882
559.0	0.4897
559.125	0.4858
559.25	0.4882
559.375	0.4842
559.5	0.4984
559.625	0.4952
559.75	0.4944
559.875	0.4897
560.0	0.4811
560.125	0.4834
560.25	0.4842
560.375	0.4834
560.5	0.4834
560.625	0.4827
560.75	0.4772
560.875	0.4811
561.0	0.4827
561.125	0.4827
561.25	0.4834
561.375	0.4811
561.5	0.4795
561.625	0.4779
561.75	0.4827
561.875	0.4787
562.0	0.4787
562.125	0.4795
562.25	0.4811
562.375	0.4811
562.5	0.4779
562.625	0.4787
562.75	0.4772
562.875	0.474
563.0	0.4701
563.125	0.4716
563.25	0.4661
563.375	0.4646
563.5	0.4669
563.625	0.4654
563.75	0.4638
563.875	0.4654
564.0	0.4701
564.125	0.4709
564.25	0.4677
564.375	0.4669
564.5	0.4709
564.625	0.4685
564.75	0.4693
564.875	0.4709
565.0	0.4661
565.125	0.4654
565.25	0.4622
565.375	0.4591
565.5	0.4551
565.625	0.4536
565.75	0.4591
565.875	0.4504
566.0	0.4528
566.125	0.4536
566.25	0.4544
566.375	0.4528
566.5	0.4528
566.625	0.4551
566.75	0.4583
566.875	0.4544
567.0	0.4583
567.125	0.452
567.25	0.452
567.375	0.4481
567.5	0.4567
567.625	0.4575
567.75	0.4559
567.875	0.452
568.0	0.4528
568.125	0.4551
568.25	0.4559
568.375	0.4528
568.5	0.452
568.625	0.4504
568.75	0.4496
568.875	0.4473
569.0	0.4481
569.125	0.4449
569.25	0.4481
569.375	0.4481
569.5	0.4512
569.625	0.4473
569.75	0.4426
569.875	0.4433
570.0	0.4481
570.125	0.4465
570.25	0.4441
570.375	0.4449
570.5	0.4386
570.625	0.4402
570.75	0.4418
570.875	0.4433
571.0	0.4418
571.125	0.4426
571.25	0.4394
571.375	0.4355
571.5	0.4386
571.625	0.4355
571.75	0.4323
571.875	0.4355
572.0	0.4339
572.125	0.4363
572.25	0.4331
572.375	0.4284
572.5	0.4331
572.625	0.4386
572.75	0.4323
572.875	0.4339
573.0	0.4331
573.125	0.4276
573.25	0.4292
573.375	0.4292
573.5	0.4245
573.625	0.4276
573.75	0.4284
573.875	0.4284
574.0	0.4284
574.125	0.4253
574.25	0.4268
574.375	0.4261
574.5	0.4245
574.625	0.4237
574.75	0.4268
574.875	0.4284
575.0	0.4245
575.125	0.4198
575.25	0.4213
575.375	0.4229
575.5	0.4205
575.625	0.4198
575.75	0.4198
575.875	0.4221
576.0	0.4237
576.125	0.4245
576.25	0.4213
576.375	0.4198
576.5	0.419
576.625	0.4143
576.75	0.4119
576.875	0.4182
577.0	0.4166
577.125	0.4166
577.25	0.415
577.375	0.415
577.5	0.4127
577.625	0.4095
577.75	0.4095
577.875	0.4119
578.0	0.4127
578.125	0.4198
578.25	0.4261
578.375	0.4237
578.5	0.4213
578.625	0.4198
578.75	0.4166
578.875	0.415
579.0	0.4158
579.125	0.4135
579.25	0.4127
579.375	0.4103
579.5	0.4135
579.625	0.4119
579.75	0.4143
579.875	0.4127
580.0	0.415
580.125	0.415
580.25	0.4143
580.375	0.4135
580.5	0.415
580.625	0.4143
580.75	0.4111
580.875	0.4103
581.0	0.408
581.125	0.4009
581.25	0.3938
581.375	0.393
581.5	0.3985
581.625	0.3962
581.75	0.3962
581.875	0.3938
582.0	0.3938
582.125	0.3922
582.25	0.3891
582.375	0.3922
582.5	0.3938
582.625	0.3922
582.75	0.3891
582.875	0.3899
583.0	0.3883
583.125	0.386
583.25	0.3852
583.375	0.3867
583.5	0.3852
583.625	0.3867
583.75	0.386
583.875	0.386
584.0	0.3852
584.125	0.3875
584.25	0.3852
584.375	0.3828
584.5	0.3828
584.625	0.3828
584.75	0.3867
584.875	0.3852
585.0	0.3836
585.125	0.3836
585.25	0.3828
585.375	0.3812
585.5	0.3828
585.625	0.3828
585.75	0.3828
585.875	0.3828
586.0	0.3789
586.125	0.3781
586.25	0.3781
586.375	0.3773
586.5	0.3773
586.625	0.3757
586.75	0.3773
586.875	0.3726
587.0	0.3734
587.125	0.3718
587.25	0.3757
587.375	0.3726
587.5	0.3757
587.625	0.3718
587.75	0.371
587.875	0.375
588.0	0.371
588.125	0.3694
588.25	0.3718
588.375	0.3694
588.5	0.3663
588.625	0.3718
588.75	0.3639
588.875	0.3663
589.0	0.3679
589.125	0.3679
589.25	0.3687
589.375	0.3679
589.5	0.3671
589.625	0.3616
589.75	0.3632
589.875	0.3624
590.0	0.3608
590.125	0.3584
590.25	0.3616
590.375	0.3584
590.5	0.3545
590.625	0.3577
590.75	0.36
590.875	0.3584
591.0	0.3584
591.125	0.3553
591.25	0.3537
591.375	0.3529
591.5	0.36
591.625	0.3584
591.75	0.3522
591.875	0.3553
592.0	0.3561
592.125	0.3577
592.25	0.3506
592.375	0.3522
592.5	0.3553
592.625	0.3537
592.75	0.349
592.875	0.3498
593.0	0.3577
593.125	0.3522
593.25	0.3506
593.375	0.3529
593.5	0.349
593.625	0.3466
593.75	0.3466
593.875	0.3443
594.0	0.3451
594.125	0.3451
594.25	0.3427
594.375	0.3427
594.5	0.3396
594.625	0.3396
594.75	0.3396
594.875	0.3419
595.0	0.3349
595.125	0.3372
595.25	0.338
595.375	0.3411
595.5	0.3364
595.625	0.3396
595.75	0.338
595.875	0.3349
596.0	0.3301
596.125	0.3325
596.25	0.338
596.375	0.3341
596.5	0.3349
596.625	0.3294
596.75	0.3278
596.875	0.3317
597.0	0.3309
597.125	0.3301
597.25	0.3301
597.375	0.3262
597.5	0.3317
597.625	0.3278
597.75	0.3254
597.875	0.3238
598.0	0.3254
598.125	0.3238
598.25	0.3223
598.375	0.3215
598.5	0.3199
598.625	0.3176
598.75	0.3144
598.875	0.316
599.0	0.3183
599.125	0.3183
599.25	0.3215
599.375	0.3223
599.5	0.3223
599.625	0.3215
599.75	0.3223
599.875	0.3176
600.0	0.3144
600.125	0.3136
600.25	0.3121
600.375	0.3136
600.5	0.316
600.625	0.3152
600.75	0.3183
600.875	0.316
601.0	0.3128
601.125	0.3168
601.25	0.3136
601.375	0.3113
601.5	0.3113
601.625	0.3113
601.75	0.3089
601.875	0.3105
602.0	0.3097
602.125	0.3105
602.25	0.3073
602.375	0.3113
602.5	0.3089
602.625	0.3081
602.75	0.3073
602.875	0.3058
603.0	0.3018
603.125	0.3018
603.25	0.3018
603.375	0.3003
603.5	0.3011
603.625	0.2979
603.75	0.2971
603.875	0.2979
604.0	0.2979
604.125	0.2971
604.25	0.2963
604.375	0.294
604.5	0.2979
604.625	0.29
604.75	0.294
604.875	0.294
605.0	0.2948
605.125	0.2948
605.25	0.2916
605.375	0.2924
605.5	0.2916
605.625	0.2893
605.75	0.2908
605.875	0.2924
606.0	0.283
606.125	0.2845
606.25	0.2877
606.375	0.2885
606.5	0.2853
606.625	0.2845
606.75	0.2861
606.875	0.2861
607.0	0.2893
607.125	0.2838
607.25	0.2861
607.375	0.2861
607.5	0.2814
607.625	0.2806
607.75	0.2814
607.875	0.2814
608.0	0.2822
608.125	0.2783
608.25	0.2783
608.375	0.2814
608.5	0.2759
608.625	0.2727
608.75	0.2696
608.875	0.272
609.0	0.2688
609.125	0.2665
609.25	0.2688
609.375	0.2688
609.5	0.2743
609.625	0.2688
609.75	0.2625
609.875	0.2688
610.0	0.2602
610.125	0.2641
610.25	0.2641
610.375	0.2633
610.5	0.2633
610.625	0.2649
610.75	0.2625
610.875	0.2602
611.0	0.257
611.125	0.2617
611.25	0.2617
611.375	0.2562
611.5	0.2594
611.625	0.2562
611.75	0.25
611.875	0.2484
612.0	0.2539
612.125	0.2539
612.25	0.2515
612.375	0.2507
612.5	0.25
612.625	0.25
612.75	0.2507
612.875	0.25
613.0	0.2492
613.125	0.2476
613.25	0.2562
613.375	0.2594
613.5	0.2594
613.625	0.257
613.75	0.2578
613.875	0.2586
614.0	0.2594
614.125	0.2547
614.25	0.2562
614.375	0.2547
614.5	0.2547
614.625	0.25
614.75	0.2507
614.875	0.2492
615.0	0.2484
615.125	0.25
615.25	0.2507
615.375	0.2523
615.5	0.2429
615.625	0.2476
615.75	0.246
615.875	0.2468
616.0	0.2452
616.125	0.2429
616.25	0.2429
616.375	0.2437
616.5	0.2437
616.625	0.2444
616.75	0.2444
616.875	0.2429
617.0	0.2421
617.125	0.2405
617.25	0.2358
617.375	0.2405
617.5	0.2405
617.625	0.2389
617.75	0.2389
617.875	0.2389
618.0	0.2358
618.125	0.2374
618.25	0.2382
618.375	0.2358
618.5	0.2358
618.625	0.2358
618.75	0.2358
618.875	0.2358
619.0	0.2334
619.125	0.2311
619.25	0.2319
619.375	0.2232
619.5	0.2224
619.625	0.2279
619.75	0.2303
619.875	0.2295
620.0	0.2295
620.125	0.2311
620.25	0.2303
620.375	0.2287
620.5	0.2264
620.625	0.2264
620.75	0.2248
620.875	0.2256
621.0	0.2264
621.125	0.2232
621.25	0.2216
621.375	0.2216
621.5	0.2201
621.625	0.2177
621.75	0.2193
621.875	0.2169
622.0	0.2154
622.125	0.2161
622.25	0.2154
622.375	0.2122
622.5	0.213
622.625	0.2122
622.75	0.2083
622.875	0.2075
623.0	0.2067
623.125	0.2075
623.25	0.2075
623.375	0.2028
623.5	0.2075
623.625	0.2067
623.75	0.2059
623.875	0.2067
624.0	0.2028
624.125	0.2028
624.25	0.2059
624.375	0.2051
624.5	0.202
624.625	0.202
624.75	0.2028
624.875	0.202
625.0	0.2028
625.125	0.1981
625.25	0.2004
625.375	0.2004
625.5	0.1981
625.625	0.2028
625.75	0.2004
625.875	0.1981
626.0	0.2012
626.125	0.1965
626.25	0.1981
626.375	0.1973
626.5	0.1957
626.625	0.1933
626.75	0.1957
626.875	0.1949
627.0	0.1973
627.125	0.1949
627.25	0.1949
627.375	0.1933
627.5	0.1926
627.625	0.1894
627.75	0.1871
627.875	0.1878
628.0	0.1863
628.125	0.1839
628.25	0.1863
628.375	0.1839
628.5	0.1839
628.625	0.1839
628.75	0.1831
628.875	0.1792
629.0	0.1784
629.125	0.1784
629.25	0.1792
629.375	0.1776
629.5	0.1745
629.625	0.1745
629.75	0.1753
629.875	0.1784
630.0	0.1737
630.125	0.1737
630.25	0.1737
630.375	0.1713
630.5	0.1698
630.625	0.1698
630.75	0.1666
630.875	0.1698
631.0	0.165
631.125	0.169
631.25	0.169
631.375	0.1713
631.5	0.169
631.625	0.169
631.75	0.1666
631.875	0.1698
632.0	0.1698
632.125	0.1698
632.25	0.1682
632.375	0.1698
632.5	0.1674
632.625	0.165
632.75	0.165
632.875	0.1627
633.0	0.1619
633.125	0.1627
633.25	0.1643
633.375	0.1627
633.5	0.1603
633.625	0.1603
633.75	0.1635
633.875	0.1603
634.0	0.1595
634.125	0.1564
634.25	0.1595
634.375	0.1588
634.5	0.1556
634.625	0.1533
634.75	0.1533
634.875	0.1548
635.0	0.1556
635.125	0.1517
635.25	0.1462
635.375	0.1407
635.5	0.1399
635.625	0.1415
635.75	0.1415
635.875	0.1391
636.0	0.1336
636.125	0.136
636.25	0.1367
636.375	0.1336
636.5	0.1328
636.625	0.132
636.75	0.132
636.875	0.1273
637.0	0.1297
637.125	0.1289
637.25	0.1265
637.375	0.1281
637.5	0.1289
637.625	0.1297
637.75	0.1328
637.875	0.1328
638.0	0.1305
638.125	0.1265
638.25	0.1234
638.375	0.1273
638.5	0.1257
638.625	0.121
638.75	0.1257
638.875	0.1257
639.0	0.1194
639.125	0.1242
639.25	0.1226
639.375	0.121
639.5	0.125
639.625	0.1218
639.75	0.1202
639.875	0.1202
640.0	0.1179
640.125	0.1187
640.25	0.1171
640.375	0.1179
640.5	0.1194
640.625	0.1163
640.75	0.1139
640.875	0.1163
641.0	0.1163
641.125	0.1139
641.25	0.1124
641.375	0.1179
641.5	0.1108
641.625	0.1132
641.75	0.1124
641.875	0.1187
642.0	0.1187
642.125	0.1179
642.25	0.1179
642.375	0.1092
642.5	0.1061
642.625	0.1084
642.75	0.1084
642.875	0.1037
643.0	0.1084
643.125	0.1029
643.25	0.1077
643.375	0.1053
643.5	0.1029
643.625	0.1045
643.75	0.1037
643.875	0.1045
644.0	0.1053
644.125	0.1037
644.25	0.1022
644.375	0.1077
644.5	0.1069
644.625	0.1053
644.75	0.1029
644.875	0.1014
645.0	0.0998
645.125	0.1006
645.25	0.0935
645.375	0.0998
645.5	0.1014
645.625	0.1029
645.75	0.1045
645.875	0.1053
646.0	0.0998
646.125	0.1006
646.25	0.099
646.375	0.1006
646.5	0.0998
646.625	0.0966
646.75	0.0911
646.875	0.0935
647.0	0.0919
647.125	0.0927
647.25	0.0935
647.375	0.0904
647.5	0.0911
647.625	0.0896
647.75	0.0911
647.875	0.0927
648.0	0.0872
648.125	0.0904
648.25	0.0872
648.375	0.0927
648.5	0.0943
648.625	0.088
648.75	0.0849
648.875	0.0849
649.0	0.0849
649.125	0.0856
649.25	0.0864
649.375	0.088
649.5	0.0841
649.625	0.0817
649.75	0.0841
649.875	0.0817
650.0	0.0849
650.125	0.0841
650.25	0.0833
650.375	0.0841
650.5	0.0849
650.625	0.0849
650.75	0.0849
650.875	0.0825
651.0	0.0817
651.125	0.0809
651.25	0.0841
651.375	0.0817
651.5	0.0786
651.625	0.0817
651.75	0.0801
651.875	0.0794
652.0	0.0786
652.125	0.077
652.25	0.0801
652.375	0.0786
652.5	0.0778
652.625	0.0762
652.75	0.0754
652.875	0.0754
653.0	0.0738
653.125	0.0754
653.25	0.0786
653.375	0.077
653.5	0.0731
653.625	0.0715
653.75	0.0723
653.875	0.0731
654.0	0.0738
654.125	0.0715
654.25	0.0746
654.375	0.077
654.5	0.0754
654.625	0.0762
654.75	0.0723
654.875	0.0754
655.0	0.0754
655.125	0.0738
655.25	0.0731
655.375	0.0715
655.5	0.0731
655.625	0.0738
655.75	0.0731
655.875	0.0644
656.0	0.0644
656.125	0.0715
656.25	0.0636
656.375	0.0636
656.5	0.0644
656.625	0.0628
656.75	0.0683
656.875	0.066
657.0	0.066
657.125	0.0652
657.25	0.0644
657.375	0.0613
657.5	0.0613
657.625	0.0605
657.75	0.0605
657.875	0.0605
658.0	0.0605
658.125	0.0613
658.25	0.0636
658.375	0.066
658.5	0.0621
658.625	0.0628
658.75	0.0644
658.875	0.0644
659.0	0.0597
659.125	0.0589
659.25	0.0573
659.375	0.0581
659.5	0.0573
659.625	0.0573
659.75	0.0534
659.875	0.055
660.0	0.0566
660.125	0.055
660.25	0.0573
660.375	0.055
660.5	0.0566
660.625	0.0581
660.75	0.0573
660.875	0.0526
661.0	0.0534
661.125	0.0518
661.25	0.0518
661.375	0.0542
661.5	0.0487
661.625	0.0479
661.75	0.0511
661.875	0.0495
662.0	0.0511
662.125	0.0487
662.25	0.0487
662.375	0.0487
662.5	0.0471
662.625	0.0455
662.75	0.0471
662.875	0.0479
663.0	0.0471
663.125	0.0471
663.25	0.0455
663.375	0.0479
663.5	0.0424
663.625	0.0424
663.75	0.0385
663.875	0.0393
664.0	0.0424
664.125	0.0361
664.25	0.0361
664.375	0.0385
664.5	0.0393
664.625	0.04
664.75	0.04
664.875	0.0432
665.0	0.04
665.125	0.0369
665.25	0.0377
665.375	0.0408
665.5	0.0424
665.625	0.0463
665.75	0.0455
665.875	0.0448
666.0	0.0463
666.125	0.0487
666.25	0.0487
666.375	0.0455
666.5	0.0455
666.625	0.044
666.75	0.0416
666.875	0.0393
667.0	0.0377
667.125	0.044
667.25	0.0416
667.375	0.0424
667.5	0.0416
667.625	0.0424
667.75	0.044
667.875	0.0463
668.0	0.0432
668.125	0.0385
668.25	0.0377
668.375	0.0377
668.5	0.0369
668.625	0.0345
668.75	0.0345
668.875	0.033
669.0	0.0306
669.125	0.0298
669.25	0.0306
669.375	0.0306
669.5	0.029
669.625	0.0306
669.75	0.033
669.875	0.0283
670.0	0.029
670.125	0.0275
670.25	0.0259
670.375	0.0267
670.5	0.0251
670.625	0.0251
670.75	0.0259
670.875	0.0298
671.0	0.029
671.125	0.0283
671.25	0.0259
671.375	0.0251
671.5	0.022
671.625	0.022
671.75	0.0227
671.875	0.0212
672.0	0.0204
672.125	0.0227
672.25	0.0196
672.375	0.0188
672.5	0.0227
672.625	0.0227
672.75	0.0196
672.875	0.018
673.0	0.0157
673.125	0.0188
673.25	0.0204
673.375	0.0212
673.5	0.0165
673.625	0.0141
673.75	0.0157
673.875	0.0157
674.0	0.0172
674.125	0.0149
674.25	0.0117
674.375	0.0086
674.5	0.0094
674.625	0.0094
674.75	0.0094
674.875	0.0117
675.0	0.0094
675.125	0.007
675.25	0.007
675.375	0.0102
675.5	0.0133
675.625	0.0117
675.75	0.011
675.875	0.0133
676.0	0.018
676.125	0.0188
676.25	0.0188
676.375	0.0196
676.5	0.0212
676.625	0.0204
676.75	0.0212
676.875	0.0196
677.0	0.0212
677.125	0.022
677.25	0.0212
677.375	0.0204
677.5	0.0188
677.625	0.0196
677.75	0.022
677.875	0.0251
678.0	0.0243
678.125	0.0283
678.25	0.0251
678.375	0.0243
678.5	0.0235
678.625	0.0251
678.75	0.0196
678.875	0.0086
679.0	0.0141
679.125	0.011
679.25	0.011
679.375	0.0117
679.5	0.0165
679.625	0.018
679.75	0.0188
679.875	0.0188
680.0	0.0165
680.125	0.0172
680.25	0.0149
680.375	0.0094
680.5	0.0086
680.625	0.007
680.75	0.0094
680.875	0.0102
681.0	0.007
681.125	0.0102
681.25	0.0133
681.375	0.0141
681.5	0.018
681.625	0.0172
681.75	0.0039
681.875	0.0047
682.0	0.0015
682.125	0.007
682.25	0.0047
682.375	0.0047
682.5	0.0047
682.625	0.0031
682.75	0.0047
682.875	0.0031
683.0	7.0E-4
683.125	0.0
683.25	0.0
683.375	0.0047
683.5	0.0039
683.625	0.0
683.75	0.0031
683.875	0.0
684.0	0.0015
684.125	0.0015
684.25	7.0E-4
684.375	0.0047
684.5	0.0039
684.625	0.0023
684.75	0.0
684.875	0.0031
685.0	0.0078
685.125	0.0055
685.25	0.0039
685.375	0.0015
685.5	0.0031
685.625	0.0039
685.75	0.0047
685.875	0.0047
686.0	0.0039
686.125	0.0062
686.25	0.0047
686.375	7.0E-4
686.5	0.0015
686.625	0.0031
686.75	0.0
686.875	0.0
687.0	0.0
687.125	0.0
687.25	0.0
687.375	0.0
687.5	0.0
687.625	0.0
687.75	0.0
687.875	0.0
688.0	0.0
688.125	0.0
688.25	0.0015
688.375	0.0047
688.5	0.0047
688.625	0.0
688.75	0.0
688.875	0.0
689.0	0.0
689.125	0.0
689.25	0.0
689.375	7.0E-4
689.5	0.0
689.625	0.0
689.75	0.0
689.875	0.0
690.0	0.0
690.125	0.0
690.25	0.0
690.375	0.0
690.5	0.0
690.625	0.0
690.75	0.0
690.875	0.0
691.0	0.0
691.125	0.0
691.25	0.0
691.375	0.0
691.5	0.0
691.625	0.0
691.75	0.0
691.875	0.0
692.0	0.0
692.125	0.0
692.25	0.0
692.375	0.0
692.5	0.0
692.625	0.0
692.75	0.0
692.875	0.0
693.0	0.0
693.125	0.0
693.25	0.0
693.375	0.0
693.5	0.0
693.625	0.0
693.75	0.0
693.875	0.0
694.0	0.0
694.125	0.0
694.25	0.0
694.375	0.0
694.5	0.0
694.625	0.0
694.75	0.0
694.875	0.0
695.0	0.0
695.125	0.0
695.25	0.0
695.375	0.0
695.5	0.0
695.625	0.0
695.75	0.0
695.875	0.0
696.0	0.0
696.125	0.0
696.25	0.0
696.375	0.0
696.5	0.0
696.625	0.0
696.75	0.0
696.875	0.0
697.0	0.0
697.125	0.0
697.25	0.0
697.375	0.0
697.5	0.0
697.625	0.0
697.75	0.0
697.875	0.0
698.0	0.0
698.125	0.0
698.25	0.0
698.375	0.0
698.5	0.0
698.625	0.0
698.75	0.0
698.875	0.0
699.0	0.0
699.125	0.0
699.25	0.0
699.375	0.0
699.5	0.0
699.625	0.0
699.75	0.0
699.875	0.0
