300.0	0.0927
300.125	0.0943
300.25	0.0935
300.375	0.0951
300.5	0.0974
300.625	0.0982
300.75	0.099
300.875	0.0982
301.0	0.0998
301.125	0.099
301.25	0.1037
301.375	0.1037
301.5	0.1037
301.625	0.1006
301.75	0.1037
301.875	0.1029
302.0	0.1022
302.125	0.1029
302.25	0.1037
302.375	0.1029
302.5	0.1045
302.625	0.1037
302.75	0.1061
302.875	0.1077
303.0	0.1084
303.125	0.1108
303.25	0.1084
303.375	0.1108
303.5	0.1132
303.625	0.1139
303.75	0.1132
303.875	0.1139
304.0	0.1179
304.125	0.1179
304.25	0.1187
304.375	0.1179
304.5	0.1171
304.625	0.1179
304.75	0.1187
304.875	0.1179
305.0	0.1171
305.125	0.1132
305.25	0.1155
305.375	0.1163
305.5	0.1194
305.625	0.1194
305.75	0.1218
305.875	0.1226
306.0	0.1226
306.125	0.1257
306.25	0.1226
306.375	0.1281
306.5	0.1305
306.625	0.1297
306.75	0.1344
306.875	0.1367
307.0	0.1391
307.125	0.1407
307.25	0.1399
307.375	0.1407
307.5	0.1415
307.625	0.143
307.75	0.1462
307.875	0.1462
308.0	0.1462
308.125	0.1454
308.25	0.1438
308.375	0.143
308.5	0.1462
308.625	0.1462
308.75	0.1446
308.875	0.1438
309.0	0.1438
309.125	0.1454
309.25	0.1462
309.375	0.147
309.5	0.1485
309.625	0.1517
309.75	0.1533
309.875	0.154
310.0	0.154
310.125	0.1548
310.25	0.1556
310.375	0.158
310.5	0.1588
310.625	0.158
310.75	0.1603
310.875	0.1635
311.0	0.1611
311.125	0.1611
311.25	0.165
311.375	0.1674
311.5	0.165
311.625	0.1682
311.75	0.1705
311.875	0.1729
312.0	0.1792
312.125	0.1816
312.25	0.1823
312.375	0.1855
312.5	0.1878
312.625	0.1886
312.75	0.1918
312.875	0.1886
313.0	0.1886
313.125	0.1926
313.25	0.1933
313.375	0.1871
313.5	0.1839
313.625	0.1839
313.75	0.1863
313.875	0.1831
314.0	0.1823
314.125	0.1831
314.25	0.1831
314.375	0.1886
314.5	0.1863
314.625	0.1886
314.75	0.1926
314.875	0.1973
315.0	0.1996
315.125	0.2036
315.25	0.2075
315.375	0.2122
315.5	0.2154
315.625	0.2169
315.75	0.2209
315.875	0.2248
316.0	0.2303
316.125	0.2334
316.25	0.235
316.375	0.2397
316.5	0.2421
316.625	0.2492
316.75	0.2452
316.875	0.2507
317.0	0.2555
317.125	0.2555
317.25	0.2531
317.375	0.2617
317.5	0.2665
317.625	0.2688
317.75	0.2696
317.875	0.2672
318.0	0.2672
318.125	0.2735
318.25	0.2712
318.375	0.268
318.5	0.2704
318.625	0.268
318.75	0.2665
318.875	0.2688
319.0	0.2665
319.125	0.2727
319.25	0.2727
319.375	0.2806
319.5	0.2861
319.625	0.2845
319.75	0.29
319.875	0.2924
320.0	0.2955
320.125	0.3018
320.25	0.3003
320.375	0.3003
320.5	0.3034
320.625	0.3066
320.75	0.3003
320.875	0.3003
321.0	0.2908
321.125	0.2845
321.25	0.2798
321.375	0.2735
321.5	0.2712
321.625	0.2704
321.75	0.2688
321.875	0.2594
322.0	0.2633
322.125	0.2672
322.25	0.2688
322.375	0.2767
322.5	0.2759
322.625	0.279
322.75	0.2869
322.875	0.2908
323.0	0.2916
323.125	0.2948
323.25	0.2955
323.375	0.2987
323.5	0.2908
323.625	0.2924
323.75	0.2932
323.875	0.2955
324.0	0.2995
324.125	0.2971
324.25	0.2987
324.375	0.2979
324.5	0.3018
324.625	0.3018
324.75	0.3011
324.875	0.2987
325.0	0.294
325.125	0.2932
325.25	0.2932
325.375	0.29
325.5	0.2908
325.625	0.2932
325.75	0.2932
325.875	0.2916
326.0	0.2948
326.125	0.2932
326.25	0.2995
326.375	0.2971
326.5	0.2955
326.625	0.2963
326.75	0.2955
326.875	0.294
327.0	0.2916
327.125	0.2963
327.25	0.2979
327.375	0.2971
327.5	0.3034
327.625	0.3105
327.75	0.3121
327.875	0.316
328.0	0.316
328.125	0.3121
328.25	0.3113
328.375	0.3073
328.5	0.3089
328.625	0.3034
328.75	0.3034
328.875	0.305
329.0	0.2979
329.125	0.2979
329.25	0.2963
329.375	0.2908
329.5	0.2916
329.625	0.2932
329.75	0.2924
329.875	0.2955
330.0	0.2955
330.125	0.2924
330.25	0.2963
330.375	0.2987
330.5	0.3018
330.625	0.3026
330.75	0.2987
330.875	0.2995
331.0	0.3011
331.125	0.3058
331.25	0.3144
331.375	0.3121
331.5	0.3152
331.625	0.3199
331.75	0.3168
331.875	0.3207
332.0	0.3183
332.125	0.3207
332.25	0.3223
332.375	0.3262
332.5	0.3183
332.625	0.3097
332.75	0.3081
332.875	0.3113
333.0	0.3066
333.125	0.3034
333.25	0.3018
333.375	0.2987
333.5	0.2932
333.625	0.2893
333.75	0.283
333.875	0.2783
334.0	0.2735
334.125	0.2712
334.25	0.2672
334.375	0.261
334.5	0.2547
334.625	0.2515
334.75	0.2452
334.875	0.246
335.0	0.2444
335.125	0.2452
335.25	0.2413
335.375	0.2421
335.5	0.2405
335.625	0.2366
335.75	0.0377
335.875	0.2122
336.0	0.2334
336.125	0.2413
336.25	0.2452
336.375	0.2468
336.5	0.25
336.625	0.2555
336.75	0.2617
336.875	0.2633
337.0	0.2665
337.125	0.2712
337.25	0.2735
337.375	0.2767
337.5	0.2743
337.625	0.2759
337.75	0.2783
337.875	0.2814
338.0	0.279
338.125	0.2814
338.25	0.2893
338.375	0.2877
338.5	0.2908
338.625	0.2861
338.75	0.2853
338.875	0.2869
339.0	0.29
339.125	0.2893
339.25	0.2838
339.375	0.2877
339.5	0.2877
339.625	0.2955
339.75	0.2963
339.875	0.3003
340.0	0.3034
340.125	0.3066
340.25	0.3128
340.375	0.3136
340.5	0.0746
340.625	0.0235
340.75	0.3262
340.875	0.3317
341.0	0.3333
341.125	0.3388
341.25	0.3419
341.375	0.3474
341.5	0.349
341.625	0.3569
341.75	0.3577
341.875	0.3624
342.0	0.3679
342.125	0.3694
342.25	0.3734
342.375	0.3852
342.5	0.3938
342.625	0.4048
342.75	0.4033
342.875	0.4064
343.0	0.415
343.125	0.4237
343.25	0.4095
343.375	0.397
343.5	0.3891
343.625	2.7232
343.75	4.6631
343.875	4.6576
344.0	4.4988
344.125	4.6639
344.25	4.5051
344.375	4.6301
344.5	4.634
344.625	4.6427
344.75	4.1301
344.875	4.3542
345.0	4.6419
345.125	4.6364
345.25	4.0829
345.375	0.3191
345.5	0.463
345.625	0.5007
345.75	0.4716
345.875	0.4473
346.0	0.4834
346.125	0.4992
346.25	0.5047
346.375	0.5086
346.5	0.5141
346.625	0.5188
346.75	0.518
346.875	0.5731
347.0	0.5298
347.125	0.0432
347.25	0.0503
347.375	0.0455
347.5	0.0597
347.625	4.66
347.75	4.6906
347.875	4.693
348.0	2.0416
348.125	3.2665
348.25	4.6333
348.375	4.6529
348.5	4.6694
348.625	4.6568
348.75	4.6466
348.875	4.6419
349.0	4.6435
349.125	4.6419
349.25	4.6152
349.375	4.6333
349.5	4.6333
349.625	4.6348
349.75	4.6356
349.875	4.6388
350.0	4.6388
350.125	4.6388
350.25	4.6403
350.375	4.6427
350.5	4.627
350.625	4.6152
350.75	4.5963
350.875	4.6034
351.0	4.6443
351.125	4.6167
351.25	4.623
351.375	4.6254
351.5	4.6317
351.625	4.6199
351.75	4.623
351.875	4.6694
352.0	4.6686
352.125	4.6073
352.25	4.6018
352.375	4.6089
352.5	4.6112
352.625	4.6073
352.75	4.6073
352.875	4.6018
353.0	4.605
353.125	4.6073
353.25	4.6057
353.375	4.6042
353.5	4.6057
353.625	4.6057
353.75	4.6057
353.875	4.6018
354.0	4.605
354.125	4.6042
354.25	4.6018
354.375	4.6034
354.5	4.6018
354.625	4.5971
354.75	4.5994
354.875	4.5971
355.0	4.5947
355.125	4.5932
355.25	4.5916
355.375	4.5916
355.5	4.5924
355.625	4.5916
355.75	4.5908
355.875	4.5908
356.0	4.5916
356.125	4.5916
356.25	4.5971
356.375	4.5963
356.5	4.5963
356.625	4.5939
356.75	4.5916
356.875	4.5908
357.0	4.5963
357.125	4.5963
357.25	4.5963
357.375	4.5916
357.5	4.5932
357.625	4.5908
357.75	4.5987
357.875	4.5987
358.0	4.5939
358.125	4.5924
358.25	4.5932
358.375	4.5924
358.5	4.5955
358.625	4.5963
358.75	4.601
358.875	4.601
359.0	4.6081
359.125	4.616
359.25	4.6215
359.375	4.6238
359.5	4.6285
359.625	4.6325
359.75	4.6333
359.875	4.638
360.0	4.6411
360.125	4.645
360.25	4.6443
360.375	4.645
360.5	4.6443
360.625	4.6458
360.75	4.6435
360.875	4.6388
361.0	4.638
361.125	4.6333
361.25	4.6309
361.375	4.6301
361.5	4.6285
361.625	4.6215
361.75	4.6191
361.875	4.6167
362.0	4.6144
362.125	4.6144
362.25	4.6136
362.375	4.6136
362.5	4.6105
362.625	4.6128
362.75	4.6128
362.875	4.6128
363.0	4.6191
363.125	4.6403
363.25	4.6686
363.375	4.7017
363.5	4.7017
363.625	4.6961
363.75	4.6961
363.875	4.6961
364.0	4.6961
364.125	4.6961
364.25	4.6961
364.375	4.6977
364.5	4.6954
364.625	4.6993
364.75	4.7009
364.875	4.6993
365.0	4.6977
365.125	4.7001
365.25	4.7009
365.375	4.7001
365.5	4.7017
365.625	4.7001
365.75	4.6954
365.875	4.6993
366.0	4.7024
366.125	4.7032
366.25	4.7001
366.375	4.6961
366.5	4.6969
366.625	4.6985
366.75	4.693
366.875	4.6906
367.0	4.6891
367.125	4.6875
367.25	4.6891
367.375	4.6906
367.5	4.6891
367.625	4.6883
367.75	4.6891
367.875	4.6883
368.0	4.6899
368.125	4.6899
368.25	4.6922
368.375	4.6867
368.5	4.6875
368.625	4.6859
368.75	4.6899
368.875	4.6906
369.0	4.6899
369.125	4.693
369.25	4.6961
369.375	4.7001
369.5	4.7009
369.625	4.7024
369.75	4.7048
369.875	4.4894
370.0	4.1419
370.125	3.7826
370.25	3.4587
370.375	3.1533
370.5	2.9457
370.625	2.8246
370.75	2.7735
370.875	2.8451
371.0	2.9418
371.125	3.1847
371.25	3.399
371.375	3.5869
371.5	3.8188
371.625	4.09
371.75	4.2826
371.875	4.5924
372.0	4.7032
372.125	4.7009
372.25	4.6985
372.375	4.6993
372.5	4.6906
372.625	4.6859
372.75	4.6851
372.875	4.682
373.0	4.6867
373.125	4.693
373.25	4.4485
373.375	4.1899
373.5	3.9367
373.625	3.9972
373.75	3.8337
373.875	3.5428
374.0	3.355
374.125	4.4037
374.25	2.761
374.375	2.8349
374.5	3.66
374.625	3.3408
374.75	3.6891
374.875	4.0822
375.0	4.1333
375.125	4.3943
375.25	0.5455
375.375	0.415
375.5	0.5463
375.625	0.4363
375.75	2.2665
375.875	4.6097
376.0	4.6026
376.125	4.5814
376.25	4.5774
376.375	4.5853
376.5	1.4025
376.625	0.0275
376.75	4.5704
376.875	4.5814
377.0	4.5947
377.125	3.8125
377.25	3.9965
377.375	3.5554
377.5	2.7484
377.625	2.8789
377.75	2.8506
377.875	3.4178
378.0	3.4249
378.125	2.8168
378.25	2.1438
378.375	2.3694
378.5	2.3844
378.625	2.4268
378.75	2.0966
378.875	1.9622
379.0	0.6328
379.125	0.6784
379.25	1.6124
379.375	2.2397
379.5	1.419
379.625	0.0322
379.75	0.029
379.875	0.0322
380.0	0.9889
380.125	2.0959
380.25	0.04
380.375	1.3844
380.5	4.6364
380.625	4.6372
380.75	4.6333
380.875	4.6285
381.0	4.6372
381.125	4.6309
381.25	4.5939
381.375	2.3058
381.5	3.2106
381.625	4.6639
381.75	4.612
381.875	4.5759
382.0	4.5743
382.125	4.5869
382.25	4.5845
382.375	4.6427
382.5	4.6325
382.625	4.5798
382.75	4.5782
382.875	4.5798
383.0	4.5798
383.125	4.5939
383.25	4.5869
383.375	4.5845
383.5	4.5884
383.625	4.5837
383.75	4.5837
383.875	4.5837
384.0	4.5837
384.125	4.5814
384.25	4.5806
384.375	4.5822
384.5	4.5814
384.625	4.5814
384.75	4.579
384.875	4.5759
385.0	4.5774
385.125	4.579
385.25	4.5767
385.375	4.5751
385.5	4.5759
385.625	4.5735
385.75	4.5759
385.875	4.5743
386.0	4.5774
386.125	4.5767
386.25	4.5782
386.375	4.579
386.5	4.5814
386.625	4.5822
386.75	4.5822
386.875	4.5845
387.0	4.5829
387.125	4.5853
387.25	4.5837
387.375	4.5822
387.5	4.5853
387.625	4.5829
387.75	4.5822
387.875	4.5837
388.0	4.5822
388.125	4.5829
388.25	4.5829
388.375	4.579
388.5	4.5806
388.625	4.5822
388.75	4.5806
388.875	4.579
389.0	4.579
389.125	4.579
389.25	4.579
389.375	4.5814
389.5	4.5829
389.625	4.579
389.75	4.579
389.875	4.5774
390.0	4.5782
390.125	4.5782
390.25	4.5774
390.375	4.5774
390.5	4.5759
390.625	4.5727
390.75	4.5751
390.875	4.5806
391.0	4.5829
391.125	4.5861
391.25	4.5806
391.375	4.5743
391.5	4.5743
391.625	4.5782
391.75	4.5759
391.875	4.5727
392.0	4.5727
392.125	4.5743
392.25	4.5743
392.375	4.5727
392.5	4.5759
392.625	4.5751
392.75	4.5727
392.875	4.5751
393.0	4.5751
393.125	4.5727
393.25	4.5751
393.375	4.5774
393.5	4.5751
393.625	4.5767
393.75	4.5767
393.875	4.5735
394.0	4.5774
394.125	4.5774
394.25	4.5774
394.375	4.5767
394.5	4.5759
394.625	4.5767
394.75	4.5759
394.875	4.5743
395.0	4.5751
395.125	4.5751
395.25	4.5774
395.375	4.5782
395.5	4.5767
395.625	4.5767
395.75	4.5782
395.875	4.5767
396.0	4.579
396.125	4.5774
396.25	4.5751
396.375	4.5767
396.5	4.5759
396.625	4.5767
396.75	4.5774
396.875	4.5759
397.0	4.5759
397.125	4.5759
397.25	4.5774
397.375	4.5869
397.5	4.612
397.625	4.6222
397.75	4.6152
397.875	4.6199
398.0	4.6128
398.125	4.6112
398.25	4.5767
398.375	4.5759
398.5	4.5774
398.625	4.5774
398.75	4.5782
398.875	4.579
399.0	4.5751
399.125	4.5782
399.25	4.5806
399.375	4.5106
399.5	4.5617
399.625	4.5767
399.75	4.5877
399.875	4.5845
400.0	4.6018
400.125	4.5939
400.25	4.5861
400.375	4.5814
400.5	4.5829
400.625	4.5806
400.75	4.5774
400.875	4.5774
401.0	4.5774
401.125	4.5782
401.25	4.5774
401.375	4.5782
401.5	4.5798
401.625	4.5774
401.75	4.579
401.875	4.5798
402.0	4.5837
402.125	4.5829
402.25	4.5822
402.375	4.5798
402.5	4.5774
402.625	4.5798
402.75	4.5774
402.875	4.5798
403.0	4.5798
403.125	4.5829
403.25	4.579
403.375	4.579
403.5	4.579
403.625	4.5806
403.75	4.5806
403.875	4.5806
404.0	4.5774
404.125	4.5806
404.25	4.579
404.375	4.5822
404.5	4.5798
404.625	4.5767
404.75	4.579
404.875	4.579
405.0	4.5814
405.125	4.5814
405.25	4.5774
405.375	4.5822
405.5	4.5806
405.625	4.5814
405.75	4.579
405.875	4.5806
406.0	4.5829
406.125	4.5853
406.25	4.5861
406.375	4.5869
406.5	4.5877
406.625	4.5916
406.75	4.5916
406.875	4.59
407.0	4.5916
407.125	4.5939
407.25	4.5947
407.375	4.5924
407.5	4.5963
407.625	4.5939
407.75	4.5916
407.875	4.59
408.0	4.5869
408.125	4.5892
408.25	4.5869
408.375	4.5877
408.5	4.5837
408.625	4.5829
408.75	4.5814
408.875	4.5806
409.0	4.5806
409.125	4.5774
409.25	4.5774
409.375	4.579
409.5	4.5759
409.625	4.5751
409.75	4.5774
409.875	4.5814
410.0	4.5782
410.125	4.5822
410.25	4.5916
410.375	4.5916
410.5	4.5869
410.625	4.5774
410.75	4.5774
410.875	4.5782
411.0	4.579
411.125	4.579
411.25	4.579
411.375	4.5806
411.5	4.579
411.625	4.5774
411.75	4.5774
411.875	4.5759
412.0	4.5751
412.125	4.5727
412.25	4.5719
412.375	4.5711
412.5	4.5719
412.625	4.5719
412.75	4.5727
412.875	4.579
413.0	4.5822
413.125	4.5822
413.25	4.5806
413.375	4.5806
413.5	4.5814
413.625	4.5822
413.75	4.5822
413.875	4.5814
414.0	4.5822
414.125	4.5814
414.25	4.5822
414.375	4.5822
414.5	4.5822
414.625	4.5822
414.75	4.5822
414.875	4.5822
415.0	4.5822
415.125	4.5829
415.25	4.5822
415.375	4.5822
415.5	4.5822
415.625	4.5806
415.75	4.5806
415.875	4.579
416.0	4.579
416.125	4.5782
416.25	4.579
416.375	4.5782
416.5	4.5798
416.625	4.5822
416.75	4.5782
416.875	4.5767
417.0	4.5774
417.125	4.5782
417.25	4.5774
417.375	4.5774
417.5	4.5774
417.625	4.5782
417.75	4.5774
417.875	4.5751
418.0	4.5774
418.125	4.5727
418.25	4.5727
418.375	4.5727
418.5	4.5735
418.625	4.5759
418.75	4.5751
418.875	4.5727
419.0	4.5743
419.125	4.5727
419.25	4.5711
419.375	4.5727
419.5	4.5719
419.625	4.5696
419.75	4.5735
419.875	4.5727
420.0	4.5751
420.125	4.5735
420.25	4.5727
420.375	4.5735
420.5	4.5735
420.625	4.5735
420.75	4.5727
420.875	4.5735
421.0	4.5774
421.125	4.5743
421.25	4.5774
421.375	4.5759
421.5	4.5751
421.625	4.5759
421.75	4.5767
421.875	4.5743
422.0	4.5767
422.125	4.5767
422.25	4.5767
422.375	4.5774
422.5	4.5774
422.625	4.5767
422.75	4.579
422.875	4.5767
423.0	4.5774
423.125	4.5767
423.25	4.5759
423.375	4.5782
423.5	4.5743
423.625	4.5735
423.75	4.5767
423.875	4.5735
424.0	4.5735
424.125	4.5727
424.25	4.5743
424.375	4.5767
424.5	4.5767
424.625	4.5759
424.75	4.5767
424.875	4.5759
425.0	4.5767
425.125	4.5759
425.25	4.5774
425.375	4.5774
425.5	4.5774
425.625	4.5751
425.75	4.5759
425.875	4.5735
426.0	4.5759
426.125	4.5774
426.25	4.5774
426.375	4.5743
426.5	4.5759
426.625	4.5759
426.75	4.5774
426.875	4.5774
427.0	4.5774
427.125	4.5759
427.25	4.579
427.375	4.5798
427.5	4.5759
427.625	4.5759
427.75	4.579
427.875	4.5774
428.0	4.5774
428.125	4.5806
428.25	4.5814
428.375	4.5798
428.5	4.5798
428.625	4.5774
428.75	4.5782
428.875	4.579
429.0	4.5798
429.125	4.5798
429.25	4.5822
429.375	4.5822
429.5	4.5822
429.625	4.5822
429.75	4.5829
429.875	4.5822
430.0	4.5837
430.125	4.5829
430.25	4.5822
430.375	4.5822
430.5	4.579
430.625	4.5774
430.75	4.5774
430.875	4.5774
431.0	4.579
431.125	4.5782
431.25	4.5782
431.375	4.5774
431.5	4.5782
431.625	4.5774
431.75	4.579
431.875	4.5774
432.0	4.5767
432.125	4.5751
432.25	4.5767
432.375	4.5767
432.5	4.5782
432.625	4.5774
432.75	4.5774
432.875	4.579
433.0	4.5782
433.125	4.579
433.25	4.5751
433.375	4.5751
433.5	4.5751
433.625	4.5767
433.75	4.5727
433.875	4.5767
434.0	4.5774
434.125	4.5774
434.25	4.5814
434.375	4.5774
434.5	4.5774
434.625	4.579
434.75	4.5774
434.875	4.579
435.0	4.5782
435.125	4.579
435.25	4.579
435.375	4.5806
435.5	4.5774
435.625	4.5774
435.75	4.5759
435.875	4.5774
436.0	4.5759
436.125	4.5759
436.25	4.5774
436.375	4.5798
436.5	4.5798
436.625	4.579
436.75	4.5767
436.875	4.5798
437.0	4.5798
437.125	4.5782
437.25	4.5822
437.375	4.5814
437.5	4.5822
437.625	4.5782
437.75	4.5798
437.875	4.5782
438.0	4.5814
438.125	4.5822
438.25	4.5822
438.375	4.5814
438.5	4.5814
438.625	4.5822
438.75	4.5822
438.875	4.5822
439.0	4.5822
439.125	4.5822
439.25	4.5853
439.375	4.5829
439.5	4.5814
439.625	4.5806
439.75	4.5798
439.875	4.5822
440.0	4.5837
440.125	4.5845
440.25	4.5822
440.375	4.5822
440.5	4.5845
440.625	4.5861
440.75	4.5853
440.875	4.5837
441.0	4.5861
441.125	4.5861
441.25	4.5845
441.375	4.5869
441.5	4.5829
441.625	4.5837
441.75	4.5869
441.875	4.5869
442.0	4.5869
442.125	4.5869
442.25	4.5932
442.375	4.5939
442.5	4.5908
442.625	4.5916
442.75	4.5924
442.875	4.5263
443.0	1.4465
443.125	4.6042
443.25	4.6435
443.375	4.634
443.5	4.634
443.625	4.6474
443.75	4.6073
443.875	4.6388
444.0	4.6301
444.125	4.5924
444.25	4.5955
444.375	4.5947
444.5	4.5963
444.625	4.601
444.75	4.5963
444.875	4.5971
445.0	4.5939
445.125	4.5955
445.25	4.5994
445.375	4.6002
445.5	4.6026
445.625	4.6034
445.75	4.6057
445.875	4.6065
446.0	4.6057
446.125	4.6097
446.25	4.6073
446.375	4.6065
446.5	4.6065
446.625	4.6073
446.75	4.6215
446.875	4.6364
447.0	4.6545
447.125	4.66
447.25	4.6631
447.375	4.6796
447.5	4.6773
447.625	4.6828
447.75	4.6883
447.875	4.6922
448.0	4.6427
448.125	4.2512
448.25	3.9587
448.375	3.9084
448.5	3.9603
448.625	4.1694
448.75	4.1175
448.875	4.0098
449.0	4.5829
449.125	4.6812
449.25	4.6812
449.375	4.6828
449.5	4.6859
449.625	4.6773
449.75	4.1301
449.875	4.3597
450.0	4.6167
450.125	4.6906
450.25	4.4642
450.375	4.0798
450.5	3.5774
450.625	3.5405
450.75	3.4572
450.875	3.4344
451.0	3.1312
451.125	2.7154
451.25	2.4284
451.375	2.3294
451.5	2.3066
451.625	2.3325
451.75	2.2114
451.875	2.294
452.0	2.386
452.125	2.4716
452.25	2.5
452.375	2.4599
452.5	2.544
452.625	2.6077
452.75	2.7161
452.875	2.6477
453.0	2.7012
453.125	2.6422
453.25	2.588
453.375	2.5511
453.5	2.4496
453.625	2.4323
453.75	2.4858
453.875	2.5117
454.0	2.4048
454.125	2.3694
454.25	2.3891
454.375	2.3805
454.5	2.4103
454.625	2.4441
454.75	2.4056
454.875	2.3435
455.0	2.29
455.125	2.2641
455.25	2.3176
455.375	2.1863
455.5	2.1729
455.625	2.0794
455.75	2.0833
455.875	2.0526
456.0	1.8671
456.125	1.8687
456.25	1.9127
456.375	1.8702
456.5	1.8286
456.625	1.7444
456.75	1.6981
456.875	1.6847
457.0	1.6855
457.125	1.6761
457.25	1.6894
457.375	1.7476
457.5	1.7334
457.625	1.7201
457.75	1.6548
457.875	1.5691
458.0	1.4858
458.125	1.4952
458.25	1.5904
458.375	1.4921
458.5	1.4646
458.625	1.2853
458.75	1.3356
458.875	1.4174
459.0	1.3482
459.125	1.382
459.25	1.3459
459.375	1.3168
459.5	1.2971
459.625	1.2932
459.75	1.1682
459.875	1.1092
460.0	1.0935
460.125	1.213
460.25	1.2995
460.375	1.2861
460.5	1.2232
460.625	1.2382
460.75	1.2036
460.875	1.1713
461.0	0.8136
461.125	0.5188
461.25	0.5133
461.375	0.3938
461.5	0.7201
461.625	0.8522
461.75	0.8317
461.875	0.8742
462.0	0.7838
462.125	0.7916
462.25	0.7342
462.375	0.6871
462.5	0.6477
462.625	0.6564
462.75	0.6792
462.875	0.6658
463.0	0.6171
463.125	0.621
463.25	0.5762
463.375	0.5628
463.5	0.4764
463.625	0.4331
463.75	0.4929
463.875	0.4976
464.0	0.4874
464.125	0.4866
464.25	0.5039
464.375	0.485
464.5	0.2216
464.625	0.2625
464.75	0.2106
464.875	0.1603
465.0	0.1132
465.125	0.0668
465.25	0.1438
465.375	0.147
465.5	0.0471
465.625	0.0479
465.75	0.0495
465.875	0.0487
466.0	0.0699
466.125	1.9363
466.25	3.2287
466.375	0.8694
466.5	0.8506
466.625	1.2303
466.75	0.4111
466.875	0.6305
467.0	0.4583
467.125	0.4819
467.25	0.6218
467.375	0.8514
467.5	4.5483
467.625	0.0424
467.75	0.0487
467.875	0.0463
468.0	0.0471
468.125	0.2264
468.25	0.5133
468.375	1.8231
468.5	2.1163
468.625	3.5609
468.75	2.7327
468.875	3.4784
469.0	3.737
469.125	2.4677
469.25	2.3207
469.375	3.1816
469.5	3.261
469.625	3.6152
469.75	3.355
469.875	2.6391
470.0	0.9654
470.125	1.0715
470.25	2.7775
470.375	0.3199
470.5	0.0471
470.625	1.3435
470.75	3.007
470.875	1.7028
471.0	0.7342
471.125	0.6029
471.25	2.2319
471.375	0.0503
471.5	0.0495
471.625	0.0479
471.75	0.3616
471.875	2.2036
472.0	1.5966
472.125	1.3121
472.25	1.2948
472.375	1.1171
472.5	1.154
472.625	0.9371
472.75	0.9952
472.875	1.2177
473.0	0.5
473.125	0.4591
473.25	0.7146
473.375	0.882
473.5	0.9205
473.625	0.6517
473.75	0.805
473.875	1.1485
474.0	1.316
474.125	1.654
474.25	1.757
474.375	1.7287
474.5	1.6768
474.625	1.1273
474.75	1.0345
474.875	1.1493
475.0	1.2633
475.125	1.3018
475.25	1.2916
475.375	1.3278
475.5	1.8922
475.625	3.3683
475.75	4.3848
475.875	4.6993
476.0	4.6969
476.125	4.4855
476.25	4.6403
476.375	4.6977
476.5	4.6859
476.625	4.6836
476.75	4.682
476.875	4.6859
477.0	4.6938
477.125	4.7001
477.25	4.7001
477.375	4.7024
477.5	4.2693
477.625	4.0444
477.75	3.5491
477.875	3.8793
478.0	4.5413
478.125	4.5641
478.25	4.2056
478.375	3.2161
478.5	3.7079
478.625	3.6152
478.75	3.9729
478.875	4.2032
479.0	3.9178
479.125	3.8086
479.25	3.9721
479.375	4.3274
479.5	4.4917
479.625	4.6954
479.75	4.6883
479.875	4.693
480.0	4.6954
480.125	4.6631
480.25	4.3966
480.375	4.2378
480.5	4.079
480.625	3.7936
480.75	3.6403
480.875	3.4241
481.0	3.2154
481.125	3.0157
481.25	3.2067
481.375	3.022
481.5	2.8844
481.625	2.7216
481.75	2.8113
481.875	3.2641
482.0	3.2672
482.125	3.1878
482.25	3.1721
482.375	2.9882
482.5	1.2287
482.625	3.4218
482.75	2.5998
482.875	2.8514
483.0	1.2099
483.125	0.5644
483.25	0.6823
483.375	0.6643
483.5	0.5966
483.625	0.4756
483.75	0.0613
483.875	0.0597
484.0	0.0566
484.125	0.3702
484.25	0.6808
484.375	0.6242
484.5	0.5738
484.625	0.397
484.75	3.1949
484.875	3.8117
485.0	3.7166
485.125	0.7272
485.25	0.393
485.375	0.4834
485.5	0.4386
485.625	0.3852
485.75	0.327
485.875	0.3034
486.0	1.5
486.125	2.9614
486.25	4.5106
486.375	0.8215
486.5	0.0731
486.625	0.0676
486.75	1.6745
486.875	3.6395
487.0	2.0039
487.125	2.3891
487.25	0.6061
487.375	0.1289
487.5	0.1477
487.625	0.272
487.75	0.6839
487.875	0.6037
488.0	0.3828
488.125	0.5432
488.25	0.4127
488.375	1.9135
488.5	2.7838
488.625	2.4669
488.75	0.2775
488.875	0.2767
489.0	0.2091
489.125	0.2264
489.25	0.2012
489.375	0.1957
489.5	0.2421
489.625	0.305
489.75	3.1407
489.875	4.6678
490.0	4.6616
490.125	4.6537
490.25	4.6506
490.375	4.6529
490.5	4.6498
490.625	4.6561
490.75	4.6616
490.875	4.6506
491.0	4.6506
491.125	4.6443
491.25	4.6521
491.375	4.6498
491.5	4.6498
491.625	4.6545
491.75	4.6498
491.875	4.6513
492.0	4.6419
492.125	4.6474
492.25	4.6561
492.375	4.6655
492.5	4.6671
492.625	4.6686
492.75	4.6678
492.875	4.6655
493.0	3.4737
493.125	3.5688
493.25	2.4213
493.375	1.8168
493.5	1.4976
493.625	2.9001
493.75	4.1789
493.875	3.1729
494.0	3.1022
494.125	3.6057
494.25	4.5625
494.375	4.6718
494.5	4.6647
494.625	4.66
494.75	4.6616
494.875	4.6584
495.0	4.6568
495.125	4.6608
495.25	4.66
495.375	4.6576
495.5	4.6576
495.625	4.6458
495.75	4.6521
495.875	4.638
496.0	4.6356
496.125	4.638
496.25	4.6372
496.375	4.634
496.5	4.6262
496.625	4.6215
496.75	4.6238
496.875	4.6238
497.0	4.6262
497.125	4.6254
497.25	4.6222
497.375	4.6238
497.5	4.6215
497.625	4.6207
497.75	4.616
497.875	4.616
498.0	4.6175
498.125	4.6167
498.25	4.6136
498.375	4.6136
498.5	4.6152
498.625	4.616
498.75	4.6167
498.875	4.6175
499.0	4.6167
499.125	4.6144
499.25	4.6105
499.375	4.6128
499.5	4.6128
499.625	4.6183
499.75	4.616
499.875	4.6152
500.0	4.6191
500.125	4.6466
500.25	4.6584
500.375	2.8545
500.5	3.6105
500.625	2.952
500.75	2.1918
500.875	2.5455
501.0	4.6718
501.125	4.6616
501.25	4.6671
501.375	4.6789
501.5	0.6957
501.625	1.2916
501.75	1.8592
501.875	1.7327
502.0	0.7279
502.125	0.3639
502.25	0.4323
502.375	0.4575
502.5	0.3812
502.625	0.2783
502.75	0.1831
502.875	0.3199
503.0	1.0888
503.125	2.5856
503.25	2.6155
503.375	0.0526
503.5	1.1871
503.625	0.8073
503.75	0.3828
503.875	0.1548
504.0	2.8812
504.125	4.4532
504.25	4.6765
504.375	4.6336
504.5	4.627
504.625	4.6278
504.75	0.0448
504.875	0.0432
505.0	0.0448
505.125	0.0479
505.25	0.0471
505.375	0.0471
505.5	0.0463
505.625	0.0463
505.75	0.0487
505.875	0.0487
506.0	0.0518
506.125	0.0558
506.25	2.2649
506.375	2.7649
506.5	4.6191
506.625	4.5963
506.75	4.6018
506.875	4.623
507.0	4.6238
507.125	4.6065
507.25	4.6026
507.375	4.5994
507.5	4.5971
507.625	4.5963
507.75	4.5947
507.875	4.5971
508.0	4.5963
508.125	4.5971
508.25	4.6073
508.375	4.6002
508.5	0.0298
508.625	0.0306
508.75	4.5963
508.875	2.904
509.0	4.6112
509.125	1.757
509.25	0.0353
509.375	0.0566
509.5	0.0581
509.625	0.0676
509.75	4.4068
509.875	4.6545
510.0	0.0644
510.125	0.8757
510.25	4.5877
510.375	4.6836
510.5	4.6804
510.625	4.6333
510.75	4.6757
510.875	4.6702
511.0	0.3372
511.125	1.4331
511.25	4.4233
511.375	4.6474
511.5	4.6262
511.625	4.6222
511.75	4.601
511.875	4.5947
512.0	4.5963
512.125	4.6097
512.25	4.6427
512.375	4.4878
512.5	4.6553
512.625	4.649
512.75	4.6513
512.875	4.6443
513.0	4.6325
513.125	4.634
513.25	4.6215
513.375	4.6065
513.5	4.6128
513.625	4.5971
513.75	4.5947
513.875	4.601
514.0	4.6105
514.125	0.6855
514.25	0.1006
514.375	0.408
514.5	1.7138
514.625	4.2724
514.75	0.0455
514.875	0.0448
515.0	0.0448
515.125	0.0463
515.25	0.044
515.375	0.0455
515.5	0.0471
515.625	0.0471
515.75	0.0424
515.875	0.0455
516.0	0.0471
516.125	0.0463
516.25	0.0432
516.375	0.0424
516.5	0.044
516.625	0.0424
516.75	0.0424
516.875	0.04
517.0	0.0432
517.125	0.0432
517.25	0.044
517.375	0.044
517.5	0.0424
517.625	0.0424
517.75	0.0448
517.875	0.044
518.0	0.0463
518.125	0.0455
518.25	0.0416
518.375	0.044
518.5	0.0448
518.625	0.0463
518.75	0.0448
518.875	0.0432
519.0	0.0432
519.125	0.0424
519.25	0.0424
519.375	0.0424
519.5	0.0432
519.625	0.0432
519.75	0.0448
519.875	0.0424
520.0	0.0393
520.125	0.04
520.25	0.0385
520.375	0.0377
520.5	0.0393
520.625	0.0369
520.75	0.0377
520.875	0.0377
521.0	0.0369
521.125	0.0377
521.25	0.0377
521.375	0.0361
521.5	0.0345
521.625	0.033
521.75	0.0322
521.875	0.0314
522.0	0.033
522.125	0.033
522.25	0.033
522.375	0.029
522.5	0.029
522.625	0.033
522.75	0.0353
522.875	0.0353
523.0	0.0361
523.125	0.0314
523.25	0.0322
523.375	0.0314
523.5	0.0298
523.625	0.033
523.75	0.0314
523.875	0.0298
524.0	0.0283
524.125	0.029
524.25	0.0275
524.375	0.029
524.5	0.0283
524.625	0.0283
524.75	0.029
524.875	0.0283
525.0	0.0283
525.125	0.0259
525.25	0.0283
525.375	0.0275
525.5	0.0267
525.625	0.0283
525.75	0.0275
525.875	0.0283
526.0	0.029
526.125	0.0251
526.25	0.0251
526.375	0.0196
526.5	0.0243
526.625	0.0283
526.75	0.0283
526.875	0.029
527.0	0.0235
527.125	0.0235
527.25	0.0243
527.375	0.0235
527.5	0.0212
527.625	0.0188
527.75	0.0188
527.875	0.0196
528.0	0.0204
528.125	0.0196
528.25	0.0212
528.375	0.0235
528.5	0.0196
528.625	0.0204
528.75	0.0227
528.875	0.0196
529.0	0.0188
529.125	0.0188
529.25	0.0196
529.375	0.0204
529.5	0.0227
529.625	0.0188
529.75	0.0188
529.875	0.0188
530.0	0.0188
530.125	0.0235
530.25	0.0227
530.375	0.0235
530.5	0.0227
530.625	0.0235
530.75	0.0227
530.875	0.0212
531.0	0.0227
531.125	0.0227
531.25	0.0227
531.375	0.0235
531.5	0.0235
531.625	0.0235
531.75	0.0235
531.875	0.0235
532.0	0.0251
532.125	0.022
532.25	0.022
532.375	0.0235
532.5	0.0188
532.625	0.0212
532.75	0.0212
532.875	0.0235
533.0	0.0204
533.125	0.0188
533.25	0.0212
533.375	0.0196
533.5	0.0196
533.625	0.0251
533.75	0.0235
533.875	0.0235
534.0	0.0212
534.125	0.0227
534.25	0.0235
534.375	0.0227
534.5	0.0188
534.625	0.0235
534.75	0.0235
534.875	0.022
535.0	0.0227
535.125	0.0212
535.25	0.0235
535.375	0.0235
535.5	0.0212
535.625	0.0235
535.75	0.022
535.875	0.0227
536.0	0.0227
536.125	0.0212
536.25	0.0235
536.375	0.0235
536.5	0.0235
536.625	0.0235
536.75	0.022
536.875	0.0235
537.0	0.0235
537.125	0.0227
537.25	0.0235
537.375	0.0227
537.5	0.0204
537.625	0.0188
537.75	0.0204
537.875	0.0227
538.0	0.0227
538.125	0.0212
538.25	0.0196
538.375	0.0196
538.5	0.0212
538.625	0.0188
538.75	0.0212
538.875	0.0204
539.0	0.0165
539.125	0.0188
539.25	0.0165
539.375	0.0165
539.5	0.018
539.625	0.0172
539.75	0.018
539.875	0.0188
540.0	0.0188
540.125	0.0172
540.25	0.0141
540.375	0.0188
540.5	0.0188
540.625	0.0188
540.75	0.0117
540.875	0.0188
541.0	0.0141
541.125	0.0149
541.25	0.0165
541.375	0.0188
541.5	0.0172
541.625	0.022
541.75	0.0204
541.875	0.0196
542.0	0.0227
542.125	0.0204
542.25	0.0196
542.375	0.0188
542.5	0.0204
542.625	0.0212
542.75	0.022
542.875	0.0227
543.0	0.0227
543.125	0.0235
543.25	0.0227
543.375	0.0235
543.5	0.0235
543.625	0.022
543.75	0.0235
543.875	0.0204
544.0	0.0204
544.125	0.0188
544.25	0.0188
544.375	0.0188
544.5	0.0188
544.625	0.0196
544.75	0.0212
544.875	0.0149
545.0	0.0204
545.125	0.0235
545.25	0.0212
545.375	0.0204
545.5	0.022
545.625	0.0235
545.75	0.0243
545.875	0.0227
546.0	0.0196
546.125	0.0188
546.25	0.0188
546.375	0.0204
546.5	0.0212
546.625	0.0204
546.75	0.022
546.875	0.0227
547.0	0.0196
547.125	0.0204
547.25	0.0188
547.375	0.0196
547.5	0.0235
547.625	0.022
547.75	0.0204
547.875	0.018
548.0	0.022
548.125	0.0212
548.25	0.022
548.375	0.0235
548.5	0.0235
548.625	0.0235
548.75	0.0227
548.875	0.0235
549.0	0.0235
549.125	0.0235
549.25	0.0235
549.375	0.0243
549.5	0.0227
549.625	0.0251
549.75	0.0251
549.875	0.0267
550.0	0.0267
550.125	0.0235
550.25	0.0275
550.375	0.0259
550.5	0.0235
550.625	0.0259
550.75	0.0267
550.875	0.0267
551.0	0.0259
551.125	0.0243
551.25	0.0235
551.375	0.0235
551.5	0.0251
551.625	0.0267
551.75	0.0243
551.875	0.0267
552.0	0.0267
552.125	0.0251
552.25	0.0259
552.375	0.0267
552.5	0.0235
552.625	0.0251
552.75	0.0267
552.875	0.0267
553.0	0.0275
553.125	0.0267
553.25	0.0283
553.375	0.0283
553.5	0.0283
553.625	0.0243
553.75	0.0267
553.875	0.0314
554.0	0.0275
554.125	0.0267
554.25	0.0227
554.375	0.0212
554.5	0.0243
554.625	0.0275
554.75	0.0259
554.875	0.0251
555.0	0.0267
555.125	0.0267
555.25	0.0251
555.375	0.0267
555.5	0.0283
555.625	0.0251
555.75	0.0235
555.875	0.0251
556.0	0.0283
556.125	0.0306
556.25	0.0267
556.375	0.0259
556.5	0.0227
556.625	0.0204
556.75	0.0235
556.875	0.0235
557.0	0.0235
557.125	0.0235
557.25	0.0227
557.375	0.0235
557.5	0.0235
557.625	0.0227
557.75	0.0235
557.875	0.0227
558.0	0.0243
558.125	0.0267
558.25	0.0243
558.375	0.0267
558.5	0.0275
558.625	0.0283
558.75	0.0267
558.875	0.0283
559.0	0.0275
559.125	0.0251
559.25	0.0267
559.375	0.0251
559.5	0.0251
559.625	0.029
559.75	0.0283
559.875	0.0251
560.0	0.0259
560.125	0.0322
560.25	0.0306
560.375	0.0283
560.5	0.0298
560.625	0.0306
560.75	0.0259
560.875	0.0259
561.0	0.0283
561.125	0.0259
561.25	0.0251
561.375	0.0267
561.5	0.0267
561.625	0.0235
561.75	0.0283
561.875	0.0283
562.0	0.0275
562.125	0.0227
562.25	0.0243
562.375	0.0259
562.5	0.0227
562.625	0.0235
562.75	0.0267
562.875	0.0251
563.0	0.0259
563.125	0.0212
563.25	0.022
563.375	0.0243
563.5	0.0259
563.625	0.0243
563.75	0.0267
563.875	0.0243
564.0	0.0259
564.125	0.0259
564.25	0.0267
564.375	0.0243
564.5	0.0243
564.625	0.0259
564.75	0.0283
564.875	0.0259
565.0	0.0235
565.125	0.0251
565.25	0.0283
565.375	0.0298
565.5	3.0841
565.625	4.0735
565.75	3.8007
565.875	3.8141
566.0	4.0421
566.125	4.1073
566.25	4.1568
566.375	4.0767
566.5	4.1789
566.625	4.2087
566.75	4.2583
566.875	4.3392
567.0	4.2417
567.125	4.16
567.25	3.6097
567.375	3.9399
567.5	3.8337
567.625	0.3797
567.75	0.9355
567.875	2.7051
568.0	2.7476
568.125	1.7853
568.25	0.1871
568.375	0.0251
568.5	0.0235
568.625	0.169
568.75	2.4143
568.875	2.5951
569.0	1.6792
569.125	3.0628
569.25	3.6395
569.375	3.7072
569.5	3.7339
569.625	3.9674
569.75	4.1199
569.875	4.2811
570.0	4.3101
570.125	4.3267
570.25	4.3754
570.375	4.4469
570.5	4.3463
570.625	4.2936
570.75	4.2457
570.875	4.1175
571.0	3.8605
571.125	3.6969
571.25	3.4744
571.375	3.5185
571.5	3.6568
571.625	3.726
571.75	3.8329
571.875	4.1631
572.0	4.3825
572.125	4.5601
572.25	4.5035
572.375	4.4658
572.5	4.4815
572.625	4.4823
572.75	4.5413
572.875	4.579
573.0	4.3982
573.125	4.5405
573.25	4.5271
573.375	4.5114
573.5	4.4627
573.625	4.1191
573.75	4.1694
573.875	4.2535
574.0	4.5491
574.125	4.4744
574.25	4.4752
574.375	4.4682
574.5	4.454
574.625	4.4689
574.75	4.3825
574.875	4.4524
575.0	4.4399
575.125	4.4611
575.25	4.4564
575.375	4.4296
575.5	4.4399
575.625	4.4587
575.75	4.4564
575.875	4.4344
576.0	4.4351
576.125	4.2779
576.25	4.2103
576.375	4.2559
576.5	4.2001
576.625	4.2614
576.75	4.2504
576.875	4.2268
577.0	4.2457
577.125	4.2142
577.25	4.2331
577.375	4.1458
577.5	4.1466
577.625	4.1726
577.75	4.1765
577.875	4.1285
578.0	4.1191
578.125	4.1222
578.25	4.1411
578.375	4.1105
578.5	4.138
578.625	4.1199
578.75	4.1073
578.875	4.1278
579.0	4.149
579.125	3.4886
579.25	3.8251
579.375	4.0452
579.5	4.112
579.625	4.116
579.75	4.1317
579.875	4.1246
580.0	4.1498
580.125	4.134
580.25	4.145
580.375	4.1702
580.5	4.1435
580.625	4.1238
580.75	4.1309
580.875	4.1262
581.0	4.1325
581.125	4.1112
581.25	4.0924
581.375	4.105
581.5	4.101
581.625	4.0963
581.75	4.0814
581.875	4.0649
582.0	3.9949
582.125	4.0303
582.25	4.046
582.375	4.0311
582.5	4.0169
582.625	3.9721
582.75	4.0028
582.875	4.0318
583.0	4.0193
583.125	4.0043
583.25	4.002
583.375	3.9674
583.5	3.9572
583.625	3.9147
583.75	3.9399
583.875	3.9446
584.0	3.9265
584.125	3.8966
584.25	3.9178
584.375	3.9131
584.5	3.8667
584.625	3.8235
584.75	3.8833
584.875	3.8377
585.0	3.8322
585.125	3.8062
585.25	3.7928
585.375	3.7976
585.5	3.7905
585.625	3.8031
585.75	3.7873
585.875	3.7606
586.0	3.7661
586.125	3.7606
586.25	3.7339
586.375	3.759
586.5	3.7575
586.625	3.7307
586.75	3.7205
586.875	3.7134
587.0	3.7072
587.125	3.7111
587.25	3.7095
587.375	3.6781
587.5	3.7158
587.625	3.6733
587.75	3.6671
587.875	3.6616
588.0	3.6623
588.125	3.6506
588.25	3.6623
588.375	3.6238
588.5	3.6293
588.625	3.6333
588.75	3.5987
588.875	3.5869
589.0	3.5594
589.125	3.5303
589.25	3.5405
589.375	3.5145
589.5	3.5279
589.625	3.5138
589.75	3.5334
589.875	3.7614
590.0	3.7111
590.125	3.7166
590.25	3.7182
590.375	3.7355
590.5	3.6568
590.625	3.4493
590.75	3.491
590.875	3.5004
591.0	3.4996
591.125	3.4807
591.25	3.4548
591.375	3.4422
591.5	3.3817
591.625	3.3943
591.75	3.366
591.875	3.3565
592.0	3.3416
592.125	3.318
592.25	3.3054
592.375	3.2539
592.5	3.2366
592.625	3.2334
592.75	3.2264
592.875	3.1981
593.0	3.2232
593.125	3.2224
593.25	3.3062
593.375	3.3259
593.5	3.3156
593.625	3.2759
593.75	3.2366
593.875	3.2578
594.0	3.3219
594.125	3.3219
594.25	3.2712
594.375	2.7405
594.5	1.272
594.625	0.4496
594.75	0.2264
594.875	0.1603
595.0	0.1501
595.125	0.1517
595.25	0.1108
595.375	0.0471
595.5	0.0345
595.625	0.0338
595.75	0.0888
595.875	0.2413
596.0	0.2319
596.125	0.268
596.25	0.294
596.375	0.2798
596.5	0.279
596.625	0.305
596.75	0.2617
596.875	0.2334
597.0	0.2421
597.125	0.2657
597.25	0.1713
597.375	0.1525
597.5	0.121
597.625	0.0676
597.75	0.0432
597.875	0.0227
598.0	0.0267
598.125	0.0196
598.25	0.018
598.375	0.0188
598.5	0.0165
598.625	0.0204
598.75	0.0188
598.875	0.018
599.0	0.0188
599.125	0.0605
599.25	0.5911
599.375	1.4559
599.5	2.0699
599.625	2.4544
599.75	2.6737
599.875	2.7201
600.0	2.6902
600.125	2.6831
600.25	2.669
600.375	2.6328
600.5	2.6084
600.625	2.6029
600.75	2.6108
600.875	2.5833
601.0	2.5644
601.125	2.5754
601.25	2.5581
601.375	2.5573
601.5	2.5597
601.625	2.5762
601.75	2.7374
601.875	2.6682
602.0	2.6132
602.125	2.5998
602.25	2.6163
602.375	2.6305
602.5	2.6297
602.625	2.6084
602.75	2.6226
602.875	2.577
603.0	2.5172
603.125	2.4371
603.25	2.2515
603.375	2.496
603.5	2.415
603.625	2.4095
603.75	2.4803
603.875	2.4646
604.0	2.3726
604.125	2.3954
604.25	2.4253
604.375	2.4331
604.5	2.4048
604.625	2.3962
604.75	2.382
604.875	2.3915
605.0	2.3742
605.125	2.3608
605.25	0.8199
605.375	0.7083
605.5	2.3262
605.625	2.3349
605.75	2.3584
605.875	2.3404
606.0	2.3294
606.125	2.3404
606.25	2.3867
606.375	2.1729
606.5	2.2743
606.625	2.4685
606.75	2.4268
606.875	2.3529
607.0	2.3584
607.125	2.36
607.25	2.305
607.375	2.2727
607.5	2.268
607.625	2.3333
607.75	2.2421
607.875	2.1729
608.0	2.2216
608.125	2.1525
608.25	2.1092
608.375	2.1761
608.5	2.1933
608.625	2.1666
608.75	2.1297
608.875	2.0518
609.0	1.9905
609.125	2.0463
609.25	2.0448
609.375	2.018
609.5	1.9716
609.625	1.9127
609.75	1.8812
609.875	1.871
610.0	1.86
610.125	1.8459
610.25	1.8584
610.375	1.8655
610.5	1.8246
610.625	1.7044
610.75	1.6548
610.875	1.6627
611.0	1.6619
611.125	1.7657
611.25	1.7696
611.375	1.6816
611.5	1.5534
611.625	1.5149
611.75	1.4646
611.875	1.5125
612.0	1.5251
612.125	1.3789
612.25	1.3254
612.375	1.3034
612.5	1.2484
612.625	1.2625
612.75	1.2358
612.875	1.6816
613.0	1.5966
613.125	1.2822
613.25	1.3191
613.375	1.7122
613.5	1.7492
613.625	1.4889
613.75	1.2492
613.875	1.0668
614.0	1.1462
614.125	0.9827
614.25	0.882
614.375	0.9213
614.5	0.9363
614.625	0.9119
614.75	0.8655
614.875	0.6729
615.0	0.5558
615.125	0.529
615.25	0.4205
615.375	0.4481
615.5	0.4944
615.625	0.4551
615.75	0.4654
615.875	0.4025
616.0	0.4622
616.125	0.5628
616.25	0.8742
616.375	0.8561
616.5	0.7303
616.625	0.6902
616.75	0.6816
616.875	0.7185
617.0	0.7366
617.125	0.6501
617.25	0.7853
617.375	0.7264
617.5	0.6572
617.625	0.9292
617.75	0.7893
617.875	0.0911
618.0	0.0416
618.125	0.1462
618.25	0.6855
618.375	1.2193
618.5	1.3396
618.625	1.1871
618.75	1.1163
618.875	0.9567
619.0	1.11
619.125	0.6588
619.25	0.6029
619.375	0.9347
619.5	0.6839
619.625	0.6187
619.75	0.9512
619.875	1.0479
620.0	1.0919
620.125	0.7154
620.25	0.2279
620.375	1.3341
620.5	1.3073
620.625	1.2311
620.75	1.1611
620.875	1.1878
621.0	1.2751
621.125	1.2743
621.25	1.3867
621.375	1.3058
621.5	1.2735
621.625	1.2099
621.75	1.022
621.875	0.9386
622.0	1.0031
622.125	1.055
622.25	1.055
622.375	1.0542
622.5	0.9897
622.625	0.9394
622.75	0.9827
622.875	0.9968
623.0	0.9496
623.125	0.9033
623.25	0.8514
623.375	0.8176
623.5	0.7547
623.625	0.7539
623.75	0.7963
623.875	0.8726
624.0	0.8836
624.125	0.8836
624.25	0.8828
624.375	0.8805
624.5	0.8836
624.625	0.9033
624.75	0.9143
624.875	0.9033
625.0	0.8962
625.125	0.8875
625.25	0.8537
625.375	0.8388
625.5	0.8506
625.625	0.8396
625.75	0.8089
625.875	0.8805
626.0	0.871
626.125	0.8215
626.25	0.783
626.375	0.6941
626.5	0.7358
626.625	0.691
626.75	0.6847
626.875	0.7146
627.0	0.7272
627.125	0.7232
627.25	0.7617
627.375	0.783
627.5	0.7979
627.625	0.7814
627.75	0.7185
627.875	0.6949
628.0	0.7295
628.125	0.7099
628.25	0.7036
628.375	0.7146
628.5	0.7114
628.625	0.6831
628.75	0.6902
628.875	0.7342
629.0	0.7515
629.125	0.7633
629.25	0.75
629.375	0.7523
629.5	0.7617
629.625	0.7775
629.75	0.7924
629.875	0.7963
630.0	0.7861
630.125	0.7932
630.25	0.7806
630.375	0.7783
630.5	0.7617
630.625	0.7484
630.75	0.7468
630.875	0.7342
631.0	0.7209
631.125	0.7122
631.25	0.6918
631.375	0.6957
631.5	0.6611
631.625	0.6344
631.75	0.6155
631.875	0.632
632.0	0.6336
632.125	0.6147
632.25	0.6116
632.375	0.5628
632.5	0.5448
632.625	0.5227
632.75	0.5432
632.875	0.5251
633.0	0.5149
633.125	0.5047
633.25	0.5361
633.375	0.5432
633.5	0.5298
633.625	0.5275
633.75	0.5267
633.875	0.5196
634.0	0.5345
634.125	0.5432
634.25	0.5518
634.375	0.5589
634.5	0.5283
634.625	0.5227
634.75	0.5165
634.875	0.5062
635.0	0.5078
635.125	0.5204
635.25	0.5243
635.375	0.5172
635.5	0.5023
635.625	0.5078
635.75	0.4984
635.875	0.4976
636.0	0.4929
636.125	0.5023
636.25	0.485
636.375	0.4724
636.5	0.4661
636.625	0.4551
636.75	0.4449
636.875	0.4481
637.0	0.4441
637.125	0.4394
637.25	0.4316
637.375	0.4378
637.5	0.4363
637.625	0.4323
637.75	0.4166
637.875	0.3954
638.0	0.3899
638.125	0.3852
638.25	0.3852
638.375	0.3797
638.5	0.3765
638.625	0.3797
638.75	0.3647
638.875	0.3639
639.0	0.3734
639.125	0.3694
639.25	0.3702
639.375	0.3569
639.5	0.3522
639.625	0.3569
639.75	0.3522
639.875	0.3443
640.0	0.3427
640.125	0.3388
640.25	0.338
640.375	0.3364
640.5	0.3262
640.625	0.3176
640.75	0.3089
640.875	0.3097
641.0	0.3176
641.125	0.3066
641.25	0.2995
641.375	0.2932
641.5	0.2955
641.625	0.2955
641.75	0.2995
641.875	0.2995
642.0	0.2963
642.125	0.29
642.25	0.2861
642.375	0.2861
642.5	0.2814
642.625	0.2672
642.75	0.2586
642.875	0.2578
643.0	0.2649
643.125	0.2657
643.25	0.2712
643.375	0.2727
643.5	0.272
643.625	0.2562
643.75	0.2429
643.875	0.2382
644.0	0.2374
644.125	0.2342
644.25	0.3073
644.375	0.4622
644.5	0.5432
644.625	0.5424
644.75	0.5039
644.875	0.5738
645.0	0.5919
645.125	0.5833
645.25	0.5149
645.375	0.3977
645.5	0.3757
645.625	0.1941
645.75	0.0102
645.875	0.3042
646.0	0.2099
646.125	0.1242
646.25	0.1273
646.375	0.0864
646.5	0.0833
646.625	0.0691
646.75	0.0589
646.875	0.0621
647.0	0.1462
647.125	0.3592
647.25	0.4119
647.375	0.3938
647.5	0.4166
647.625	0.3875
647.75	0.3152
647.875	0.3592
648.0	0.3246
648.125	0.3128
648.25	0.3773
648.375	0.2822
648.5	0.2327
648.625	0.0094
648.75	0.0849
648.875	0.2216
649.0	0.224
649.125	0.2814
649.25	0.4842
649.375	0.533
649.5	0.4779
649.625	0.5015
649.75	0.4654
649.875	0.5298
650.0	0.5904
650.125	0.496
650.25	0.5015
650.375	0.4921
650.5	0.4709
650.625	0.4858
650.75	0.4488
650.875	0.4599
651.0	0.4976
651.125	0.4866
651.25	0.4709
651.375	0.5644
651.5	0.9213
651.625	0.6462
651.75	0.4811
651.875	0.4795
652.0	0.5204
652.125	0.4528
652.25	0.4606
652.375	0.4929
652.5	0.5283
652.625	0.5542
652.75	0.544
652.875	0.5251
653.0	0.5172
653.125	0.5361
653.25	0.5007
653.375	0.4803
653.5	0.4685
653.625	0.4638
653.75	0.4465
653.875	0.4308
654.0	0.4213
654.125	0.4119
654.25	0.3946
654.375	0.3852
654.5	0.3687
654.625	0.3632
654.75	0.3584
654.875	0.3419
655.0	0.3341
655.125	0.3183
655.25	0.3105
655.375	0.3042
655.5	0.2979
655.625	0.2775
655.75	0.2672
655.875	0.2594
656.0	0.2468
656.125	0.2444
656.25	0.2311
656.375	0.2138
656.5	0.2028
656.625	0.1965
656.75	0.1855
656.875	0.1509
657.0	0.147
657.125	0.1462
657.25	0.1493
657.375	0.1533
657.5	0.1501
657.625	0.1328
657.75	0.1116
657.875	0.099
658.0	0.0723
658.125	0.0731
658.25	0.0731
658.375	0.0479
658.5	0.0369
658.625	0.0361
658.75	0.0369
658.875	0.0377
659.0	0.04
659.125	0.0385
659.25	0.0408
659.375	0.0408
659.5	0.0338
659.625	0.033
659.75	0.0377
659.875	0.033
660.0	0.0314
660.125	0.0283
660.25	0.0283
660.375	0.0283
660.5	0.029
660.625	0.029
660.75	0.029
660.875	0.033
661.0	0.0306
661.125	0.029
661.25	0.0322
661.375	0.0306
661.5	0.0306
661.625	0.0322
661.75	0.0283
661.875	0.0275
662.0	0.0322
662.125	0.033
662.25	0.0322
662.375	0.0306
662.5	0.0314
662.625	0.033
662.75	0.0298
662.875	0.0338
663.0	0.0345
663.125	0.0283
663.25	0.033
663.375	0.033
663.5	0.0306
663.625	0.029
663.75	0.0283
663.875	0.0275
664.0	0.0298
664.125	0.029
664.25	0.0283
664.375	0.0283
664.5	0.0283
664.625	0.0283
664.75	0.0283
664.875	0.0275
665.0	0.0283
665.125	0.029
665.25	0.0283
665.375	0.0283
665.5	0.0283
665.625	0.0283
665.75	0.0283
665.875	0.0306
666.0	0.0345
666.125	0.0345
666.25	0.033
666.375	0.0361
666.5	0.0369
666.625	0.0369
666.75	0.0377
666.875	0.0408
667.0	0.04
667.125	0.0424
667.25	0.0385
667.375	0.0377
667.5	0.0353
667.625	0.0377
667.75	0.04
667.875	0.04
668.0	0.0385
668.125	0.0377
668.25	0.0393
668.375	0.0393
668.5	0.0385
668.625	0.0393
668.75	0.04
668.875	0.0377
669.0	0.0408
669.125	0.04
669.25	0.0393
669.375	0.0408
669.5	0.0416
669.625	0.0408
669.75	0.04
669.875	0.0416
670.0	0.0408
670.125	0.0393
670.25	0.0377
670.375	0.0385
670.5	0.0377
670.625	0.0424
670.75	0.0455
670.875	0.0479
671.0	0.0511
671.125	0.0518
671.25	0.0518
671.375	0.0495
671.5	0.0518
671.625	0.0518
671.75	0.0455
671.875	0.0463
672.0	0.0463
672.125	0.0455
672.25	0.0479
672.375	0.0471
672.5	0.0471
672.625	0.0471
672.75	0.0511
672.875	0.0526
673.0	0.0558
673.125	0.0542
673.25	0.0573
673.375	0.0628
673.5	0.0644
673.625	0.066
673.75	0.0652
673.875	0.0636
674.0	0.0636
674.125	0.0613
674.25	0.0628
674.375	0.0613
674.5	0.0636
674.625	0.066
674.75	0.066
674.875	0.0644
675.0	0.066
675.125	0.066
675.25	0.0652
675.375	0.0652
675.5	0.066
675.625	0.0668
675.75	0.066
675.875	0.066
676.0	0.066
676.125	0.066
676.25	0.0699
676.375	0.0707
676.5	0.0707
676.625	0.0707
676.75	0.0455
676.875	0.04
677.0	0.0424
677.125	0.0455
677.25	0.0408
677.375	0.0408
677.5	0.0369
677.625	0.0369
677.75	0.0369
677.875	0.0377
678.0	0.0377
678.125	0.0377
678.25	0.0377
678.375	0.0377
678.5	0.0393
678.625	0.0589
678.75	0.0534
678.875	0.0511
679.0	0.0762
679.125	0.0746
679.25	0.0762
679.375	0.0801
679.5	0.0778
679.625	0.0778
679.75	0.0801
679.875	0.0786
680.0	0.0801
680.125	0.0801
680.25	0.0786
680.375	0.0786
680.5	0.0801
680.625	0.0809
680.75	0.0809
680.875	0.0833
681.0	0.0817
681.125	0.0817
681.25	0.0809
681.375	0.0825
681.5	0.0833
681.625	0.0833
681.75	0.0809
681.875	0.0833
682.0	0.0825
682.125	0.0801
682.25	0.0817
682.375	0.0801
682.5	0.0849
682.625	0.0817
682.75	0.0833
682.875	0.0833
683.0	0.0841
683.125	0.0809
683.25	0.0849
683.375	0.0825
683.5	0.0849
683.625	0.0849
683.75	0.0849
683.875	0.0849
684.0	0.0864
684.125	0.0849
684.25	0.0872
684.375	0.0872
684.5	0.0849
684.625	0.0849
684.75	0.0833
684.875	0.0841
685.0	0.0849
685.125	0.0849
685.25	0.0849
685.375	0.0849
685.5	0.0849
685.625	0.0849
685.75	0.0801
685.875	0.0825
686.0	0.0825
686.125	0.0809
686.25	0.0849
686.375	0.0809
686.5	0.0841
686.625	0.0809
686.75	0.0817
686.875	0.0849
687.0	0.0825
687.125	0.0778
687.25	0.0817
687.375	0.0809
687.5	0.0825
687.625	0.0825
687.75	0.0849
687.875	0.0841
688.0	0.0841
688.125	0.0833
688.25	0.0801
688.375	0.0817
688.5	0.0801
688.625	0.0801
688.75	0.0809
688.875	0.0801
689.0	0.0801
689.125	0.0801
689.25	0.0801
689.375	0.0801
689.5	0.0801
689.625	0.0817
689.75	0.0801
689.875	0.0801
690.0	0.0801
690.125	0.0794
690.25	0.0801
690.375	0.0786
690.5	0.0778
690.625	0.0754
690.75	0.0778
690.875	0.0738
691.0	0.0731
691.125	0.0754
691.25	0.0723
691.375	0.0707
691.5	0.0707
691.625	0.0715
691.75	0.0707
691.875	0.0699
692.0	0.0707
692.125	0.0707
692.25	0.066
692.375	0.0644
692.5	0.0707
692.625	0.0707
692.75	0.0676
692.875	0.0668
693.0	0.0652
693.125	0.066
693.25	0.0699
693.375	0.0699
693.5	0.0683
693.625	0.0691
693.75	0.0699
693.875	0.0683
694.0	0.0683
694.125	0.0707
694.25	0.0707
694.375	0.0731
694.5	0.0699
694.625	0.0676
694.75	0.066
694.875	0.0636
695.0	0.0668
695.125	0.0668
695.25	0.0668
695.375	0.0699
695.5	0.0691
695.625	0.0699
695.75	0.0691
695.875	0.0699
696.0	0.0707
696.125	0.0691
696.25	0.0707
696.375	0.0691
696.5	0.0691
696.625	0.0691
696.75	0.066
696.875	0.0707
697.0	0.0683
697.125	0.066
697.25	0.066
697.375	0.0691
697.5	0.066
697.625	0.0683
697.75	0.066
697.875	0.066
698.0	0.066
698.125	0.0676
698.25	0.066
698.375	0.0668
698.5	0.0644
698.625	0.0668
698.75	0.066
698.875	0.0652
699.0	0.0652
699.125	0.0636
699.25	0.0676
699.375	0.0644
699.5	0.066
699.625	0.0644
699.75	0.0652
699.875	0.0644
700.0	0.0636
700.125	0.0676
700.25	0.0668
700.375	0.0676
700.5	0.0691
700.625	0.0699
700.75	0.0691
700.875	0.0691
701.0	0.0707
701.125	0.0746
701.25	0.0746
701.375	0.0738
701.5	0.0738
701.625	0.0746
701.75	0.0746
701.875	0.0715
702.0	0.0707
702.125	0.0731
702.25	0.0731
702.375	0.0715
702.5	0.0691
702.625	0.0723
702.75	0.0738
702.875	0.0699
703.0	0.0691
703.125	0.0715
703.25	0.0731
703.375	0.0731
703.5	0.0707
703.625	0.066
703.75	0.066
703.875	0.0628
704.0	0.0715
704.125	0.0738
704.25	0.0715
704.375	0.0746
704.5	0.0707
704.625	0.0715
704.75	0.0699
704.875	0.0691
705.0	0.0676
705.125	0.0676
705.25	0.0691
705.375	0.0691
705.5	0.0707
705.625	0.0699
705.75	0.0731
705.875	0.0707
706.0	0.0683
706.125	0.0707
706.25	0.0683
706.375	0.0723
706.5	0.0715
706.625	0.0715
706.75	0.0738
706.875	0.0723
707.0	0.0723
707.125	0.0754
707.25	0.0754
707.375	0.0754
707.5	0.0754
707.625	0.0754
707.75	0.0738
707.875	0.0715
708.0	0.0746
708.125	0.0731
708.25	0.0738
708.375	0.0723
708.5	0.066
708.625	0.0723
708.75	0.0715
708.875	0.0723
709.0	0.0715
709.125	0.0746
709.25	0.0746
709.375	0.0707
709.5	0.0691
709.625	0.0746
709.75	0.0731
709.875	0.0754
710.0	0.0754
710.125	0.0754
710.25	0.0715
710.375	0.0731
710.5	0.0699
710.625	0.0707
710.75	0.0707
710.875	0.0738
711.0	0.0707
711.125	0.0699
711.25	0.0715
711.375	0.0707
711.5	0.0707
711.625	0.0691
711.75	0.0691
711.875	0.0652
712.0	0.0691
712.125	0.0652
712.25	0.066
712.375	0.0652
712.5	0.0636
712.625	0.0613
712.75	0.0613
712.875	0.0613
713.0	0.0636
713.125	0.0628
713.25	0.066
713.375	0.0668
713.5	0.066
713.625	0.0676
713.75	0.066
713.875	0.0683
714.0	0.066
714.125	0.0652
714.25	0.066
714.375	0.0683
714.5	0.0707
714.625	0.0676
714.75	0.0683
714.875	0.066
715.0	0.0676
715.125	0.0668
715.25	0.0652
715.375	0.0668
715.5	0.0652
715.625	0.0691
715.75	0.0668
715.875	0.0668
716.0	0.0691
716.125	0.0707
716.25	0.0676
716.375	0.066
716.5	0.066
716.625	0.0668
716.75	0.066
716.875	0.066
717.0	0.066
717.125	0.0636
717.25	0.0644
717.375	0.0636
717.5	0.0636
717.625	0.0566
717.75	0.0621
717.875	0.0621
718.0	0.0644
718.125	0.0628
718.25	0.0597
718.375	0.0573
718.5	0.0597
718.625	0.0581
718.75	0.0566
718.875	0.0628
719.0	0.0628
719.125	0.0613
719.25	0.0605
719.375	0.0605
719.5	0.0644
719.625	0.0621
719.75	0.066
719.875	0.0613
720.0	0.0621
720.125	0.0628
720.25	0.0636
720.375	0.0613
720.5	0.0613
720.625	0.0589
720.75	0.0581
720.875	0.0573
721.0	0.0573
721.125	0.0566
721.25	0.0542
721.375	0.055
721.5	0.0558
721.625	0.0534
721.75	0.0566
721.875	0.0566
722.0	0.0542
722.125	0.0518
722.25	0.0503
722.375	0.0534
722.5	0.0542
722.625	0.0526
722.75	0.0534
722.875	0.0542
723.0	0.0534
723.125	0.0503
723.25	0.0511
723.375	0.0495
723.5	0.0495
723.625	0.0495
723.75	0.0511
723.875	0.0471
724.0	0.0408
724.125	0.0377
724.25	0.0377
724.375	0.0377
724.5	0.0369
724.625	0.0377
724.75	0.0353
724.875	0.0353
725.0	0.033
725.125	0.033
725.25	0.0345
725.375	0.033
725.5	0.0353
725.625	0.0338
725.75	0.0353
725.875	0.0314
726.0	0.0306
726.125	0.0314
726.25	0.0283
726.375	0.0322
726.5	0.0338
726.625	0.033
726.75	0.0306
726.875	0.033
727.0	0.033
727.125	0.033
727.25	0.0353
727.375	0.0361
727.5	0.0385
727.625	0.0393
727.75	0.0361
727.875	0.0345
728.0	0.0361
728.125	0.0338
728.25	0.0369
728.375	0.0353
728.5	0.0377
728.625	0.033
728.75	0.033
728.875	0.0345
729.0	0.0322
729.125	0.033
729.25	0.0306
729.375	0.0314
729.5	0.0306
729.625	0.033
729.75	0.0314
729.875	0.033
730.0	0.0306
730.125	0.0283
730.25	0.0267
730.375	0.0251
730.5	0.0275
730.625	0.0283
730.75	0.0259
730.875	0.0251
731.0	0.0235
731.125	0.0235
731.25	0.0251
731.375	0.0259
731.5	0.0275
731.625	0.0283
731.75	0.0283
731.875	0.0275
732.0	0.0275
732.125	0.0267
732.25	0.0267
732.375	0.0235
732.5	0.0283
732.625	0.0243
732.75	0.0259
732.875	0.0235
733.0	0.0227
733.125	0.0227
733.25	0.022
733.375	0.022
733.5	0.0204
733.625	0.0204
733.75	0.0188
733.875	0.0188
734.0	0.018
734.125	0.0165
734.25	0.0172
734.375	0.0172
734.5	0.018
734.625	0.0125
734.75	0.0117
734.875	0.0141
735.0	0.0141
735.125	0.0149
735.25	0.0157
735.375	0.0157
735.5	0.0117
735.625	0.0117
735.75	0.0141
735.875	0.011
736.0	0.0141
736.125	0.0133
736.25	0.0141
736.375	0.0102
736.5	0.0094
736.625	0.007
736.75	0.0086
736.875	0.0062
737.0	0.0047
737.125	0.0031
737.25	0.0094
737.375	0.0039
737.5	0.0055
737.625	0.0078
737.75	0.0086
737.875	0.0062
738.0	0.0062
738.125	0.0039
738.25	0.0047
738.375	0.0031
738.5	0.0047
738.625	0.0039
738.75	0.0039
738.875	0.0015
739.0	7.0E-4
739.125	0.0039
739.25	0.0047
739.375	0.0055
739.5	0.0015
739.625	0.0031
739.75	0.0023
739.875	0.0
740.0	0.0
740.125	0.0
740.25	0.0
740.375	0.0
740.5	0.0
740.625	0.0
740.75	0.0
740.875	0.0
741.0	0.0
741.125	0.0
741.25	7.0E-4
741.375	7.0E-4
741.5	7.0E-4
741.625	0.0
741.75	0.0
741.875	0.0
742.0	0.0
742.125	0.0
742.25	0.0
742.375	0.0
742.5	0.0
742.625	0.0
742.75	0.0
742.875	0.0023
743.0	0.0
743.125	0.0
743.25	0.0
743.375	0.0
743.5	7.0E-4
743.625	0.0
743.75	0.0015
743.875	0.0015
744.0	0.0
744.125	0.0
744.25	0.0
744.375	0.0
744.5	0.0
744.625	0.0
744.75	7.0E-4
744.875	0.0
745.0	0.0
745.125	0.0
745.25	0.0
745.375	0.0
745.5	7.0E-4
745.625	0.0
745.75	7.0E-4
745.875	0.0
746.0	0.0
746.125	7.0E-4
746.25	0.0
746.375	0.0
746.5	0.0
746.625	0.0
746.75	0.0
746.875	7.0E-4
747.0	0.0015
747.125	0.0
747.25	0.0015
747.375	7.0E-4
747.5	0.0
747.625	0.0047
747.75	0.0031
747.875	0.0015
748.0	0.0031
748.125	0.0039
748.25	0.0039
748.375	0.0047
748.5	0.0015
748.625	0.0039
748.75	0.0015
748.875	0.0015
749.0	0.0039
749.125	0.0047
749.25	0.0047
749.375	0.0015
749.5	0.0
749.625	7.0E-4
749.75	0.0
749.875	0.0047
750.0	0.0039
750.125	7.0E-4
750.25	7.0E-4
750.375	7.0E-4
750.5	7.0E-4
750.625	0.0
750.75	0.0015
750.875	0.0
751.0	0.0015
751.125	0.0
751.25	0.0015
751.375	0.0031
751.5	0.0031
751.625	0.0031
751.75	0.0031
751.875	7.0E-4
752.0	0.0031
752.125	0.0023
752.25	0.0023
752.375	0.0023
752.5	0.0015
752.625	0.0
752.75	0.0
752.875	0.0
753.0	0.0023
753.125	0.0
753.25	0.0039
753.375	0.0039
753.5	0.0031
753.625	0.0015
753.75	0.0031
753.875	0.0015
754.0	0.0039
754.125	0.0023
754.25	0.0015
754.375	0.0031
754.5	0.0
754.625	0.0039
754.75	0.0023
754.875	0.0015
755.0	0.0015
755.125	0.0
755.25	0.0
755.375	0.0
755.5	0.0
755.625	0.0
755.75	0.0
755.875	0.0
756.0	0.0
756.125	0.0
756.25	0.0
756.375	0.0
756.5	0.0
756.625	0.0
756.75	7.0E-4
756.875	0.0
757.0	7.0E-4
757.125	0.0015
757.25	0.0
757.375	0.0
757.5	0.0
757.625	0.0
757.75	0.0
757.875	0.0
758.0	0.0
758.125	7.0E-4
758.25	0.0
758.375	0.0
758.5	0.0
758.625	0.0
758.75	0.0
758.875	0.0
759.0	0.0
759.125	0.0
759.25	0.0
759.375	0.0
759.5	0.0
759.625	0.0
759.75	0.0
759.875	0.0
760.0	0.0
760.125	0.0
760.25	0.0
760.375	0.0
760.5	0.0
760.625	0.0
760.75	0.0
760.875	0.0
761.0	0.0
761.125	0.0
761.25	0.0
761.375	0.0
761.5	0.0
761.625	0.0
761.75	0.0
761.875	0.0
762.0	0.0
762.125	0.0
762.25	0.0015
762.375	0.0015
762.5	0.0
762.625	0.0
762.75	0.0
762.875	0.0
763.0	0.0
763.125	7.0E-4
763.25	0.0
763.375	0.0
763.5	0.0
763.625	0.0
763.75	0.0
763.875	0.0
764.0	0.0
764.125	0.0
764.25	0.0
764.375	0.0
764.5	0.0
764.625	0.0
764.75	0.0
764.875	0.0
765.0	0.0
765.125	0.0
765.25	0.0
765.375	0.0
765.5	0.0
765.625	0.0
765.75	0.0
765.875	0.0
766.0	0.0
766.125	0.0
766.25	0.0
766.375	0.0
766.5	0.0
766.625	0.0
766.75	0.0
766.875	0.0
767.0	0.0
767.125	0.0
767.25	0.0
767.375	0.0
767.5	0.0
767.625	0.0
767.75	0.0
767.875	0.0
768.0	0.0
768.125	0.0
768.25	0.0023
768.375	0.0023
768.5	0.0
768.625	0.0
768.75	0.0
768.875	0.0
769.0	0.0
769.125	0.0
769.25	0.0
769.375	0.0
769.5	0.0
769.625	0.0
769.75	0.0
769.875	0.0
770.0	0.0
770.125	0.0031
770.25	0.0047
770.375	0.0039
770.5	7.0E-4
770.625	0.0
770.75	0.0
770.875	0.0
771.0	0.0
771.125	0.0
771.25	0.0
771.375	0.0
771.5	0.0
771.625	0.0
771.75	0.0
771.875	0.0
772.0	7.0E-4
772.125	0.0023
772.25	0.0
772.375	0.0
772.5	0.0
772.625	0.0
772.75	0.0
772.875	0.0
773.0	0.0
773.125	0.0015
773.25	0.0
773.375	0.0
773.5	0.0
773.625	0.0
773.75	0.0
773.875	0.0
774.0	0.0015
774.125	0.0
774.25	7.0E-4
774.375	0.0
774.5	0.0
774.625	0.0
774.75	0.0047
774.875	0.0039
775.0	0.0031
775.125	0.0023
775.25	0.0023
775.375	7.0E-4
775.5	0.0031
775.625	0.0039
775.75	0.0023
775.875	7.0E-4
776.0	0.0023
776.125	0.0031
776.25	0.0
776.375	0.0
776.5	0.0023
776.625	0.007
776.75	0.0039
776.875	0.0047
777.0	0.0
777.125	0.0
777.25	0.0
777.375	0.0
777.5	0.0
777.625	0.0
777.75	0.0031
777.875	0.0031
778.0	7.0E-4
778.125	0.0031
778.25	0.0047
778.375	0.0023
778.5	0.0047
778.625	0.0039
778.75	0.0015
778.875	0.0
779.0	0.0
779.125	0.0015
779.25	0.0023
779.375	0.0023
779.5	0.0
779.625	0.0
779.75	7.0E-4
779.875	0.0
780.0	7.0E-4
780.125	0.0
780.25	0.0
780.375	0.0
780.5	0.0023
780.625	0.0031
780.75	0.0031
780.875	0.0031
781.0	0.0015
781.125	0.0031
781.25	0.0015
781.375	0.0047
781.5	0.0047
781.625	0.0023
781.75	0.0039
781.875	0.0031
782.0	0.0047
782.125	0.0023
782.25	0.0
782.375	0.0047
782.5	0.0015
782.625	0.0
782.75	0.0
782.875	0.0039
783.0	0.0062
783.125	0.0039
783.25	0.0047
783.375	0.0055
783.5	0.0062
783.625	0.0062
783.75	0.0039
783.875	0.0023
784.0	0.0
784.125	7.0E-4
784.25	0.0031
784.375	0.0023
784.5	0.0039
784.625	0.0031
784.75	0.0047
784.875	0.0039
785.0	7.0E-4
785.125	0.0015
785.25	0.0031
785.375	0.0
785.5	0.0023
785.625	0.0047
785.75	7.0E-4
785.875	0.0031
786.0	0.0039
786.125	0.0039
786.25	0.0023
786.375	0.0055
786.5	0.0047
786.625	0.0047
786.75	0.0031
786.875	0.0055
787.0	0.0047
787.125	0.007
787.25	0.0055
787.375	0.0094
787.5	0.0125
787.625	0.0094
787.75	0.0094
787.875	0.0047
788.0	0.022
788.125	0.0055
788.25	0.0078
788.375	0.0047
788.5	0.0487
788.625	1.1957
788.75	1.2209
788.875	1.2146
789.0	1.213
789.125	1.2138
789.25	1.2177
789.375	1.2389
789.5	1.2216
789.625	1.2012
789.75	1.1839
789.875	1.1525
790.0	1.1462
790.125	1.1698
790.25	1.154
790.375	1.158
790.5	1.1721
790.625	1.1729
790.75	1.1713
790.875	1.1682
791.0	1.1603
791.125	1.1422
791.25	1.1336
791.375	1.1132
791.5	1.1061
791.625	1.1116
791.75	1.1171
791.875	1.1234
792.0	1.1179
792.125	1.1155
792.25	1.1045
792.375	1.1037
792.5	1.1053
792.625	1.1147
792.75	1.1273
792.875	1.132
793.0	1.1391
793.125	1.1383
793.25	1.147
793.375	1.1619
793.5	1.1509
793.625	1.147
793.75	1.1446
793.875	1.1226
794.0	1.1422
794.125	1.1705
794.25	1.1698
794.375	1.1666
794.5	1.1737
794.625	1.1635
794.75	1.1422
794.875	1.1501
795.0	1.1265
795.125	1.1108
795.25	1.0927
795.375	1.0801
795.5	1.0636
795.625	1.0416
795.75	1.0172
795.875	1.0031
796.0	0.9779
796.125	0.9583
796.25	0.9418
796.375	0.919
796.5	0.904
796.625	0.8844
796.75	0.8742
796.875	0.8663
797.0	0.8545
797.125	0.849
797.25	0.8506
797.375	0.8506
797.5	0.8545
797.625	0.8624
797.75	0.8577
797.875	0.8561
798.0	0.886
798.125	0.9001
798.25	0.9174
798.375	0.9229
798.5	0.9284
798.625	0.9386
798.75	0.9347
798.875	0.9331
799.0	0.941
799.125	0.9355
799.25	0.93
799.375	0.9355
799.5	0.9237
799.625	0.9261
799.75	0.9402
799.875	0.9308
800.0	0.9111
800.125	0.9064
800.25	0.9001
800.375	0.8915
800.5	0.8757
800.625	0.8647
800.75	0.8679
800.875	0.8624
801.0	0.86
801.125	0.8372
801.25	0.8081
801.375	0.7916
801.5	0.7759
801.625	0.768
801.75	0.7437
801.875	0.7177
802.0	0.6973
802.125	0.6784
802.25	0.6682
802.375	0.6525
802.5	0.6422
802.625	0.6265
802.75	0.6187
802.875	0.6139
803.0	0.5911
803.125	0.5306
803.25	0.5644
803.375	0.555
803.5	0.5416
803.625	0.5322
803.75	0.54
803.875	0.5534
804.0	0.544
804.125	0.5251
804.25	0.5605
804.375	0.5833
804.5	0.6022
804.625	0.5676
804.75	0.5471
804.875	0.5471
805.0	0.5345
805.125	0.5117
805.25	0.5055
805.375	0.5039
805.5	0.4795
805.625	0.4701
805.75	0.4528
805.875	0.4418
806.0	0.4371
806.125	0.4371
806.25	0.4237
806.375	0.4072
806.5	0.4001
806.625	0.4088
806.75	0.3836
806.875	0.3726
807.0	0.3639
807.125	0.3514
807.25	0.3411
807.375	0.3286
807.5	0.0133
807.625	0.0
807.75	0.2405
807.875	0.2861
808.0	0.2798
808.125	0.2727
808.25	0.2649
808.375	0.2515
808.5	0.2507
808.625	0.2421
808.75	0.2287
808.875	0.2272
809.0	0.2154
809.125	0.202
809.25	0.1855
809.375	0.1721
809.5	0.1525
809.625	0.2311
809.75	0.4103
809.875	0.474
810.0	0.5841
810.125	0.6045
810.25	0.5754
810.375	0.5573
810.5	0.5495
810.625	0.5235
810.75	0.5172
810.875	0.4984
811.0	0.5007
811.125	0.485
811.25	0.4221
811.375	0.1108
811.5	0.0157
811.625	0.0149
811.75	0.0165
811.875	0.0094
812.0	0.0055
812.125	0.0023
812.25	0.0031
812.375	0.0023
812.5	0.0039
812.625	7.0E-4
812.75	0.0047
812.875	0.0015
813.0	0.0023
813.125	0.0015
813.25	0.0023
813.375	0.0
813.5	7.0E-4
813.625	7.0E-4
813.75	0.0023
813.875	0.0
814.0	0.0
814.125	0.0023
814.25	0.0
814.375	0.0
814.5	0.0
814.625	0.0
814.75	0.0
814.875	0.0023
815.0	7.0E-4
815.125	0.0023
815.25	0.0015
815.375	0.0
815.5	0.0015
815.625	0.0062
815.75	0.0062
815.875	0.0031
816.0	0.0015
816.125	0.0
816.25	0.0023
816.375	7.0E-4
816.5	0.0
816.625	0.0
816.75	0.0
816.875	7.0E-4
817.0	0.0094
817.125	0.055
817.25	0.1179
817.375	0.224
817.5	0.1863
817.625	0.1367
817.75	0.0597
817.875	0.0448
818.0	0.0369
818.125	0.1305
818.25	0.1564
818.375	0.0731
818.5	0.0251
818.625	0.0
818.75	0.0172
818.875	0.0078
819.0	0.0086
819.125	0.007
819.25	0.0039
819.375	0.0
819.5	0.0526
819.625	0.0385
819.75	0.0078
819.875	0.0133
820.0	7.0E-4
820.125	0.0023
820.25	0.0
820.375	0.0
820.5	0.0
820.625	0.0
820.75	0.0
820.875	0.0
821.0	0.0943
821.125	0.5495
821.25	0.5691
821.375	0.5636
821.5	0.555
821.625	0.5581
821.75	0.2216
821.875	0.0
822.0	0.507
822.125	0.4779
822.25	0.452
822.375	0.4347
822.5	0.4331
822.625	0.4276
822.75	0.4276
822.875	0.4237
823.0	0.4182
823.125	0.4119
823.25	0.4127
823.375	0.404
823.5	0.3443
823.625	0.3262
823.75	0.3246
823.875	0.3011
824.0	0.2775
824.125	0.261
824.25	0.2507
824.375	0.2444
824.5	0.246
824.625	0.2421
824.75	0.2374
824.875	0.2437
825.0	0.0165
825.125	0.0055
825.25	0.1289
825.375	0.2358
825.5	0.2272
825.625	0.2185
825.75	0.2272
825.875	0.283
826.0	0.316
826.125	0.2979
826.25	0.371
826.375	0.4528
826.5	0.4858
826.625	0.485
826.75	0.4394
826.875	0.3797
827.0	0.2429
827.125	0.1242
827.25	0.0849
827.375	0.0794
827.5	0.0927
827.625	0.0833
827.75	0.0817
827.875	0.0778
828.0	0.0778
828.125	0.0731
828.25	0.0715
828.375	0.0613
828.5	0.0589
828.625	0.0573
828.75	0.0558
828.875	0.0495
829.0	0.0503
829.125	0.0432
829.25	0.0408
829.375	0.0361
829.5	0.0361
829.625	0.033
829.75	0.0322
829.875	0.0298
830.0	0.0227
830.125	0.0188
830.25	0.0157
830.375	0.0149
830.5	0.011
830.625	0.0094
830.75	0.0
830.875	0.0086
831.0	0.0094
831.125	0.0086
831.25	0.0078
831.375	0.0086
831.5	0.0055
831.625	0.0047
831.75	0.0055
831.875	0.0047
832.0	0.0039
832.125	0.0047
832.25	0.0039
832.375	0.0039
832.5	0.0039
832.625	0.0031
832.75	0.0047
832.875	0.0047
833.0	0.0086
833.125	0.0047
833.25	0.0039
833.375	0.0047
833.5	0.0062
833.625	0.0062
833.75	0.0047
833.875	0.0078
834.0	0.0094
834.125	0.0094
834.25	0.007
834.375	0.0047
834.5	0.0031
834.625	0.0
834.75	7.0E-4
834.875	0.0
835.0	0.0
835.125	0.0
835.25	0.0
835.375	0.0
835.5	0.0
835.625	7.0E-4
835.75	0.0
835.875	0.0
836.0	0.0023
836.125	7.0E-4
836.25	0.0
836.375	0.0
836.5	7.0E-4
836.625	0.0031
836.75	0.0015
836.875	7.0E-4
837.0	0.0023
837.125	0.0015
837.25	0.0
837.375	0.0
837.5	0.0031
837.625	0.0015
837.75	0.0031
837.875	0.0
838.0	7.0E-4
838.125	0.0
838.25	0.0
838.375	0.0
838.5	0.0
838.625	0.0
838.75	0.0
838.875	0.0023
839.0	0.0
839.125	0.0
839.25	0.0015
839.375	7.0E-4
839.5	0.0031
839.625	0.0031
839.75	0.0031
839.875	0.007
840.0	0.0047
840.125	0.0047
840.25	0.0047
840.375	0.0086
840.5	0.0055
840.625	0.0062
840.75	0.0086
840.875	0.0055
841.0	0.0039
841.125	0.0062
841.25	0.0086
841.375	0.0094
841.5	0.0086
841.625	0.0094
841.75	0.0078
841.875	0.0062
842.0	0.0094
842.125	0.007
842.25	0.0094
842.375	0.0078
842.5	0.0086
842.625	0.0078
842.75	0.0055
842.875	0.0078
843.0	0.007
843.125	0.0094
843.25	0.0094
843.375	0.0062
843.5	0.0094
843.625	0.007
843.75	0.0094
843.875	0.0086
844.0	0.0094
844.125	0.011
844.25	0.0086
844.375	0.0102
844.5	0.0086
844.625	0.0102
844.75	0.0117
844.875	0.011
845.0	0.0102
845.125	0.0078
845.25	0.0078
845.375	0.0094
845.5	0.011
845.625	0.0141
845.75	0.0094
845.875	0.0094
846.0	0.0117
846.125	0.0117
846.25	0.0133
846.375	0.0117
846.5	0.0094
846.625	0.0078
846.75	0.0102
846.875	0.0094
847.0	0.0094
847.125	0.0094
847.25	0.0094
847.375	0.0102
847.5	0.0078
847.625	0.0094
847.75	0.0094
847.875	0.0047
848.0	0.0078
848.125	0.0062
848.25	0.0078
848.375	0.0086
848.5	0.0094
848.625	0.0094
848.75	0.0094
848.875	0.0094
849.0	0.0047
849.125	0.0062
849.25	0.0086
849.375	0.0094
849.5	0.0094
849.625	0.007
849.75	0.0086
849.875	0.0078
850.0	0.0102
850.125	0.0094
850.25	0.0094
850.375	0.0117
850.5	0.0125
850.625	0.0141
850.75	0.0141
850.875	0.0117
851.0	0.0094
851.125	0.0094
851.25	0.011
851.375	0.0094
851.5	0.0102
851.625	0.0125
851.75	0.0141
851.875	0.011
852.0	0.011
852.125	0.0102
852.25	0.0117
852.375	0.0141
852.5	0.0117
852.625	0.0117
852.75	0.011
852.875	0.0117
853.0	0.0094
853.125	0.0117
853.25	0.0125
853.375	0.0117
853.5	0.0094
853.625	0.0094
853.75	0.0125
853.875	0.0141
854.0	0.0125
854.125	0.0125
854.25	0.0102
854.375	0.0094
854.5	0.0102
854.625	0.0094
854.75	0.0094
854.875	0.0117
855.0	0.0086
855.125	0.0094
855.25	0.0094
855.375	0.0094
855.5	0.0094
855.625	0.0141
855.75	0.011
855.875	0.0133
856.0	0.0133
856.125	0.0117
856.25	0.011
856.375	0.0133
856.5	0.0117
856.625	0.011
856.75	0.0141
856.875	0.0165
857.0	0.0149
857.125	0.0133
857.25	0.0125
857.375	0.0133
857.5	0.0141
857.625	0.0141
857.75	0.0172
857.875	0.0165
858.0	0.0141
858.125	0.0141
858.25	0.0157
858.375	0.0141
858.5	0.0149
858.625	0.0165
858.75	0.018
858.875	0.0188
859.0	0.0196
859.125	0.0172
859.25	0.0172
859.375	0.0188
859.5	0.018
859.625	0.018
859.75	0.0157
859.875	0.0172
860.0	0.0165
860.125	0.0165
860.25	0.0188
860.375	0.0165
860.5	0.0141
860.625	0.0165
860.75	0.018
860.875	0.018
861.0	0.0165
861.125	0.0172
861.25	0.0165
861.375	0.0165
861.5	0.0141
861.625	0.0149
861.75	0.0141
861.875	0.018
862.0	0.0157
862.125	0.018
862.25	0.0157
862.375	0.0165
862.5	0.0196
862.625	0.0141
862.75	0.0204
862.875	0.0172
863.0	0.0172
863.125	0.0196
863.25	0.0149
863.375	0.0149
863.5	0.018
863.625	0.0188
863.75	0.0149
863.875	0.0133
864.0	0.0133
864.125	0.0141
864.25	0.018
864.375	0.0117
864.5	0.0141
864.625	0.0149
864.75	0.0165
864.875	0.0125
865.0	0.0141
865.125	0.0157
865.25	0.0141
865.375	0.0141
865.5	0.0125
865.625	0.0149
865.75	0.0149
865.875	0.0157
866.0	0.0149
866.125	0.018
866.25	0.0188
866.375	0.0188
866.5	0.0165
866.625	0.0141
866.75	0.0165
866.875	0.0188
867.0	0.018
867.125	0.0165
867.25	0.0172
867.375	0.0157
867.5	0.0188
867.625	0.0188
867.75	0.0196
867.875	0.0188
868.0	0.0165
868.125	0.0188
868.25	0.0188
868.375	0.0172
868.5	0.0165
868.625	0.018
868.75	0.018
868.875	0.0212
869.0	0.0235
869.125	0.0243
869.25	0.0204
869.375	0.0172
869.5	0.0141
869.625	0.018
869.75	0.0188
869.875	0.018
870.0	0.0172
870.125	0.0188
870.25	0.0188
870.375	0.0172
870.5	0.0149
870.625	0.018
870.75	0.0157
870.875	0.0165
871.0	0.0188
871.125	0.0212
871.25	0.0204
871.375	0.0204
871.5	0.0196
871.625	0.0196
871.75	0.0188
871.875	0.018
872.0	0.0188
872.125	0.0251
872.25	0.0235
872.375	0.0235
872.5	0.0227
872.625	0.0251
872.75	0.0235
872.875	0.0235
873.0	0.022
873.125	0.0212
873.25	0.0227
873.375	0.022
873.5	0.0212
873.625	0.0212
873.75	0.0188
873.875	0.022
874.0	0.0235
874.125	0.0259
874.25	0.022
874.375	0.0212
874.5	0.0227
874.625	0.022
874.75	0.0204
874.875	0.0227
875.0	0.0235
875.125	0.0204
875.25	0.0196
875.375	0.0188
875.5	0.0227
875.625	0.0227
875.75	0.0235
875.875	0.0204
876.0	0.022
876.125	0.0235
876.25	0.0227
876.375	0.0227
876.5	0.0227
876.625	0.0235
876.75	0.0204
876.875	0.0188
877.0	0.0235
877.125	0.022
877.25	0.0227
877.375	0.022
877.5	0.0235
877.625	0.0204
877.75	0.0235
877.875	0.0235
878.0	0.022
878.125	0.022
878.25	0.0235
878.375	0.0227
878.5	0.0235
878.625	0.0235
878.75	0.0235
878.875	0.0235
879.0	0.0251
879.125	0.0243
879.25	0.0251
879.375	0.0283
879.5	0.0251
879.625	0.0235
879.75	0.0243
879.875	0.0251
880.0	0.0283
880.125	0.0251
880.25	0.022
880.375	0.0235
880.5	0.0251
880.625	0.0235
880.75	0.0235
880.875	0.0235
881.0	0.0212
881.125	0.0235
881.25	0.022
881.375	0.0227
881.5	0.0243
881.625	0.0251
881.75	0.0267
881.875	0.0235
882.0	0.0227
882.125	0.0212
882.25	0.0227
882.375	0.022
882.5	0.0227
882.625	0.0212
882.75	0.0204
882.875	0.0196
883.0	0.0196
883.125	0.0204
883.25	0.018
883.375	0.0188
883.5	0.018
883.625	0.018
883.75	0.0196
883.875	0.0188
884.0	0.018
884.125	0.0172
884.25	0.0172
884.375	0.0188
884.5	0.0188
884.625	0.018
884.75	0.0188
884.875	0.0165
885.0	0.0196
885.125	0.0188
885.25	0.018
885.375	0.0188
885.5	0.0188
885.625	0.0212
885.75	0.0188
885.875	0.0196
886.0	0.0188
886.125	0.0227
886.25	0.0235
886.375	0.022
886.5	0.0188
886.625	0.0188
886.75	0.0188
886.875	0.0165
887.0	0.018
887.125	0.0188
887.25	0.0157
887.375	0.0165
887.5	0.0165
887.625	0.0196
887.75	0.0188
887.875	0.0172
888.0	0.0188
888.125	0.0188
888.25	0.0188
888.375	0.0172
888.5	0.0157
888.625	0.0149
888.75	0.0165
888.875	0.0172
889.0	0.0157
889.125	0.0165
889.25	0.0188
889.375	0.0165
889.5	0.0188
889.625	0.0172
889.75	0.0196
889.875	0.018
890.0	0.0188
890.125	0.0196
890.25	0.0196
890.375	0.018
890.5	0.0235
890.625	0.018
890.75	0.0157
890.875	0.0165
891.0	0.0157
891.125	0.0165
891.25	0.0149
891.375	0.0149
891.5	0.0141
891.625	0.0188
891.75	0.0149
891.875	0.0149
892.0	0.0149
892.125	0.0196
892.25	0.0172
892.375	0.0165
892.5	0.0141
892.625	0.0172
892.75	0.0157
892.875	0.0188
893.0	0.0172
893.125	0.018
893.25	0.0172
893.375	0.0165
893.5	0.0165
893.625	0.0188
893.75	0.0172
893.875	0.0141
894.0	0.0157
894.125	0.0172
894.25	0.0165
894.375	0.0172
894.5	0.0149
894.625	0.0188
894.75	0.018
894.875	0.0172
895.0	0.0172
895.125	0.0172
895.25	0.0157
895.375	0.0188
895.5	0.0141
895.625	0.0157
895.75	0.0188
895.875	0.0204
896.0	0.0172
896.125	0.018
896.25	0.018
896.375	0.0141
896.5	0.0172
896.625	0.0165
896.75	0.0149
896.875	0.0149
897.0	0.0117
897.125	0.0141
897.25	0.0141
897.375	0.0133
897.5	0.0117
897.625	0.0094
897.75	0.0094
897.875	0.0141
898.0	0.0094
898.125	0.011
898.25	0.011
898.375	0.0133
898.5	0.0141
898.625	0.0141
898.75	0.0133
898.875	0.0141
899.0	0.0133
899.125	0.0125
899.25	0.0141
899.375	0.0117
899.5	0.011
899.625	0.0125
899.75	0.0141
899.875	0.0133
