900.0	0.2547
899.875	0.2547
899.75	0.2547
899.625	0.2547
899.5	0.2555
899.375	0.2547
899.25	0.2547
899.125	0.2562
899.0	0.2547
898.875	0.2555
898.75	0.2547
898.625	0.2539
898.5	0.2547
898.375	0.2547
898.25	0.2547
898.125	0.2547
898.0	0.2547
897.875	0.2555
897.75	0.2547
897.625	0.2555
897.5	0.2562
897.375	0.257
897.25	0.2547
897.125	0.2547
897.0	0.2594
896.875	0.2586
896.75	0.2594
896.625	0.261
896.5	0.2594
896.375	0.2594
896.25	0.2641
896.125	0.3584
896.0	0.3907
895.875	0.4323
895.75	0.4638
895.625	0.4803
895.5	0.5385
895.375	0.6179
895.25	0.6698
895.125	0.9143
895.0	0.9347
894.875	0.9858
894.75	1.0652
894.625	1.3529
894.5	1.257
894.375	1.0408
894.25	0.6564
894.125	0.5188
894.0	0.4441
893.875	0.4449
893.75	0.4693
893.625	0.4976
893.5	0.5856
893.375	0.8341
893.25	1.2256
893.125	1.125
893.0	0.7893
892.875	1.0786
892.75	0.9056
892.625	0.6179
892.5	0.507
892.375	0.4764
892.25	0.4905
892.125	0.533
892.0	0.599
891.875	0.6493
891.75	0.6894
891.625	0.7523
891.5	0.8946
891.375	0.9504
891.25	1.0794
891.125	1.1509
891.0	1.0943
890.875	0.1533
890.75	0.1981
890.625	1.0966
890.5	1.0872
890.375	1.0856
890.25	1.0636
890.125	1.0495
890.0	1.0455
889.875	1.0432
889.75	1.0353
889.625	1.0283
889.5	1.0188
889.375	1.0039
889.25	1.0007
889.125	0.9984
889.0	0.9952
888.875	0.9921
888.75	0.9858
888.625	0.9842
888.5	0.9819
888.375	0.9803
888.25	0.9795
888.125	0.9842
888.0	0.9819
887.875	0.9811
887.75	0.9819
887.625	0.9819
887.5	0.9827
887.375	0.9795
887.25	0.9748
887.125	0.9764
887.0	0.9716
886.875	0.9654
886.75	0.9669
886.625	0.9654
886.5	0.9591
886.375	0.9536
886.25	0.9481
886.125	0.9386
886.0	0.9316
885.875	0.9276
885.75	0.9198
885.625	0.9056
885.5	0.9064
885.375	0.904
885.25	0.9009
885.125	0.8938
885.0	0.8899
884.875	0.8867
884.75	0.8836
884.625	0.882
884.5	0.8836
884.375	0.882
884.25	0.886
884.125	0.8844
884.0	0.8875
883.875	0.8899
883.75	0.8907
883.625	0.8922
883.5	0.9009
883.375	0.9033
883.25	0.9048
883.125	0.904
883.0	0.9064
882.875	0.9119
882.75	0.9135
882.625	0.9166
882.5	0.9198
882.375	0.9182
882.25	0.9198
882.125	0.9158
882.0	0.9103
881.875	0.9111
881.75	0.9135
881.625	0.9111
881.5	0.908
881.375	0.9135
881.25	0.9088
881.125	0.9088
881.0	0.919
880.875	0.9127
880.75	0.9143
880.625	0.9111
880.5	0.9135
880.375	0.9095
880.25	0.9127
880.125	0.9103
880.0	0.9072
879.875	0.8985
879.75	0.8962
879.625	0.8993
879.5	0.8922
879.375	0.8875
879.25	0.8828
879.125	0.8765
879.0	0.871
878.875	0.8694
878.75	0.8632
878.625	0.8608
878.5	0.8577
878.375	0.8514
878.25	0.849
878.125	0.849
878.0	0.8411
877.875	0.8333
877.75	0.827
877.625	0.8223
877.5	0.8199
877.375	0.8168
877.25	0.8144
877.125	0.8144
877.0	0.8136
876.875	0.8105
876.75	0.8058
876.625	0.8042
876.5	0.8018
876.375	0.8018
876.25	0.7995
876.125	0.8042
876.0	0.8058
875.875	0.8011
875.75	0.7963
875.625	0.7979
875.5	0.7955
875.375	0.7853
875.25	0.7908
875.125	0.7877
875.0	0.7853
874.875	0.783
874.75	0.7885
874.625	0.7893
874.5	0.7932
874.375	0.7869
874.25	0.79
874.125	0.783
874.0	0.7798
873.875	0.783
873.75	0.783
873.625	0.783
873.5	0.7822
873.375	0.783
873.25	0.7743
873.125	0.7735
873.0	0.7735
872.875	0.768
872.75	0.7602
872.625	0.7586
872.5	0.7555
872.375	0.7492
872.25	0.7468
872.125	0.7413
872.0	0.7382
871.875	0.7342
871.75	0.7295
871.625	0.7256
871.5	0.7193
871.375	0.7138
871.25	0.7099
871.125	0.7091
871.0	0.3482
870.875	0.3663
870.75	0.6981
870.625	0.6926
870.5	0.6886
870.375	0.6855
870.25	0.6847
870.125	0.6839
870.0	0.6839
869.875	0.6823
869.75	0.6839
869.625	0.6839
869.5	0.6902
869.375	0.6902
869.25	0.6926
869.125	0.6965
869.0	0.6988
868.875	0.7004
868.75	0.7028
868.625	0.7051
868.5	0.7083
868.375	0.7075
868.25	0.7091
868.125	0.713
868.0	0.7106
867.875	0.7114
867.75	0.7036
867.625	0.6988
867.5	0.6949
867.375	0.6941
867.25	0.691
867.125	0.6878
867.0	0.6839
866.875	0.6808
866.75	0.6784
866.625	0.6761
866.5	0.6713
866.375	0.6737
866.25	0.6666
866.125	0.6635
866.0	0.6682
865.875	0.6595
865.75	0.658
865.625	0.6572
865.5	0.654
865.375	0.6525
865.25	0.6556
865.125	0.6533
865.0	0.6501
864.875	0.6509
864.75	0.6477
864.625	0.6462
864.5	0.6454
864.375	0.6485
864.25	0.6477
864.125	0.6462
864.0	0.6462
863.875	0.6462
863.75	0.6446
863.625	0.6422
863.5	0.6438
863.375	0.6407
863.25	0.6391
863.125	0.636
863.0	0.6367
862.875	0.6344
862.75	0.632
862.625	0.6297
862.5	0.6265
862.375	0.6202
862.25	0.621
862.125	0.6132
862.0	0.6132
861.875	0.61
861.75	0.6084
861.625	0.6092
861.5	0.6029
861.375	0.6006
861.25	0.599
861.125	0.5966
861.0	0.5943
860.875	0.5904
860.75	0.5864
860.625	0.5825
860.5	0.5786
860.375	0.5707
860.25	0.5707
860.125	0.566
860.0	0.5628
859.875	0.5605
859.75	0.5573
859.625	0.555
859.5	0.5503
859.375	0.5471
859.25	0.5455
859.125	0.5448
859.0	0.5471
858.875	0.5463
858.75	0.5432
858.625	0.5432
858.5	0.5424
858.375	0.544
858.25	0.5448
858.125	0.5448
858.0	0.5424
857.875	0.5455
857.75	0.5385
857.625	0.5377
857.5	0.5377
857.375	0.5353
857.25	0.5283
857.125	0.5259
857.0	0.522
856.875	0.518
856.75	0.5141
856.625	0.5125
856.5	0.5102
856.375	0.5023
856.25	0.5
856.125	0.4937
856.0	0.4882
855.875	0.4842
855.75	0.4811
855.625	0.4811
855.5	0.4748
855.375	0.4716
855.25	0.4716
855.125	0.4701
855.0	0.4716
854.875	0.4756
854.75	0.4756
854.625	0.4748
854.5	0.4787
854.375	0.4787
854.25	0.4779
854.125	0.4811
854.0	0.485
853.875	0.4827
853.75	0.485
853.625	0.4827
853.5	0.4866
853.375	0.485
853.25	0.4827
853.125	0.4811
853.0	0.4811
852.875	0.4811
852.75	0.4803
852.625	0.4811
852.5	0.4811
852.375	0.4795
852.25	0.4811
852.125	0.4811
852.0	0.4811
851.875	0.4772
851.75	0.4811
851.625	0.4811
851.5	0.4779
851.375	0.4764
851.25	0.4756
851.125	0.474
851.0	0.4685
850.875	0.4669
850.75	0.463
850.625	0.4599
850.5	0.4559
850.375	0.4528
850.25	0.4512
850.125	0.4481
850.0	0.4433
849.875	0.4433
849.75	0.4386
849.625	0.4402
849.5	0.4347
849.375	0.4284
849.25	0.4276
849.125	0.4245
849.0	0.419
848.875	0.4198
848.75	0.4158
848.625	0.4166
848.5	0.4135
848.375	0.4119
848.25	0.4119
848.125	0.4088
848.0	0.4056
847.875	0.3938
847.75	0.1234
847.625	0.3482
847.5	0.3907
847.375	0.3844
847.25	0.3812
847.125	0.3757
847.0	0.3726
846.875	0.371
846.75	0.3632
846.625	0.3584
846.5	0.36
846.375	0.3584
846.25	0.3584
846.125	0.3584
846.0	0.3577
845.875	0.3584
845.75	0.3624
845.625	0.3632
845.5	0.3632
845.375	0.3639
845.25	0.3679
845.125	0.3671
845.0	0.3671
844.875	0.3671
844.75	0.3671
844.625	0.3663
844.5	0.3655
844.375	0.36
844.25	0.3584
844.125	0.3537
844.0	0.3537
843.875	0.349
843.75	0.3466
843.625	0.3443
843.5	0.3396
843.375	0.3411
843.25	0.3396
843.125	0.3411
843.0	0.3396
842.875	0.3388
842.75	0.3404
842.625	0.3388
842.5	0.3396
842.375	0.3372
842.25	0.3388
842.125	0.3372
842.0	0.3309
841.875	0.3317
841.75	0.3309
841.625	0.3191
841.5	0.3191
841.375	0.3121
841.25	0.3089
841.125	0.3034
841.0	0.2955
840.875	0.2908
840.75	0.2869
840.625	0.2798
840.5	0.2704
840.375	0.2555
840.25	0.2531
840.125	0.2515
840.0	0.2452
839.875	0.2421
839.75	0.2382
839.625	0.2382
839.5	0.2382
839.375	0.2334
839.25	0.2232
839.125	0.2201
839.0	0.2216
838.875	0.2224
838.75	0.2232
838.625	0.2279
838.5	0.2602
838.375	0.3474
838.25	0.7798
838.125	1.2822
838.0	0.8286
837.875	1.2169
837.75	0.9386
837.625	0.8537
837.5	0.827
837.375	0.8199
837.25	0.8183
837.125	0.805
837.0	0.8121
836.875	0.8191
836.75	0.8183
836.625	0.8262
836.5	0.8388
836.375	0.849
836.25	0.8466
836.125	0.8451
836.0	0.849
835.875	0.849
835.75	0.8482
835.625	0.8443
835.5	0.8639
835.375	0.8632
835.25	0.8537
835.125	0.8325
835.0	0.8341
834.875	0.8341
834.75	0.838
834.625	0.8325
834.5	0.8341
834.375	0.8254
834.25	0.8199
834.125	0.816
834.0	0.8246
833.875	0.8191
833.75	0.8262
833.625	0.8011
833.5	0.7916
833.375	0.7617
833.25	0.7594
833.125	0.7405
833.0	0.7366
832.875	0.735
832.75	0.7287
832.625	0.7484
832.5	0.75
832.375	0.7531
832.25	0.7523
832.125	0.7562
832.0	0.75
831.875	0.7547
831.75	0.7602
831.625	0.7633
831.5	0.7649
831.375	0.7641
831.25	0.7641
831.125	0.7649
831.0	0.7641
830.875	0.7602
830.75	0.7586
830.625	0.7523
830.5	0.75
830.375	0.7468
830.25	0.7476
830.125	0.7437
830.0	0.7366
829.875	0.7366
829.75	0.7389
829.625	0.735
829.5	0.7295
829.375	0.7327
829.25	0.7295
829.125	0.7279
829.0	0.7295
828.875	0.7264
828.75	0.724
828.625	0.7193
828.5	0.7169
828.375	0.7106
828.25	0.7106
828.125	0.7122
828.0	0.713
827.875	0.713
827.75	0.7122
827.625	0.7146
827.5	0.7161
827.375	0.7122
827.25	0.7114
827.125	0.7138
827.0	0.7091
826.875	0.7099
826.75	0.7059
826.625	0.6894
826.5	0.691
826.375	0.6918
826.25	0.6902
826.125	0.6863
826.0	0.6792
825.875	0.6792
825.75	0.6753
825.625	0.6768
825.5	0.6674
825.375	0.6564
825.25	0.6564
825.125	0.6509
825.0	0.6517
824.875	0.6242
824.75	0.1792
824.625	0.6312
824.5	0.6297
824.375	0.6242
824.25	0.6226
824.125	0.6171
824.0	0.6132
823.875	0.6045
823.75	0.6037
823.625	0.5982
823.5	0.5919
823.375	0.5919
823.25	0.5951
823.125	0.5959
823.0	0.5974
822.875	0.6029
822.75	0.6037
822.625	0.6029
822.5	0.6061
822.375	0.6084
822.25	0.61
822.125	0.6084
822.0	0.6108
821.875	0.6124
821.75	0.6139
821.625	0.6139
821.5	0.6171
821.375	0.6147
821.25	0.6147
821.125	0.6194
821.0	0.6139
820.875	0.6108
820.75	0.6069
820.625	0.6084
820.5	0.6132
820.375	0.61
820.25	0.6045
820.125	0.5998
820.0	0.599
819.875	0.5966
819.75	0.5896
819.625	0.5849
819.5	0.5786
819.375	0.5778
819.25	0.5691
819.125	0.5628
819.0	0.5558
818.875	0.5534
818.75	0.5542
818.625	0.5495
818.5	0.5432
818.375	0.5424
818.25	0.5416
818.125	0.5385
818.0	0.5369
817.875	0.5353
817.75	0.5322
817.625	0.529
817.5	0.533
817.375	0.5345
817.25	0.529
817.125	0.5298
817.0	0.5283
816.875	0.5283
816.75	0.5283
816.625	0.5283
816.5	0.5235
816.375	0.5259
816.25	0.5188
816.125	0.5157
816.0	0.5165
815.875	0.518
815.75	0.5102
815.625	0.507
815.5	0.5055
815.375	0.5039
815.25	0.5
815.125	0.5
815.0	0.496
814.875	0.4921
814.75	0.4944
814.625	0.4905
814.5	0.4858
814.375	0.4874
814.25	0.4827
814.125	0.4803
814.0	0.4795
813.875	0.4787
813.75	0.4748
813.625	0.4764
813.5	0.4716
813.375	0.4685
813.25	0.4661
813.125	0.4661
813.0	0.4669
812.875	0.4661
812.75	0.463
812.625	0.4661
812.5	0.4661
812.375	0.4661
812.25	0.4669
812.125	0.4654
812.0	0.4669
811.875	0.4669
811.75	0.4661
811.625	0.4685
811.5	0.4638
811.375	0.4654
811.25	0.4638
811.125	0.4654
811.0	0.4622
810.875	0.4622
810.75	0.4583
810.625	0.4551
810.5	0.4496
810.375	0.4433
810.25	0.4457
810.125	0.4402
810.0	0.4355
809.875	0.4205
809.75	0.415
809.625	0.4119
809.5	0.4095
809.375	0.408
809.25	0.4009
809.125	0.3891
809.0	0.3812
808.875	0.3812
808.75	0.3773
808.625	0.3718
808.5	0.3679
808.375	0.3671
808.25	0.3632
808.125	0.3655
808.0	0.3616
807.875	0.36
807.75	0.3584
807.625	0.3577
807.5	0.3584
807.375	0.3577
807.25	0.3569
807.125	0.3592
807.0	0.3569
806.875	0.3506
806.75	0.3482
806.625	0.3459
806.5	0.3411
806.375	0.3404
806.25	0.3411
806.125	0.3396
806.0	0.338
805.875	0.3404
805.75	0.3396
805.625	0.3356
805.5	0.3341
805.375	0.154
805.25	0.1533
805.125	0.3278
805.0	0.3294
804.875	0.3238
804.75	0.3207
804.625	0.3191
804.5	0.3183
804.375	0.3207
804.25	0.3207
804.125	0.3207
804.0	0.3207
803.875	0.3246
803.75	0.327
803.625	0.3349
803.5	0.3341
803.375	0.3317
803.25	0.3286
803.125	0.3262
803.0	0.3262
802.875	0.3262
802.75	0.3183
802.625	0.3207
802.5	0.3223
802.375	0.3183
802.25	0.3215
802.125	0.3191
802.0	0.3199
801.875	0.3168
801.75	0.3121
801.625	0.3113
801.5	0.3105
801.375	0.3066
801.25	0.305
801.125	0.3018
801.0	0.3018
800.875	0.3018
800.75	0.3011
800.625	0.2987
800.5	0.294
800.375	0.2924
800.25	0.2924
800.125	0.2893
800.0	0.2877
799.875	0.2877
799.75	0.2869
799.625	0.2845
799.5	0.2798
799.375	0.2735
799.25	0.2735
799.125	0.2727
799.0	0.2688
798.875	0.2672
798.75	0.2672
798.625	0.2633
798.5	0.2633
798.375	0.2625
798.25	0.2594
798.125	0.257
798.0	0.2555
797.875	0.2539
797.75	0.2555
797.625	0.2555
797.5	0.2539
797.375	0.2515
797.25	0.2523
797.125	0.2547
797.0	0.2547
796.875	0.2555
796.75	0.2547
796.625	0.2555
796.5	0.257
796.375	0.2562
796.25	0.2578
796.125	0.2578
796.0	0.2578
795.875	0.257
795.75	0.2531
795.625	0.213
795.5	0.2547
795.375	0.2531
795.25	0.2515
795.125	0.25
795.0	0.25
794.875	0.2476
794.75	0.25
794.625	0.246
794.5	0.2452
794.375	0.2452
794.25	0.2421
794.125	0.2413
794.0	0.2405
793.875	0.2405
793.75	0.2405
793.625	0.2397
793.5	0.2366
793.375	0.2358
793.25	0.235
793.125	0.2358
793.0	0.2358
792.875	0.2358
792.75	0.2358
792.625	0.2358
792.5	0.2342
792.375	0.235
792.25	0.2311
792.125	0.2319
792.0	0.2319
791.875	0.2311
791.75	0.2303
791.625	0.2311
791.5	0.2279
791.375	0.2279
791.25	0.2279
791.125	0.2264
791.0	0.2264
790.875	0.2287
790.75	0.2264
790.625	0.2264
790.5	0.2295
790.375	0.2287
790.25	0.2287
790.125	0.2279
790.0	0.2279
789.875	0.2311
789.75	0.2311
789.625	0.2319
789.5	0.2311
789.375	0.2311
789.25	0.2311
789.125	0.2311
789.0	0.2311
788.875	0.2311
788.75	0.2303
788.625	0.2303
788.5	0.2303
788.375	0.2279
788.25	0.2287
788.125	0.2272
788.0	0.2161
787.875	0.1155
787.75	0.1312
787.625	0.2264
787.5	0.2248
787.375	0.224
787.25	0.2248
787.125	0.224
787.0	0.224
786.875	0.2248
786.75	0.2248
786.625	0.2264
786.5	0.2248
786.375	0.2216
786.25	0.2216
786.125	0.2216
786.0	0.2216
785.875	0.2216
785.75	0.2201
785.625	0.2185
785.5	0.2193
785.375	0.2185
785.25	0.2185
785.125	0.2193
785.0	0.2185
784.875	0.2177
784.75	0.2122
784.625	0.2146
784.5	0.2248
784.375	0.2382
784.25	0.2429
784.125	0.2633
784.0	0.6603
783.875	0.8545
783.75	0.3466
783.625	0.555
783.5	0.1918
783.375	0.3427
783.25	0.6132
783.125	0.3435
783.0	0.3341
782.875	0.3121
782.75	0.3058
782.625	1.1737
782.5	0.897
782.375	0.3058
782.25	1.0613
782.125	0.8144
782.0	0.2264
781.875	0.2209
781.75	0.2311
781.625	0.2421
781.5	0.2413
781.375	0.1187
781.25	0.1171
781.125	0.1713
781.0	0.169
780.875	0.1462
780.75	0.2327
780.625	0.1454
780.5	0.1179
780.375	0.1194
780.25	0.1163
780.125	0.1187
780.0	0.1171
779.875	0.1179
779.75	0.1713
779.625	0.1194
779.5	0.1171
779.375	0.1163
779.25	0.1163
779.125	0.1132
779.0	0.1305
778.875	0.1737
778.75	0.3341
778.625	0.1572
778.5	0.9025
778.375	1.0275
778.25	0.169
778.125	0.2059
778.0	0.1847
777.875	0.8584
777.75	0.2751
777.625	1.1627
777.5	1.1713
777.375	1.1375
777.25	1.1698
777.125	1.0007
777.0	0.8867
776.875	0.7177
776.75	0.6061
776.625	0.8042
776.5	0.7311
776.375	0.7303
776.25	0.7059
776.125	0.5621
776.0	0.7822
775.875	0.7421
775.75	0.1234
775.625	0.1179
775.5	0.1753
775.375	0.1454
775.25	0.1179
775.125	0.1179
775.0	0.1415
774.875	0.1705
774.75	0.1776
774.625	0.1839
774.5	0.1784
774.375	0.1784
774.25	0.1753
774.125	0.1761
774.0	0.1792
773.875	0.1847
773.75	0.1902
773.625	0.2334
773.5	0.1477
773.375	0.2924
773.25	0.143
773.125	0.9457
773.0	0.5652
772.875	0.1407
772.75	0.1462
772.625	0.158
772.5	0.2374
772.375	0.1682
772.25	0.1682
772.125	0.1816
772.0	0.2657
771.875	0.2845
771.75	0.1981
771.625	0.2295
771.5	0.5463
771.375	0.4504
771.25	0.4245
771.125	0.4095
771.0	0.408
770.875	0.4025
770.75	0.4017
770.625	0.4009
770.5	0.3915
770.375	0.4048
770.25	0.4103
770.125	0.4111
770.0	0.415
769.875	0.4166
769.75	0.4166
769.625	0.419
769.5	0.415
769.375	0.4103
769.25	0.4253
769.125	0.4284
769.0	0.4323
768.875	0.5448
768.75	0.9009
768.625	1.1257
768.5	1.2185
768.375	0.6124
768.25	0.1352
768.125	0.1462
768.0	0.1485
767.875	0.1588
767.75	0.18
767.625	0.2523
767.5	0.2798
767.375	0.2814
767.25	0.2853
767.125	0.2861
767.0	0.2845
766.875	0.283
766.75	0.279
766.625	0.2783
766.5	0.2783
766.375	0.2712
766.25	0.2665
766.125	0.2665
766.0	0.2649
765.875	0.2704
765.75	0.2727
765.625	0.2712
765.5	0.2688
765.375	0.2712
765.25	0.2688
765.125	0.2735
765.0	0.2735
764.875	0.2735
764.75	0.2727
764.625	0.2712
764.5	0.2735
764.375	0.272
764.25	0.2735
764.125	0.2735
764.0	0.2775
763.875	0.279
763.75	0.2814
763.625	0.2798
763.5	0.2814
763.375	0.283
763.25	0.2822
763.125	0.283
763.0	0.283
762.875	0.283
762.75	0.283
762.625	0.283
762.5	0.2869
762.375	0.2853
762.25	0.2861
762.125	0.2877
762.0	0.2877
761.875	0.2893
761.75	0.2885
761.625	0.2885
761.5	0.29
761.375	0.2916
761.25	0.2924
761.125	0.2908
761.0	0.2924
760.875	0.2924
760.75	0.2908
760.625	0.2924
760.5	0.2924
760.375	0.294
760.25	0.2932
760.125	0.2924
760.0	0.2924
759.875	0.2932
759.75	0.2924
759.625	0.2924
759.5	0.2924
759.375	0.2924
759.25	0.294
759.125	0.2916
759.0	0.2955
758.875	0.2932
758.75	0.294
758.625	0.294
758.5	0.2948
758.375	0.2971
758.25	0.2963
758.125	0.2971
758.0	0.2948
757.875	0.2955
757.75	0.2955
757.625	0.2971
757.5	0.2963
757.375	0.2995
757.25	0.2932
757.125	0.2908
757.0	0.2916
756.875	0.2916
756.75	0.2877
756.625	0.2877
756.5	0.2861
756.375	0.2814
756.25	0.2814
756.125	0.2845
756.0	0.2845
755.875	0.2861
755.75	0.2885
755.625	0.2916
755.5	0.2916
755.375	0.2885
755.25	0.2908
755.125	0.2948
755.0	0.2955
754.875	0.2932
754.75	0.2932
754.625	0.2971
754.5	0.3011
754.375	0.3011
754.25	0.3018
754.125	0.3011
754.0	0.3018
753.875	0.3018
753.75	0.3058
753.625	0.3026
753.5	0.3026
753.375	0.3026
753.25	0.3034
753.125	0.3042
753.0	0.3073
752.875	0.3042
752.75	0.3034
752.625	0.305
752.5	0.305
752.375	0.305
752.25	0.3066
752.125	0.3066
752.0	0.3081
751.875	0.3066
751.75	0.3066
751.625	0.3058
751.5	0.3034
751.375	0.3066
751.25	0.3105
751.125	0.3105
751.0	0.3121
750.875	0.3003
750.75	0.2696
750.625	0.3718
750.5	1.154
750.375	1.2515
750.25	1.0448
750.125	0.1729
750.0	0.1147
749.875	0.1139
749.75	0.1367
749.625	0.1462
749.5	0.1698
749.375	0.5801
749.25	0.7468
749.125	0.6933
749.0	0.5707
748.875	0.4355
748.75	0.3183
748.625	0.2948
748.5	0.2712
748.375	0.4772
748.25	0.7932
748.125	1.0306
748.0	0.9834
747.875	0.9174
747.75	0.904
747.625	0.9048
747.5	0.893
747.375	0.9001
747.25	0.8938
747.125	0.8946
747.0	0.893
746.875	0.9056
746.75	0.915
746.625	0.9103
746.5	0.9095
746.375	0.8946
746.25	0.8938
746.125	0.8954
746.0	0.8946
745.875	0.8985
745.75	0.8915
745.625	0.8805
745.5	0.8702
745.375	0.8647
745.25	0.8529
745.125	0.8372
745.0	0.8262
744.875	0.8231
744.75	0.8105
744.625	0.7995
744.5	0.7751
744.375	0.7704
744.25	0.757
744.125	0.7429
744.0	0.735
743.875	0.7256
743.75	0.7138
743.625	0.7044
743.5	0.6918
743.375	0.6768
743.25	0.6619
743.125	0.6564
743.0	0.6352
742.875	0.6194
742.75	0.6069
742.625	0.5911
742.5	0.5762
742.375	0.566
742.25	0.555
742.125	0.5455
742.0	0.5322
741.875	0.5235
741.75	0.5165
741.625	0.5062
741.5	0.5062
741.375	0.4992
741.25	0.4905
741.125	0.4905
741.0	0.4897
740.875	0.4905
740.75	0.4905
740.625	0.4897
740.5	0.4882
740.375	0.4819
740.25	0.4858
740.125	0.4795
740.0	0.4764
739.875	0.4677
739.75	0.4575
739.625	0.4481
739.5	0.4378
739.375	0.4261
739.25	0.4174
739.125	0.4103
739.0	0.4017
738.875	0.3962
738.75	0.3915
738.625	0.3977
738.5	0.4009
738.375	0.4088
738.25	0.4237
738.125	0.4378
738.0	0.4599
737.875	0.4834
737.75	0.5102
737.625	0.5416
737.5	0.5754
737.375	0.6116
737.25	0.6477
737.125	0.6823
737.0	0.7146
736.875	0.7492
736.75	0.779
736.625	0.8113
736.5	0.8349
736.375	0.8522
736.25	0.8718
736.125	0.8852
736.0	0.893
735.875	0.9072
735.75	0.9174
735.625	0.9284
735.5	0.9331
735.375	0.9268
735.25	0.9339
735.125	0.9331
735.0	0.9363
734.875	0.9339
734.75	0.9386
734.625	0.9433
734.5	0.9433
734.375	0.9402
734.25	0.9363
734.125	0.9386
734.0	0.9386
733.875	0.9402
733.75	0.9394
733.625	0.9386
733.5	0.9418
733.375	0.9402
733.25	0.9441
733.125	0.9402
733.0	0.9402
732.875	0.941
732.75	0.9363
732.625	0.9347
732.5	0.9355
732.375	0.9339
732.25	0.9331
732.125	0.93
732.0	0.9323
731.875	0.9308
731.75	0.9323
731.625	0.9284
731.5	0.9253
731.375	0.9253
731.25	0.9198
731.125	0.9276
731.0	0.9205
730.875	0.9221
730.75	0.9205
730.625	0.9221
730.5	0.9221
730.375	0.9088
730.25	0.9245
730.125	0.9198
730.0	0.9119
729.875	0.9166
729.75	0.915
729.625	0.9135
729.5	0.908
729.375	0.9127
729.25	0.915
729.125	0.9111
729.0	0.9111
728.875	0.9088
728.75	0.9143
728.625	0.9111
728.5	0.9143
728.375	0.9111
728.25	0.908
728.125	0.9103
728.0	0.9064
727.875	0.9095
727.75	0.9103
727.625	0.9095
727.5	0.915
727.375	0.9182
727.25	0.9198
727.125	0.919
727.0	0.9182
726.875	0.9213
726.75	0.9198
726.625	0.915
726.5	0.9174
726.375	0.9198
726.25	0.9174
726.125	0.9166
726.0	0.9221
725.875	0.9253
725.75	0.9268
725.625	0.9292
725.5	0.9253
725.375	0.9292
725.25	0.9245
725.125	0.9158
725.0	0.9033
724.875	0.8977
724.75	0.9033
724.625	0.9009
724.5	0.897
724.375	0.9017
724.25	0.8891
724.125	0.8702
724.0	0.8789
723.875	0.8702
723.75	0.8702
723.625	0.8702
723.5	0.8726
723.375	0.8694
723.25	0.886
723.125	0.8836
723.0	0.8812
722.875	0.8805
722.75	0.8781
722.625	0.8702
722.5	0.8726
722.375	0.8671
722.25	0.8663
722.125	0.8655
722.0	0.8687
721.875	0.8569
721.75	0.8624
721.625	0.8584
721.5	0.8584
721.375	0.8577
721.25	0.86
721.125	0.8616
721.0	0.8584
720.875	0.8632
720.75	0.86
720.625	0.8584
720.5	0.8498
720.375	0.8443
720.25	0.8396
720.125	0.8411
720.0	0.838
719.875	0.8349
719.75	0.8364
719.625	0.8349
719.5	0.8317
719.375	0.8301
719.25	0.8301
719.125	0.8294
719.0	0.8309
718.875	0.8262
718.75	0.8238
718.625	0.8254
718.5	0.8215
718.375	0.8215
718.25	0.8231
718.125	0.8254
718.0	0.8215
717.875	0.8207
717.75	0.8199
717.625	0.816
717.5	0.8152
717.375	0.816
717.25	0.8121
717.125	0.8089
717.0	0.8073
716.875	0.8042
716.75	0.8034
716.625	0.8026
716.5	0.7979
716.375	0.7987
716.25	0.7971
716.125	0.7971
716.0	0.7971
715.875	0.7963
715.75	0.8018
715.625	0.8058
715.5	0.8089
715.375	0.816
715.25	0.8113
715.125	0.8238
715.0	0.8089
714.875	0.8113
714.75	0.8066
714.625	0.8081
714.5	0.8018
714.375	0.8113
714.25	0.8168
714.125	0.7932
714.0	0.8875
713.875	0.9095
713.75	0.9103
713.625	0.9064
713.5	0.8852
713.375	0.8883
713.25	0.9819
713.125	0.9992
713.0	1.1918
712.875	1.6674
712.75	2.4874
712.625	2.3812
712.5	1.9834
712.375	2.2562
712.25	0.8482
712.125	0.4426
712.0	0.1312
711.875	0.2083
711.75	0.3985
711.625	0.7256
711.5	1.1737
711.375	1.3812
711.25	1.316
711.125	1.2272
711.0	1.0636
710.875	0.7264
710.75	0.6965
710.625	0.6886
710.5	0.6768
710.375	0.6658
710.25	0.6682
710.125	0.7036
710.0	0.8396
709.875	0.9976
709.75	1.5322
709.625	1.2578
709.5	0.9779
709.375	0.9009
709.25	0.8765
709.125	0.8702
709.0	0.8183
708.875	0.8215
708.75	0.7861
708.625	0.7751
708.5	0.7743
708.375	0.7617
708.25	0.7539
708.125	0.7468
708.0	0.7287
707.875	0.7327
707.75	0.7389
707.625	0.7374
707.5	0.735
707.375	0.7256
707.25	0.7303
707.125	0.768
707.0	0.7437
706.875	0.7649
706.75	0.7665
706.625	0.7672
706.5	0.7861
706.375	0.768
706.25	0.8121
706.125	0.8003
706.0	0.8191
705.875	0.827
705.75	0.8278
705.625	0.8364
705.5	0.8089
705.375	0.8097
705.25	0.794
705.125	0.8081
705.0	0.7948
704.875	0.7665
704.75	0.7672
704.625	0.7547
704.5	0.7578
704.375	0.7366
704.25	0.7539
704.125	0.7161
704.0	0.7114
703.875	0.7146
703.75	0.7059
703.625	0.7059
703.5	0.7075
703.375	0.7051
703.25	0.7051
703.125	0.7051
703.0	0.7075
702.875	0.7044
702.75	0.7059
702.625	0.6776
702.5	0.5621
702.375	0.4937
702.25	0.4952
702.125	0.4378
702.0	0.4984
701.875	0.8105
701.75	3.2012
701.625	3.1808
701.5	0.7295
701.375	0.8828
701.25	0.1407
701.125	0.1525
701.0	2.3042
700.875	2.2185
700.75	2.0526
700.625	1.7169
700.5	0.9685
700.375	0.8034
700.25	0.7224
700.125	0.7586
700.0	1.2515
699.875	1.3922
699.75	2.0133
699.625	1.2751
699.5	0.9913
699.375	0.9418
699.25	0.8954
699.125	0.9331
699.0	0.8734
698.875	0.9119
698.75	0.9394
698.625	0.779
698.5	1.0636
698.375	1.154
698.25	0.8718
698.125	0.8034
698.0	0.8726
697.875	0.9001
697.75	0.7185
697.625	0.6297
697.5	1.0495
697.375	0.691
697.25	0.4709
697.125	0.4575
697.0	0.4551
696.875	0.4418
696.75	0.4716
696.625	0.4716
696.5	0.4764
696.375	0.4732
696.25	0.4748
696.125	0.4764
696.0	0.4764
695.875	0.4685
695.75	0.4347
695.625	0.4072
695.5	0.3985
695.375	0.4182
695.25	0.4323
695.125	0.43
695.0	0.4544
694.875	0.4795
694.75	0.485
694.625	0.4913
694.5	0.4944
694.375	0.4952
694.25	0.4992
694.125	0.5015
694.0	0.5039
693.875	0.5047
693.75	0.5094
693.625	0.5047
693.5	0.5047
693.375	0.496
693.25	0.5023
693.125	0.4968
693.0	0.4842
692.875	0.4764
692.75	0.4913
692.625	0.5
692.5	0.5385
692.375	1.0731
692.25	0.1996
692.125	1.4135
692.0	1.0888
691.875	0.5683
691.75	0.125
691.625	0.1179
691.5	0.1116
691.375	0.1116
691.25	0.1108
691.125	0.1124
691.0	0.1108
690.875	0.1124
690.75	0.11
690.625	0.1092
690.5	0.1116
690.375	0.1108
690.25	0.1084
690.125	0.11
690.0	0.1139
689.875	0.1139
689.75	0.1179
689.625	0.6957
689.5	1.3435
689.375	2.713
689.25	2.8757
689.125	2.6847
689.0	2.7319
688.875	2.757
688.75	2.7515
688.625	2.3616
688.5	1.5377
688.375	0.408
688.25	0.4866
688.125	0.2444
688.0	0.1477
687.875	0.2083
687.75	1.3506
687.625	0.4622
687.5	0.1187
687.375	0.1171
687.25	0.1171
687.125	0.1147
687.0	0.1171
686.875	0.1163
686.75	0.1108
686.625	0.1139
686.5	0.1108
686.375	0.1108
686.25	0.1139
686.125	0.1202
686.0	0.1171
685.875	0.1194
685.75	0.1155
685.625	0.1147
685.5	0.1077
685.375	0.1132
685.25	0.1493
685.125	0.1194
685.0	0.1139
684.875	0.1202
684.75	0.11
684.625	0.1069
684.5	0.1061
684.375	0.1084
684.25	0.11
684.125	0.1132
684.0	0.1132
683.875	0.1226
683.75	0.1383
683.625	0.1477
683.5	0.7586
683.375	0.1171
683.25	1.518
683.125	2.794
683.0	0.2979
682.875	0.2437
682.75	0.7877
682.625	1.6533
682.5	1.0353
682.375	1.4968
682.25	1.9614
682.125	3.2358
682.0	3.2688
681.875	3.7362
681.75	3.395
681.625	3.4611
681.5	3.7064
681.375	3.8172
681.25	3.9233
681.125	3.5939
681.0	2.5605
680.875	2.1595
680.75	2.4921
680.625	2.4614
680.5	1.8349
680.375	1.6572
680.25	4.3817
680.125	4.2087
680.0	4.7142
679.875	4.7166
679.75	4.7142
679.625	4.7142
679.5	4.7142
679.375	4.7103
679.25	4.7119
679.125	4.7134
679.0	4.7111
678.875	4.7095
678.75	4.7095
678.625	4.6458
678.5	4.6325
678.375	4.7072
678.25	4.3298
678.125	4.1592
678.0	3.3267
677.875	3.0298
677.75	3.5295
677.625	3.5774
677.5	3.7252
677.375	3.6616
677.25	2.8435
677.125	2.8687
677.0	3.2578
676.875	3.5177
676.75	3.9037
676.625	3.6789
676.5	3.476
676.375	3.1336
676.25	2.9268
676.125	2.2893
676.0	2.9544
675.875	2.7413
675.75	4.3062
675.625	4.3298
675.5	4.5153
675.375	3.9894
675.25	4.4296
675.125	4.0711
675.0	4.0711
674.875	3.8235
674.75	2.9567
674.625	4.2983
674.5	4.7095
674.375	4.7095
674.25	4.7111
674.125	4.4461
674.0	2.6194
673.875	2.2311
673.75	3.2484
673.625	3.5539
673.5	3.9265
673.375	3.6293
673.25	3.6427
673.125	3.3856
673.0	3.6498
672.875	3.3966
672.75	3.0196
672.625	1.9253
672.5	0.6454
672.375	0.1933
672.25	0.2059
672.125	0.2492
672.0	0.2539
671.875	0.1886
671.75	0.1721
671.625	0.1988
671.5	0.2484
671.375	0.2948
671.25	0.5251
671.125	3.4351
671.0	4.7048
670.875	4.7048
670.75	2.6572
670.625	4.5067
670.5	1.4646
670.375	0.93
670.25	0.8899
670.125	0.9465
670.0	2.5125
669.875	4.7079
669.75	4.4658
669.625	0.5471
669.5	0.1242
669.375	0.1367
669.25	4.0153
669.125	4.6034
669.0	4.7119
668.875	4.7064
668.75	3.1014
668.625	0.8977
668.5	1.1713
668.375	3.759
668.25	4.6097
668.125	0.4795
668.0	1.2059
667.875	2.1878
667.75	3.2727
667.625	3.143
667.5	2.5463
667.375	1.5723
667.25	1.1061
667.125	0.9449
667.0	1.3694
666.875	2.0023
666.75	2.0298
666.625	1.7523
666.5	3.0243
666.375	4.0523
666.25	0.0982
666.125	1.2845
666.0	3.1737
665.875	2.0
665.75	0.8608
665.625	2.6556
665.5	2.8482
665.375	2.8152
665.25	3.0102
665.125	2.8915
665.0	2.8325
664.875	2.588
664.75	2.452
664.625	1.9968
664.5	2.1045
664.375	2.7468
664.25	3.6395
664.125	3.7787
664.0	3.8809
663.875	3.8526
663.75	3.8699
663.625	3.9501
663.5	3.9328
663.375	3.998
663.25	4.0287
663.125	3.9123
663.0	3.8518
662.875	3.9092
662.75	3.862
662.625	3.8691
662.5	3.8243
662.375	3.8353
662.25	3.8054
662.125	3.6906
662.0	3.5979
661.875	3.5334
661.75	3.3612
661.625	3.2421
661.5	3.7244
661.375	4.2189
661.25	4.52
661.125	4.4289
661.0	4.3219
660.875	4.0366
660.75	3.851
660.625	3.491
660.5	3.0817
660.375	2.4378
660.25	2.2389
660.125	2.2735
660.0	2.279
659.875	2.7995
659.75	3.0754
659.625	3.1871
659.5	2.9229
659.375	2.3844
659.25	1.6611
659.125	1.4174
659.0	1.3514
658.875	1.3341
658.75	1.4504
658.625	1.4237
658.5	1.9072
658.375	2.1132
658.25	2.1517
658.125	1.9968
658.0	1.8419
657.875	1.7272
657.75	1.8781
657.625	2.0078
657.5	1.6139
657.375	1.2452
657.25	1.1234
657.125	0.9944
657.0	0.9599
656.875	0.9402
656.75	0.9292
656.625	0.9158
656.5	0.9048
656.375	0.8954
656.25	0.8867
656.125	0.8875
656.0	0.8844
655.875	0.8828
655.75	0.8812
655.625	0.875
655.5	0.8742
655.375	0.8702
655.25	0.8647
655.125	0.8616
655.0	0.8616
654.875	0.8584
654.75	0.8561
654.625	0.8545
654.5	0.8553
654.375	0.8514
654.25	0.8466
654.125	0.849
654.0	0.8443
653.875	0.8411
653.75	0.8411
653.625	0.8427
653.5	0.8404
653.375	0.8404
653.25	0.8443
653.125	0.8404
653.0	0.8419
652.875	0.8411
652.75	0.838
652.625	0.8309
652.5	0.8223
652.375	0.8136
652.25	0.8136
652.125	0.816
652.0	0.8191
651.875	0.8223
651.75	0.827
651.625	0.8301
651.5	0.8349
651.375	0.838
651.25	0.8372
651.125	0.8333
651.0	0.8349
650.875	0.8349
650.75	0.8333
650.625	0.8333
650.5	0.8309
650.375	0.8294
650.25	0.8294
650.125	0.8286
650.0	0.8121
649.875	0.7476
649.75	0.7106
649.625	0.6926
649.5	0.7169
649.375	0.7169
649.25	0.7193
649.125	0.6635
649.0	0.6996
648.875	0.6761
648.75	0.5943
648.625	0.5605
648.5	0.5448
648.375	0.5542
648.25	0.5558
648.125	0.5573
648.0	0.5589
647.875	0.5589
647.75	0.5566
647.625	0.5385
647.5	0.3757
647.375	0.143
647.25	0.404
647.125	0.5691
647.0	0.5786
646.875	0.5825
646.75	0.5817
646.625	0.5841
646.5	0.5864
646.375	0.5896
646.25	0.5927
646.125	0.5966
646.0	0.5959
645.875	0.599
645.75	0.6006
645.625	0.6029
645.5	0.6045
645.375	0.6045
645.25	0.6077
645.125	0.61
645.0	0.6108
644.875	0.6155
644.75	0.6155
644.625	0.6194
644.5	0.621
644.375	0.6234
644.25	0.6226
644.125	0.6265
644.0	0.6297
643.875	0.6328
643.75	0.6391
643.625	0.6383
643.5	0.643
643.375	0.6454
643.25	0.6462
643.125	0.6493
643.0	0.6517
642.875	0.654
642.75	0.658
642.625	0.6564
642.5	0.6533
642.375	0.1485
642.25	0.2594
642.125	0.6305
642.0	0.6611
641.875	0.6666
641.75	0.6674
641.625	0.6705
641.5	0.6721
641.375	0.6721
641.25	0.6705
641.125	0.6682
641.0	0.6729
640.875	0.6745
640.75	0.68
640.625	0.6839
640.5	0.6871
640.375	0.691
640.25	0.6957
640.125	0.6996
640.0	0.6996
639.875	0.6988
639.75	0.7028
639.625	0.7036
639.5	0.702
639.375	0.7161
639.25	0.7382
639.125	0.779
639.0	0.9638
638.875	2.5259
638.75	4.3565
638.625	0.8066
638.5	3.3565
638.375	4.7017
638.25	3.7402
638.125	2.7185
638.0	1.4237
637.875	1.0613
637.75	0.9858
637.625	0.9536
637.5	0.9292
637.375	0.9127
637.25	0.9001
637.125	0.8844
637.0	0.8757
636.875	0.8679
636.75	0.8553
636.625	0.8482
636.5	0.8372
636.375	0.8262
636.25	0.8223
636.125	0.8144
636.0	0.8081
635.875	0.7995
635.75	0.7932
635.625	0.7838
635.5	0.7767
635.375	0.7735
635.25	0.7672
635.125	0.7555
635.0	0.7429
634.875	0.7405
634.75	0.7232
634.625	0.7154
634.5	0.7114
634.375	0.7067
634.25	0.7028
634.125	0.6981
634.0	0.6973
633.875	0.6957
633.75	0.6933
633.625	0.6965
633.5	0.6981
633.375	0.702
633.25	0.7075
633.125	0.713
633.0	0.7201
632.875	0.7224
632.75	0.7295
632.625	0.735
632.5	0.7389
632.375	0.746
632.25	0.7531
632.125	0.757
632.0	0.7586
631.875	0.7641
631.75	0.7657
631.625	0.768
631.5	0.7665
631.375	0.7696
631.25	0.7735
631.125	0.7759
631.0	0.7767
630.875	0.7783
630.75	0.7806
630.625	0.7838
630.5	0.7845
630.375	0.7845
630.25	0.7838
630.125	0.7861
630.0	0.7869
629.875	0.7885
629.75	0.7877
629.625	0.7893
629.5	0.7908
629.375	0.7885
629.25	0.7908
629.125	0.794
629.0	0.7916
628.875	0.7924
628.75	0.79
628.625	0.7861
628.5	0.7822
628.375	0.7806
628.25	0.7838
628.125	0.7767
628.0	0.7665
627.875	0.7594
627.75	0.7704
627.625	0.7515
627.5	0.7091
627.375	0.6957
627.25	0.691
627.125	0.669
627.0	0.6572
626.875	0.632
626.75	0.6226
626.625	0.6462
626.5	0.6556
626.375	0.6792
626.25	0.6941
626.125	0.7044
626.0	0.7075
625.875	0.7051
625.75	0.7059
625.625	0.702
625.5	0.7012
625.375	0.6949
625.25	0.7067
625.125	0.7075
625.0	0.7075
624.875	0.7114
624.75	0.7106
624.625	0.7091
624.5	0.7106
624.375	0.7114
624.25	0.7122
624.125	0.713
624.0	0.7146
623.875	0.7185
623.75	0.7169
623.625	0.7232
623.5	0.7248
623.375	0.7248
623.25	0.7272
623.125	0.7311
623.0	0.7303
622.875	0.7334
622.75	0.735
622.625	0.735
622.5	0.7327
622.375	0.7358
622.25	0.7421
622.125	0.7405
622.0	0.7397
621.875	0.7444
621.75	0.7437
621.625	0.7421
621.5	0.7468
621.375	0.7492
621.25	0.7507
621.125	0.7507
621.0	0.7531
620.875	0.7531
620.75	0.7547
620.625	0.7562
620.5	0.7547
620.375	0.7555
620.25	0.7555
620.125	0.757
620.0	0.7578
619.875	0.7625
619.75	0.7641
619.625	0.7641
619.5	0.7657
619.375	0.772
619.25	0.7743
619.125	0.7712
619.0	0.7735
618.875	0.7672
618.75	0.7665
618.625	0.7657
618.5	0.768
618.375	0.7783
618.25	0.7861
618.125	0.772
618.0	0.7704
617.875	0.7594
617.75	0.7704
617.625	0.7853
617.5	0.7657
617.375	0.7633
617.25	0.7633
617.125	0.7539
617.0	0.7444
616.875	0.772
616.75	0.8073
616.625	0.8136
616.5	0.8128
616.375	0.805
616.25	0.805
616.125	0.8011
616.0	0.8011
615.875	0.8011
615.75	0.8058
615.625	0.8058
615.5	0.8066
615.375	0.805
615.25	0.8026
615.125	0.8034
615.0	0.8011
614.875	0.8026
614.75	0.8042
614.625	0.8026
614.5	0.8011
614.375	0.7995
614.25	0.7995
614.125	0.8011
614.0	0.7995
613.875	0.8026
613.75	0.8018
613.625	0.8011
613.5	0.8003
613.375	0.7971
613.25	0.8011
613.125	0.8011
613.0	0.8003
612.875	0.8128
612.75	0.7995
612.625	0.7979
612.5	0.7924
612.375	0.7916
612.25	0.7971
612.125	0.7963
612.0	0.7971
611.875	0.7971
611.75	0.794
611.625	0.7932
611.5	0.7924
611.375	0.794
611.25	0.7924
611.125	0.794
611.0	0.7971
610.875	0.7932
610.75	0.7924
610.625	0.7924
610.5	0.7924
610.375	0.7948
610.25	0.7932
610.125	0.7924
610.0	0.7916
609.875	0.79
609.75	0.7877
609.625	0.7814
609.5	0.7861
609.375	0.783
609.25	0.7838
609.125	0.7806
609.0	0.7783
608.875	0.779
608.75	0.7767
608.625	0.7759
608.5	0.7735
608.375	0.7783
608.25	0.7735
608.125	0.7735
608.0	0.7727
607.875	0.7735
607.75	0.7735
607.625	0.7806
607.5	0.772
607.375	0.7665
607.25	0.7743
607.125	0.7688
607.0	0.7657
606.875	0.7649
606.75	0.7672
606.625	0.7641
606.5	0.7688
606.375	0.7688
606.25	0.7657
606.125	0.772
606.0	0.7688
605.875	0.7672
605.75	0.7672
605.625	0.7672
605.5	0.7657
605.375	0.7696
605.25	0.7853
605.125	0.7838
605.0	0.7869
604.875	0.7838
604.75	0.8231
604.625	0.8042
604.5	0.827
604.375	0.8655
604.25	0.8223
604.125	0.8238
604.0	0.8325
603.875	0.8577
603.75	0.8341
603.625	0.8404
603.5	0.8443
603.375	0.8506
603.25	0.8474
603.125	0.8482
603.0	0.8443
602.875	0.8443
602.75	0.8411
602.625	0.8427
602.5	0.8427
602.375	0.8451
602.25	0.8443
602.125	0.8443
602.0	0.8466
601.875	0.8443
601.75	0.8466
601.625	0.8443
601.5	0.8451
601.375	0.8451
601.25	0.8482
601.125	0.8529
601.0	0.8537
600.875	0.8537
600.75	0.8537
600.625	0.8569
600.5	0.8553
600.375	0.8561
600.25	0.8569
600.125	0.8498
600.0	0.8561
599.875	0.8639
599.75	0.8435
599.625	0.8624
599.5	0.8356
599.375	0.8522
599.25	0.8616
599.125	0.8639
599.0	0.8639
598.875	0.8545
598.75	0.8569
598.625	0.8514
598.5	0.8537
598.375	0.8584
598.25	0.8553
598.125	0.8569
598.0	0.8584
597.875	0.8584
597.75	0.8569
597.625	0.8537
597.5	0.8537
597.375	0.8553
597.25	0.8561
597.125	0.8514
597.0	0.8474
596.875	0.8451
596.75	0.8443
596.625	0.8435
596.5	0.8388
596.375	0.8396
596.25	0.838
596.125	0.8349
596.0	0.8341
595.875	0.8325
595.75	0.8301
595.625	0.8278
595.5	0.8254
595.375	0.8262
595.25	0.8262
595.125	0.8223
595.0	0.8207
594.875	0.8136
594.75	0.8128
594.625	0.8128
594.5	0.8105
594.375	0.8066
594.25	0.8034
594.125	0.8018
594.0	0.8026
593.875	0.7995
593.75	0.8018
593.625	0.8018
593.5	0.8018
593.375	0.8081
593.25	0.8058
593.125	0.805
593.0	0.8003
592.875	0.7987
592.75	0.8003
592.625	0.8026
592.5	0.8034
592.375	0.7979
592.25	0.7932
592.125	0.7916
592.0	0.7916
591.875	0.7885
591.75	0.7853
591.625	0.7798
591.5	0.7838
591.375	0.7767
591.25	0.7735
591.125	0.7743
591.0	0.7806
590.875	0.7932
590.75	0.783
590.625	0.7908
590.5	0.7869
590.375	0.7814
590.25	0.7861
590.125	0.7806
590.0	0.7845
589.875	0.7861
589.75	0.7798
589.625	0.757
589.5	0.7704
589.375	0.7704
589.25	0.7657
589.125	0.7625
589.0	0.7594
588.875	0.7578
588.75	0.7594
588.625	0.7594
588.5	0.761
588.375	0.761
588.25	0.7586
588.125	0.7594
588.0	0.7468
587.875	0.735
587.75	0.7161
587.625	0.7264
587.5	0.724
587.375	0.7287
587.25	0.7358
587.125	0.7342
587.0	0.7295
586.875	0.7256
586.75	0.7366
586.625	0.7319
586.5	0.7279
586.375	0.7358
586.25	0.7248
586.125	0.7232
586.0	0.7264
585.875	0.7177
585.75	0.7169
585.625	0.7185
585.5	0.7169
585.375	0.7122
585.25	0.7138
585.125	0.713
585.0	0.7122
584.875	0.7114
584.75	0.7122
584.625	0.7099
584.5	0.7083
584.375	0.7051
584.25	0.702
584.125	0.7012
584.0	0.7012
583.875	0.702
583.75	0.6973
583.625	0.6949
583.5	0.691
583.375	0.6894
583.25	0.6886
583.125	0.6902
583.0	0.6933
582.875	0.6902
582.75	0.6902
582.625	0.6886
582.5	0.6847
582.375	0.6878
582.25	0.6808
582.125	0.6808
582.0	0.6792
581.875	0.6761
581.75	0.6713
581.625	0.6674
581.5	0.6572
581.375	0.6658
581.25	0.6446
581.125	0.654
581.0	0.6501
580.875	0.6422
580.75	0.6367
580.625	0.6383
580.5	0.6407
580.375	0.6336
580.25	0.6383
580.125	0.6265
580.0	0.6273
579.875	0.6265
579.75	0.5966
579.625	0.5864
579.5	0.5762
579.375	0.5707
579.25	0.5911
579.125	0.5896
579.0	0.6265
578.875	0.6572
578.75	0.6572
578.625	0.647
578.5	0.691
578.375	0.8529
578.25	1.132
578.125	2.1525
578.0	4.7056
577.875	4.5311
577.75	0.2083
577.625	0.1163
577.5	0.1202
577.375	0.1226
577.25	0.1194
577.125	0.1281
577.0	0.1328
576.875	0.1226
576.75	0.1297
576.625	0.1187
576.5	0.1179
576.375	0.1501
576.25	2.6045
576.125	4.7064
576.0	0.1234
575.875	0.121
575.75	0.1894
575.625	4.0051
575.5	4.7072
575.375	4.7048
575.25	4.1946
575.125	3.6443
575.0	3.0849
574.875	3.4839
574.75	3.7323
574.625	4.5397
574.5	4.0837
574.375	3.9941
574.25	4.0028
574.125	4.0169
574.0	2.621
573.875	0.3836
573.75	4.7017
573.625	4.7072
573.5	0.1124
573.375	0.1265
573.25	0.1666
573.125	0.165
573.0	0.1643
572.875	0.1375
572.75	0.1226
572.625	0.1234
572.5	1.5526
572.375	0.121
572.25	0.3702
572.125	2.79
572.0	4.1348
571.875	4.5939
571.75	3.9477
571.625	3.6065
571.5	3.4548
571.375	3.395
571.25	3.2091
571.125	2.919
571.0	2.9481
570.875	2.9661
570.75	2.904
570.625	2.9229
570.5	2.871
570.375	2.8875
570.25	2.7515
570.125	2.7091
570.0	2.7279
569.875	2.7484
569.75	2.6289
569.625	2.621
569.5	2.555
569.375	2.5086
569.25	2.4473
569.125	2.4614
569.0	2.4292
568.875	2.3907
568.75	2.3647
568.625	2.3443
568.5	2.3254
568.375	2.327
568.25	2.3144
568.125	2.3018
568.0	2.29
567.875	2.283
567.75	2.2775
567.625	2.2712
567.5	2.2657
567.375	2.2641
567.25	2.2641
567.125	2.2594
567.0	2.2617
566.875	2.2641
566.75	2.2665
566.625	2.2751
566.5	2.283
566.375	2.2924
566.25	2.2987
566.125	2.3066
566.0	2.3128
565.875	2.3168
565.75	2.3286
565.625	2.3396
565.5	2.3474
565.375	2.3624
565.25	2.3663
565.125	2.3757
565.0	2.3773
564.875	2.3797
564.75	2.3679
564.625	2.3797
564.5	2.382
564.375	2.3828
564.25	2.3805
564.125	2.3797
564.0	2.3812
563.875	2.3773
563.75	2.3773
563.625	2.3742
563.5	2.3694
563.375	2.371
563.25	2.3726
563.125	2.371
563.0	2.3702
562.875	2.3702
562.75	2.3734
562.625	2.3742
562.5	2.3812
562.375	2.382
562.25	2.3812
562.125	2.375
562.0	2.3742
561.875	2.3404
561.75	2.316
561.625	2.2696
561.5	2.257
561.375	2.2696
561.25	2.2688
561.125	2.261
561.0	2.2838
560.875	2.2767
560.75	2.2759
560.625	2.2727
560.5	2.2641
560.375	2.2547
560.25	2.2555
560.125	2.2444
560.0	2.2319
559.875	2.2256
559.75	2.2114
559.625	2.2036
559.5	2.2059
559.375	2.1988
559.25	2.191
559.125	2.1949
559.0	2.1941
558.875	2.1863
558.75	2.1957
558.625	2.1831
558.5	2.1753
558.375	2.158
558.25	2.1548
558.125	2.1509
558.0	2.1438
557.875	2.1352
557.75	2.1352
557.625	2.1336
557.5	2.125
557.375	2.1147
557.25	2.1077
557.125	2.1022
557.0	2.0998
556.875	2.099
556.75	2.1006
556.625	2.1014
556.5	2.1116
556.375	2.0801
556.25	2.0676
556.125	2.0809
556.0	2.0723
555.875	2.0731
555.75	2.0621
555.625	2.0314
555.5	2.0306
555.375	2.0495
555.25	2.0511
555.125	2.0338
555.0	2.0298
554.875	2.0385
554.75	2.04
554.625	2.0503
554.5	2.0416
554.375	2.0393
554.25	2.0495
554.125	2.029
554.0	2.0267
553.875	2.0966
553.75	2.0762
553.625	2.1147
553.5	2.1037
553.375	2.0959
553.25	2.1053
553.125	2.1533
553.0	2.1918
552.875	2.1894
552.75	2.1705
552.625	2.1784
552.5	2.1721
552.375	2.1713
552.25	2.1713
552.125	2.1713
552.0	2.1603
551.875	2.1635
551.75	2.1603
551.625	2.169
551.5	2.1729
551.375	2.1729
551.25	2.1729
551.125	2.1721
551.0	2.169
550.875	2.1643
550.75	2.1619
550.625	2.158
550.5	2.1509
550.375	2.1454
550.25	2.1422
550.125	2.136
550.0	2.1281
549.875	2.121
549.75	2.1139
549.625	2.1084
549.5	2.1061
549.375	2.0998
549.25	2.0943
549.125	2.0856
549.0	2.0778
548.875	2.0715
548.75	2.066
548.625	2.0613
548.5	2.0573
548.375	2.0558
548.25	2.044
548.125	2.0581
548.0	2.066
547.875	2.0542
547.75	2.0471
547.625	2.0298
547.5	2.0479
547.375	2.033
547.25	2.04
547.125	2.0377
547.0	2.0377
546.875	2.0338
546.75	2.0345
546.625	2.0275
546.5	2.018
546.375	2.022
546.25	2.022
546.125	2.0212
546.0	2.0039
545.875	2.0031
545.75	2.0007
545.625	1.9929
545.5	1.9756
545.375	1.9921
545.25	1.9905
545.125	1.9866
545.0	1.9764
544.875	1.9709
544.75	1.9646
544.625	1.9622
544.5	1.9575
544.375	1.9544
544.25	1.9496
544.125	1.9488
544.0	1.9496
543.875	1.9426
543.75	1.9433
543.625	1.9394
543.5	1.9339
543.375	1.9316
543.25	1.93
543.125	1.9316
543.0	1.9292
542.875	1.9284
542.75	1.9245
542.625	1.919
542.5	1.915
542.375	1.919
542.25	1.9127
542.125	1.9064
542.0	1.9056
541.875	1.9064
541.75	1.9056
541.625	1.9371
541.5	1.9488
541.375	1.9496
541.25	1.9394
541.125	1.9457
541.0	1.9347
540.875	1.9378
540.75	1.9276
540.625	1.93
540.5	1.9182
540.375	1.9025
540.25	1.915
540.125	1.8946
540.0	1.9017
539.875	1.8962
539.75	1.8954
539.625	1.8836
539.5	1.8781
539.375	1.8687
539.25	1.8624
539.125	1.86
539.0	1.8411
538.875	1.8294
538.75	1.8349
538.625	1.8435
538.5	1.8066
538.375	1.8191
538.25	1.7759
538.125	1.7672
538.0	1.7264
537.875	1.6965
537.75	1.6863
537.625	1.7012
537.5	1.7161
537.375	1.7177
537.25	1.7044
537.125	1.7067
537.0	1.7444
536.875	1.7177
536.75	1.7814
536.625	1.7641
536.5	1.7704
536.375	1.7932
536.25	1.8632
536.125	1.8136
536.0	1.7688
535.875	1.702
535.75	4.7056
535.625	4.704
535.5	0.1218
535.375	0.1422
535.25	0.4551
535.125	1.5047
535.0	2.8443
534.875	4.1199
534.75	4.7095
534.625	4.7087
534.5	4.7048
534.375	4.7056
534.25	4.7079
534.125	4.7064
534.0	4.7087
533.875	4.7072
533.75	4.7095
533.625	4.7072
533.5	4.7056
533.375	4.7095
533.25	4.7087
533.125	4.7064
533.0	4.7072
532.875	4.7056
532.75	4.7095
532.625	4.7064
532.5	4.704
532.375	4.7056
532.25	4.7064
532.125	4.7048
532.0	4.7072
531.875	4.7048
531.75	4.7048
531.625	4.7009
531.5	4.7048
531.375	4.704
531.25	4.7048
531.125	4.7048
531.0	4.704
530.875	4.7048
530.75	4.7048
530.625	4.7048
530.5	4.7032
530.375	4.7048
530.25	4.7048
530.125	4.7072
530.0	4.7048
529.875	4.7056
529.75	4.7064
529.625	4.7056
529.5	4.7048
529.375	4.7064
529.25	4.7048
529.125	4.7048
529.0	4.7048
528.875	4.7048
528.75	4.7048
528.625	4.7048
528.5	4.7048
528.375	4.7048
528.25	4.7048
528.125	4.7048
528.0	4.7048
527.875	4.7048
527.75	4.7048
527.625	4.7048
527.5	4.7056
527.375	4.7048
527.25	4.7048
527.125	4.7024
527.0	4.7048
526.875	4.7048
526.75	4.7024
526.625	4.7017
526.5	4.7072
526.375	4.7032
526.25	4.7056
526.125	4.7048
526.0	4.704
525.875	4.704
525.75	4.7009
525.625	4.7056
525.5	4.704
525.375	4.7048
525.25	4.7048
525.125	4.7048
525.0	4.7064
524.875	4.7048
524.75	4.7048
524.625	4.7032
524.5	4.704
524.375	4.7048
524.25	4.704
524.125	4.7056
524.0	4.7048
523.875	4.7064
523.75	4.704
523.625	4.7056
523.5	4.7048
523.375	4.7048
523.25	4.7072
523.125	4.7056
523.0	4.7079
522.875	4.7072
522.75	4.7064
522.625	4.7056
522.5	4.7048
522.375	4.7048
522.25	4.704
522.125	4.7048
522.0	4.7048
521.875	4.704
521.75	4.7032
521.625	4.7032
521.5	4.7024
521.375	4.7024
521.25	4.704
521.125	4.7024
521.0	4.7048
520.875	4.7048
520.75	4.7032
520.625	4.7024
520.5	4.7032
520.375	4.7048
520.25	4.7017
520.125	4.7048
520.0	4.7048
519.875	4.7024
519.75	4.7017
519.625	4.7024
519.5	4.704
519.375	4.7032
519.25	4.7017
519.125	4.7048
519.0	4.7009
518.875	4.7048
518.75	4.7032
518.625	4.7024
518.5	4.7024
518.375	4.7032
518.25	4.7048
518.125	4.7048
518.0	4.7009
517.875	4.7001
517.75	4.7017
517.625	4.7009
517.5	4.7024
517.375	4.704
517.25	4.7048
517.125	4.7048
517.0	4.7032
516.875	4.7048
516.75	4.7017
516.625	4.704
516.5	4.7032
516.375	4.7017
516.25	4.7032
516.125	4.7017
516.0	4.7009
515.875	4.7024
515.75	4.7009
515.625	4.7024
515.5	4.704
515.375	4.704
515.25	4.7009
515.125	4.6993
515.0	4.7001
514.875	4.7001
514.75	4.7009
514.625	4.7017
514.5	4.6977
514.375	4.6969
514.25	4.7024
514.125	4.7001
514.0	4.6993
513.875	4.7001
513.75	4.7001
513.625	4.7001
513.5	4.7001
513.375	4.7001
513.25	4.6985
513.125	4.6993
513.0	4.6977
512.875	4.7009
512.75	4.7017
512.625	4.7017
512.5	4.7017
512.375	4.7009
512.25	4.7024
512.125	4.7001
512.0	4.7032
511.875	4.7032
511.75	4.7017
511.625	4.7001
511.5	4.7009
511.375	4.7001
511.25	4.7009
511.125	4.7009
511.0	4.7001
510.875	4.7017
510.75	4.7024
510.625	4.7017
510.5	4.7017
510.375	4.7017
510.25	4.7009
510.125	4.7001
510.0	4.7009
509.875	4.7001
509.75	4.7001
509.625	4.7001
509.5	4.7001
509.375	4.7017
509.25	4.6993
509.125	4.7017
509.0	4.7001
508.875	4.6977
508.75	4.7009
508.625	4.7001
508.5	4.7001
508.375	4.7001
508.25	4.6954
508.125	4.6954
508.0	4.6977
507.875	4.6985
507.75	4.6985
507.625	4.6954
507.5	4.6969
507.375	4.6985
507.25	4.7001
507.125	4.6977
507.0	4.6961
506.875	4.7009
506.75	4.7017
506.625	4.6977
506.5	4.6969
506.375	4.6993
506.25	4.6993
506.125	4.6969
506.0	4.6969
505.875	4.6961
505.75	4.7001
505.625	4.6969
505.5	4.6969
505.375	4.6954
505.25	4.6954
505.125	4.7001
505.0	4.6977
504.875	4.6954
504.75	4.6969
504.625	4.6954
504.5	4.6954
504.375	4.6977
504.25	4.6985
504.125	4.6954
504.0	4.6961
503.875	4.6977
503.75	4.6969
503.625	4.6977
503.5	4.6985
503.375	4.6961
503.25	4.6985
503.125	4.6969
503.0	4.6961
502.875	4.6977
502.75	4.6977
502.625	4.6985
502.5	4.6954
502.375	4.6961
502.25	4.6985
502.125	4.6977
502.0	4.6969
501.875	4.6954
501.75	4.6961
501.625	4.6977
501.5	4.6961
501.375	4.6985
501.25	4.6993
501.125	4.6954
501.0	4.6954
500.875	4.6969
500.75	4.6954
500.625	4.6961
500.5	4.6954
500.375	4.6993
500.25	4.6977
500.125	4.6977
500.0	4.6977
499.875	4.6954
499.75	4.6961
499.625	4.6993
499.5	4.7001
499.375	4.7024
499.25	4.7001
499.125	4.7001
499.0	4.7001
498.875	4.7009
498.75	4.7001
498.625	4.6993
498.5	4.7001
498.375	4.6993
498.25	4.7001
498.125	4.7001
498.0	4.6985
497.875	4.7009
497.75	4.7009
497.625	4.7001
497.5	4.7001
497.375	4.6993
497.25	4.7001
497.125	4.7009
497.0	4.7017
496.875	4.7001
496.75	4.7024
496.625	1.8238
496.5	4.4163
496.375	4.7009
496.25	4.7001
496.125	4.7001
496.0	4.7009
495.875	4.7001
495.75	4.7001
495.625	4.7009
495.5	4.7001
495.375	4.7001
495.25	4.7001
495.125	4.7001
495.0	4.7001
494.875	4.7001
494.75	4.6977
494.625	4.7001
494.5	4.7001
494.375	4.6969
494.25	4.7001
494.125	4.6985
494.0	4.7001
493.875	4.7001
493.75	4.7009
493.625	4.7001
493.5	4.7001
493.375	4.7001
493.25	4.7009
493.125	4.6993
493.0	4.6993
492.875	4.6969
492.75	4.6961
492.625	4.6977
492.5	4.6985
492.375	4.7001
492.25	4.7001
492.125	4.7001
492.0	4.6977
491.875	4.7001
491.75	4.6985
491.625	4.6969
491.5	4.7001
491.375	4.6977
491.25	4.6985
491.125	4.6985
491.0	4.6977
490.875	4.6961
490.75	4.6977
490.625	4.6969
490.5	4.6961
490.375	4.6977
490.25	4.6993
490.125	4.6985
490.0	4.6977
489.875	4.7001
489.75	4.6977
489.625	4.7001
489.5	4.7001
489.375	4.6993
489.25	4.7001
489.125	4.7009
489.0	4.7009
488.875	4.7001
488.75	4.6993
488.625	4.6985
488.5	4.6985
488.375	4.6977
488.25	4.6969
488.125	4.6969
488.0	4.6985
487.875	4.7001
487.75	4.6969
487.625	4.7001
487.5	4.6961
487.375	4.6969
487.25	4.7001
487.125	4.6969
487.0	4.6961
486.875	4.6961
486.75	4.6969
486.625	4.6977
486.5	4.6954
486.375	4.6961
486.25	4.6969
486.125	4.6954
486.0	4.6977
485.875	4.6977
485.75	4.7001
485.625	4.6985
485.5	4.7001
485.375	4.6993
485.25	4.7001
485.125	4.6993
485.0	4.6993
484.875	4.7001
484.75	4.6985
484.625	4.6954
484.5	4.6969
484.375	4.6954
484.25	4.6969
484.125	4.6954
484.0	4.6954
483.875	4.6977
483.75	4.6985
483.625	4.6969
483.5	4.6985
483.375	4.6993
483.25	4.7001
483.125	4.6993
483.0	4.6961
482.875	4.6977
482.75	4.7001
482.625	4.7017
482.5	4.7017
482.375	4.7001
482.25	4.6954
482.125	4.6969
482.0	4.6954
481.875	4.6969
481.75	4.6985
481.625	4.6993
481.5	4.6961
481.375	4.6985
481.25	4.7001
481.125	4.7001
481.0	4.7017
480.875	4.7001
480.75	4.7001
480.625	4.7001
480.5	4.7001
480.375	4.7009
480.25	4.6993
480.125	4.6993
480.0	4.7001
479.875	4.7001
479.75	4.6985
479.625	4.7001
479.5	4.6985
479.375	4.6985
479.25	4.6993
479.125	4.6985
479.0	4.6993
478.875	4.6969
478.75	4.6969
478.625	4.6954
478.5	4.6969
478.375	4.6954
478.25	4.6954
478.125	4.6993
478.0	4.7009
477.875	4.6993
477.75	4.6985
477.625	4.6993
477.5	4.6954
477.375	4.7001
477.25	4.6977
477.125	4.6977
477.0	4.7009
476.875	4.7001
476.75	4.7009
476.625	4.6993
476.5	4.6985
476.375	4.7001
476.25	4.6985
476.125	4.6977
476.0	4.6977
475.875	4.6954
475.75	4.6993
475.625	4.7009
475.5	4.7009
475.375	4.6993
475.25	4.7001
475.125	4.7001
475.0	4.7017
474.875	4.7001
474.75	4.7009
474.625	4.7001
474.5	4.7001
474.375	4.7001
474.25	4.7001
474.125	4.7001
474.0	4.7001
473.875	4.7001
473.75	4.6977
473.625	4.6961
473.5	4.6985
473.375	4.6977
473.25	4.6961
473.125	4.6954
473.0	4.6993
472.875	4.6985
472.75	4.6977
472.625	4.6977
472.5	4.6993
472.375	4.6954
472.25	4.7001
472.125	4.6993
472.0	4.7009
471.875	4.6993
471.75	4.6969
471.625	4.6969
471.5	4.6954
471.375	4.6961
471.25	4.6954
471.125	4.6993
471.0	4.6946
470.875	4.6969
470.75	4.6954
470.625	4.6954
470.5	4.6954
470.375	4.6954
470.25	4.6954
470.125	4.6954
470.0	4.6954
469.875	4.6954
469.75	4.6922
469.625	4.6954
469.5	4.6961
469.375	4.6954
469.25	4.7001
469.125	4.7001
469.0	4.6993
468.875	4.6969
468.75	4.6977
468.625	4.6961
468.5	4.7009
468.375	4.6954
468.25	4.6954
468.125	4.6954
468.0	4.6954
467.875	4.6938
467.75	4.6954
467.625	4.6961
467.5	4.6954
467.375	4.6961
467.25	4.6969
467.125	4.6985
467.0	4.6985
466.875	4.6961
466.75	4.6961
466.625	4.6969
466.5	4.6946
466.375	4.6961
466.25	4.6954
466.125	4.6954
466.0	4.6961
465.875	4.6969
465.75	4.7001
465.625	4.7001
465.5	4.7001
465.375	4.6977
465.25	4.6969
465.125	4.6961
465.0	4.6954
464.875	4.6977
464.75	4.6969
464.625	4.7001
464.5	4.6985
464.375	4.6993
464.25	4.7001
464.125	4.7001
464.0	4.7009
463.875	4.7001
463.75	4.7009
463.625	4.7001
463.5	4.6993
463.375	4.7001
463.25	4.7001
463.125	4.7001
463.0	4.7017
462.875	4.7009
462.75	4.7009
462.625	4.7001
462.5	4.6993
462.375	4.7001
462.25	4.6985
462.125	4.6985
462.0	4.7001
461.875	4.6985
461.75	4.7001
461.625	4.6993
461.5	4.6969
461.375	4.7001
461.25	4.6954
461.125	4.7001
461.0	4.7001
460.875	4.6969
460.75	4.6993
460.625	4.6993
460.5	4.6993
460.375	4.6985
460.25	4.6985
460.125	4.6993
460.0	4.6985
459.875	4.6969
459.75	4.6985
459.625	4.6961
459.5	4.6969
459.375	4.6969
459.25	4.6954
459.125	4.6954
459.0	4.6969
458.875	4.6946
458.75	4.6954
458.625	4.6961
458.5	4.6922
458.375	4.6946
458.25	4.6954
458.125	4.6938
458.0	4.6954
457.875	4.6938
457.75	4.6954
457.625	4.6914
457.5	4.6938
457.375	4.6922
457.25	4.6922
457.125	4.6961
457.0	4.6938
456.875	4.6938
456.75	4.6954
456.625	4.6946
456.5	4.6969
456.375	4.6969
456.25	4.6977
456.125	4.6977
456.0	4.6961
455.875	4.6961
455.75	4.6985
455.625	4.6969
455.5	4.6969
455.375	4.693
455.25	4.6954
455.125	4.6961
455.0	4.6954
454.875	4.6954
454.75	4.6954
454.625	4.6954
454.5	4.6954
454.375	4.6946
454.25	4.6954
454.125	4.6946
454.0	4.693
453.875	4.6946
453.75	4.6946
453.625	4.6914
453.5	4.6914
453.375	4.6938
453.25	4.6954
453.125	4.6961
453.0	4.6954
452.875	4.6969
452.75	4.6969
452.625	4.6985
452.5	4.6969
452.375	4.6954
452.25	4.6961
452.125	4.6954
452.0	4.6961
451.875	4.6954
451.75	4.6961
451.625	4.6954
451.5	4.6954
451.375	4.6961
451.25	4.6969
451.125	4.6954
451.0	4.6961
450.875	4.6946
450.75	4.6954
450.625	4.6954
450.5	4.6961
450.375	4.6954
450.25	4.6954
450.125	4.6969
450.0	4.6954
449.875	4.6969
449.75	4.6969
449.625	4.6985
449.5	4.6969
449.375	4.6961
449.25	4.7009
449.125	4.7001
449.0	4.6969
448.875	4.7009
448.75	4.7024
448.625	4.7017
448.5	4.7001
448.375	4.7024
448.25	4.7009
448.125	4.7024
448.0	4.704
447.875	4.7009
447.75	1.4457
447.625	0.1391
447.5	4.7001
447.375	4.7009
447.25	4.6993
447.125	4.7001
447.0	4.7001
446.875	4.6977
446.75	4.7009
446.625	4.7017
446.5	4.7009
446.375	4.7009
446.25	4.7024
446.125	4.7017
446.0	4.7009
445.875	4.7001
445.75	4.7024
445.625	4.7009
445.5	4.7001
445.375	4.6985
445.25	4.7009
445.125	4.7009
445.0	4.6993
444.875	4.7001
444.75	4.6961
444.625	4.6977
444.5	4.6993
444.375	4.7001
444.25	4.7001
444.125	4.6985
444.0	4.6969
443.875	4.7001
443.75	4.7001
443.625	4.7001
443.5	4.7001
443.375	4.7009
443.25	4.7009
443.125	4.7017
443.0	4.7017
442.875	4.6985
442.75	4.6993
442.625	4.6961
442.5	4.7001
442.375	4.6985
442.25	4.7001
442.125	4.7001
442.0	4.7024
441.875	4.6993
441.75	4.6993
441.625	4.6977
441.5	4.6969
441.375	4.6993
441.25	4.7001
441.125	4.7032
441.0	4.7009
440.875	4.7001
440.75	4.7001
440.625	4.7032
440.5	4.7001
440.375	4.7001
440.25	4.7032
440.125	4.7032
440.0	4.7032
439.875	4.7001
439.75	4.7032
439.625	4.7009
439.5	4.7024
439.375	4.7001
439.25	4.7032
439.125	4.7048
439.0	4.7024
438.875	4.7009
438.75	4.6993
438.625	4.7001
438.5	4.6977
438.375	4.7009
438.25	4.7009
438.125	4.7024
438.0	4.7024
437.875	4.7032
437.75	4.7056
437.625	4.7009
437.5	4.7024
437.375	4.7017
437.25	4.7064
437.125	4.7064
437.0	4.7048
436.875	4.7064
436.75	4.7072
436.625	4.7048
436.5	4.7048
436.375	4.7048
436.25	4.7032
436.125	4.7048
436.0	4.704
435.875	4.7017
435.75	4.7001
435.625	4.7017
435.5	4.7032
435.375	4.7072
435.25	4.7032
435.125	4.704
435.0	4.7024
434.875	4.7048
434.75	4.7056
434.625	4.7056
434.5	4.7024
434.375	4.7009
434.25	4.7032
434.125	4.7048
434.0	4.7048
433.875	4.7009
433.75	4.7024
433.625	4.7048
433.5	4.7048
433.375	4.7024
433.25	4.7095
433.125	4.7095
433.0	4.7048
432.875	4.7064
432.75	4.7056
432.625	4.7048
432.5	4.7056
432.375	4.7064
432.25	4.7009
432.125	4.704
432.0	4.7048
431.875	4.7048
431.75	4.7048
431.625	4.7032
431.5	4.7048
431.375	4.7048
431.25	4.7048
431.125	4.7056
431.0	4.7072
430.875	4.704
430.75	4.7048
430.625	4.7072
430.5	4.704
430.375	4.7024
430.25	4.7056
430.125	4.7048
430.0	4.7056
429.875	4.7048
429.75	4.7079
429.625	4.7079
429.5	4.7079
429.375	4.7087
429.25	4.7064
429.125	4.7056
429.0	4.7087
428.875	4.7072
428.75	4.7064
428.625	4.7056
428.5	4.7064
428.375	4.7048
428.25	4.7072
428.125	4.7048
428.0	4.7095
427.875	4.7072
427.75	4.7048
427.625	4.7072
427.5	4.7048
427.375	4.7048
427.25	4.7048
427.125	4.7056
427.0	4.7048
426.875	4.7064
426.75	4.7056
426.625	4.7048
426.5	4.7048
426.375	4.7048
426.25	4.7048
426.125	4.7056
426.0	4.7056
425.875	4.7072
425.75	4.7048
425.625	4.7048
425.5	4.704
425.375	4.7024
425.25	4.704
425.125	4.7048
425.0	4.7032
424.875	2.3765
424.75	4.1938
424.625	4.704
424.5	4.7048
424.375	4.7064
424.25	4.7072
424.125	4.7056
424.0	4.7072
423.875	4.7048
423.75	4.7048
423.625	4.7048
423.5	4.7072
423.375	4.7087
423.25	4.7048
423.125	4.7064
423.0	4.7095
422.875	4.7072
422.75	4.7087
422.625	4.7087
422.5	4.7095
422.375	4.7095
422.25	4.7072
422.125	4.7048
422.0	4.7072
421.875	4.7064
421.75	4.7064
421.625	4.7072
421.5	4.7048
421.375	4.7056
421.25	4.7056
421.125	4.7056
421.0	4.7024
420.875	4.7056
420.75	4.7064
420.625	4.7056
420.5	4.7087
420.375	4.7072
420.25	4.7095
420.125	4.7072
420.0	4.7048
419.875	4.7064
419.75	4.7079
419.625	4.7087
419.5	4.7087
419.375	4.7056
419.25	4.7048
419.125	4.7079
419.0	4.7095
418.875	4.7064
418.75	4.7064
418.625	4.7072
418.5	4.7072
418.375	4.7095
418.25	4.7095
418.125	4.7072
418.0	4.7079
417.875	4.7064
417.75	4.7056
417.625	4.7064
417.5	4.7048
417.375	4.7048
417.25	4.7087
417.125	4.7087
417.0	4.7079
416.875	4.7087
416.75	4.7095
416.625	4.7056
416.5	4.7079
416.375	4.7095
416.25	4.7095
416.125	4.7079
416.0	4.7056
415.875	4.7032
415.75	4.7048
415.625	4.704
415.5	4.7056
415.375	4.7048
415.25	4.7048
415.125	4.7024
415.0	4.704
414.875	4.7048
414.75	4.704
414.625	4.7072
414.5	4.7056
414.375	4.7048
414.25	4.7079
414.125	4.7048
414.0	4.7064
413.875	4.7064
413.75	4.7087
413.625	4.7072
413.5	4.7087
413.375	4.7087
413.25	4.7079
413.125	4.7079
413.0	4.7103
412.875	4.7095
412.75	4.7079
412.625	4.7095
412.5	4.7095
412.375	4.7095
412.25	4.7095
412.125	4.7095
412.0	4.7087
411.875	4.7064
411.75	4.7056
411.625	4.7072
411.5	4.7087
411.375	4.7064
411.25	4.7072
411.125	4.7056
411.0	4.7048
410.875	4.7048
410.75	4.7001
410.625	4.6333
410.5	4.5751
410.375	4.4996
410.25	4.4186
410.125	4.3361
410.0	4.2402
409.875	4.1435
409.75	4.0507
409.625	3.9579
409.5	3.921
409.375	3.9218
409.25	3.9815
409.125	3.4517
409.0	3.3605
408.875	3.5153
408.75	3.5326
408.625	3.399
408.5	3.3345
408.375	3.3227
408.25	3.3439
408.125	3.3605
408.0	3.3699
407.875	3.3943
407.75	3.4281
407.625	3.4564
407.5	3.4627
407.375	3.491
407.25	3.5035
407.125	3.5035
407.0	3.5193
406.875	3.5326
406.75	3.5098
406.625	3.5279
406.5	3.5303
406.375	3.5373
406.25	3.5436
406.125	3.5075
406.0	3.4917
405.875	3.4729
405.75	3.5271
405.625	3.5122
405.5	3.4862
405.375	3.4862
405.25	3.4815
405.125	3.4642
405.0	3.4461
404.875	3.4619
404.75	3.4627
404.625	3.395
404.5	3.3974
404.375	3.3463
404.25	3.366
404.125	3.34
404.0	3.3345
403.875	3.3046
403.75	3.3062
403.625	3.1894
403.5	3.3196
403.375	3.1816
403.25	3.1753
403.125	3.1588
403.0	3.1658
402.875	3.1336
402.75	3.0605
402.625	2.996
402.5	2.9669
402.375	2.9646
402.25	2.9347
402.125	2.9182
402.0	2.9009
401.875	2.8891
401.75	2.8459
401.625	2.8498
401.5	2.7987
401.375	2.7893
401.25	2.8066
401.125	2.8003
401.0	2.761
400.875	2.7334
400.75	2.7468
400.625	2.7358
400.5	2.7783
400.375	2.7814
400.25	2.8278
400.125	2.8592
400.0	2.8042
399.875	2.8812
399.75	2.8349
399.625	2.5668
399.5	2.272
399.375	2.1155
399.25	2.2051
399.125	2.3694
399.0	2.4048
398.875	2.3537
398.75	2.2067
398.625	2.279
398.5	1.6816
398.375	1.2327
398.25	1.1926
398.125	1.1399
398.0	1.1147
397.875	1.0511
397.75	1.011
397.625	0.8765
397.5	0.974
397.375	0.985
397.25	0.9599
397.125	0.9433
397.0	0.9276
396.875	0.9143
396.75	0.9103
396.625	0.9009
396.5	0.9119
396.375	1.0652
396.25	0.8514
396.125	4.1081
396.0	4.2331
395.875	0.1344
395.75	0.1422
395.625	0.1375
395.5	0.1344
395.375	0.1595
395.25	0.1509
395.125	0.1525
395.0	0.1572
394.875	0.1509
394.75	0.1855
394.625	0.2256
394.5	0.9779
394.375	4.7127
394.25	4.3919
394.125	4.2386
394.0	3.022
393.875	2.5534
393.75	1.0117
393.625	0.3254
393.5	1.8765
393.375	1.8836
393.25	1.8655
393.125	1.8238
393.0	1.8207
392.875	1.7382
392.75	1.6367
392.625	1.7138
392.5	1.7051
392.375	1.6061
392.25	1.8482
392.125	2.6705
392.0	4.7064
391.875	4.7048
391.75	4.7064
391.625	1.007
391.5	3.4147
391.375	4.7048
391.25	4.7064
391.125	4.7095
391.0	4.7079
390.875	3.1823
390.75	2.7429
390.625	4.6796
390.5	0.4017
390.375	4.7064
390.25	4.704
390.125	4.7009
390.0	4.7001
389.875	4.7001
389.75	4.7001
389.625	4.7001
389.5	4.6993
389.375	4.7001
389.25	4.7001
389.125	4.6993
389.0	4.7001
388.875	4.6985
388.75	4.7009
388.625	4.7017
388.5	4.7017
388.375	4.7001
388.25	4.7032
388.125	4.704
388.0	4.7009
387.875	4.704
387.75	4.7024
387.625	4.7009
387.5	4.7024
387.375	4.7024
387.25	4.7032
387.125	4.704
387.0	4.7024
386.875	4.704
386.75	4.7009
386.625	4.7024
386.5	4.7001
386.375	4.7001
386.25	4.7024
386.125	4.7009
386.0	4.7009
385.875	4.7024
385.75	4.7017
385.625	4.7009
385.5	4.7001
385.375	4.7024
385.25	4.7024
385.125	4.7024
385.0	4.7001
384.875	4.7009
384.75	4.7001
384.625	4.7001
384.5	4.7001
384.375	4.7001
384.25	4.7017
384.125	4.7009
384.0	4.7024
383.875	4.7017
383.75	4.704
383.625	4.7048
383.5	4.704
383.375	4.7017
383.25	4.7048
383.125	4.7017
383.0	4.7017
382.875	4.704
382.75	4.7048
382.625	4.7017
382.5	4.7048
382.375	4.7048
382.25	4.7072
382.125	4.7056
382.0	4.7056
381.875	4.7048
381.75	4.704
381.625	4.7024
381.5	4.7048
381.375	4.7048
381.25	4.7048
381.125	4.7048
381.0	4.7056
380.875	4.7056
380.75	4.7048
380.625	4.7048
380.5	4.7064
380.375	4.7056
380.25	4.7048
380.125	4.7048
380.0	4.704
379.875	4.704
379.75	4.7048
379.625	4.6741
379.5	4.5656
379.375	4.5366
379.25	4.4461
379.125	4.3463
379.0	4.2425
378.875	4.1733
378.75	4.0751
378.625	3.9902
378.5	3.8833
378.375	3.8432
378.25	3.73
378.125	3.6317
378.0	3.5869
377.875	3.41
377.75	3.4021
377.625	3.2342
377.5	3.1886
377.375	3.0833
377.25	2.9772
377.125	2.8592
377.0	2.7444
376.875	2.6509
376.75	2.5353
376.625	2.4198
376.5	2.3034
376.375	2.1784
376.25	2.0676
376.125	1.9363
376.0	1.8466
375.875	1.7531
375.75	1.6501
375.625	1.5715
375.5	1.4866
375.375	1.4418
375.25	1.3647
375.125	1.3199
375.0	1.2735
374.875	1.2397
374.75	1.2067
374.625	1.1776
374.5	1.1643
374.375	1.1477
374.25	1.1367
374.125	1.1289
374.0	1.1194
373.875	1.1037
373.75	1.0872
373.625	1.0605
373.5	1.0283
373.375	1.0078
373.25	1.0023
373.125	0.9504
373.0	0.908
372.875	0.8608
372.75	0.1878
372.625	0.5204
372.5	0.75
372.375	0.7358
372.25	0.7044
372.125	0.6729
372.0	0.6391
371.875	0.6147
371.75	0.5896
371.625	0.5723
371.5	0.5613
371.375	0.5511
371.25	0.5471
371.125	0.54
371.0	0.5377
370.875	0.54
370.75	0.5369
370.625	0.5369
370.5	0.5361
370.375	0.5369
370.25	0.5338
370.125	0.5259
370.0	0.5227
369.875	0.5204
369.75	0.5204
369.625	0.5102
369.5	0.5039
369.375	0.4921
369.25	0.4834
369.125	0.474
369.0	0.463
368.875	0.4536
368.75	0.4481
368.625	0.4386
368.5	0.4323
368.375	0.4205
368.25	0.4143
368.125	0.4017
368.0	0.3899
367.875	0.382
367.75	0.3718
367.625	0.3577
367.5	0.3333
367.375	0.1061
367.25	0.1454
367.125	0.3349
367.0	0.3294
366.875	0.3231
366.75	0.3168
366.625	0.3121
366.5	0.3073
366.375	0.3034
366.25	0.2995
366.125	0.2948
366.0	0.2924
365.875	0.29
365.75	0.2877
365.625	0.2861
365.5	0.2822
365.375	0.2806
365.25	0.2751
365.125	0.2735
365.0	0.2735
364.875	0.2704
364.75	0.2672
364.625	0.2649
364.5	0.2617
364.375	0.2562
364.25	0.2562
364.125	0.2547
364.0	0.257
363.875	0.2547
363.75	0.2531
363.625	0.25
363.5	0.2476
363.375	0.2437
363.25	0.2437
363.125	0.2374
363.0	0.2374
362.875	0.2358
362.75	0.2358
362.625	0.2303
362.5	0.2272
362.375	0.2224
362.25	0.2216
362.125	0.2201
362.0	0.2193
361.875	0.2177
361.75	0.2177
361.625	0.2169
361.5	0.2154
361.375	0.2138
361.25	0.2169
361.125	0.2122
361.0	0.2122
360.875	0.2122
360.75	0.2122
360.625	0.2122
360.5	0.2154
360.375	0.2185
360.25	0.2169
360.125	0.2193
360.0	0.2193
359.875	0.2169
359.75	0.2169
359.625	0.2177
359.5	0.2185
359.375	0.2169
359.25	0.2169
359.125	0.2169
359.0	0.2169
358.875	0.2138
358.75	0.2138
358.625	0.2122
358.5	0.2099
358.375	0.2091
358.25	0.2075
358.125	0.2091
358.0	0.2099
357.875	0.2083
357.75	0.2075
357.625	0.2083
357.5	0.2083
357.375	0.2083
357.25	0.2075
357.125	0.2075
357.0	0.2083
356.875	0.2075
356.75	0.2075
356.625	0.2075
356.5	0.2075
356.375	0.2075
356.25	0.2075
356.125	0.2059
356.0	0.2028
355.875	0.2044
355.75	0.2028
355.625	0.2028
355.5	0.2028
355.375	0.202
355.25	0.1996
355.125	0.1988
355.0	0.1973
354.875	0.1941
354.75	0.1933
354.625	0.1933
354.5	0.1933
354.375	0.1918
354.25	0.1902
354.125	0.1871
354.0	0.1863
353.875	0.1855
353.75	0.1839
353.625	0.1855
353.5	0.1831
353.375	0.1847
353.25	0.1847
353.125	0.1847
353.0	0.18
352.875	0.1792
352.75	0.1831
352.625	0.1792
352.5	0.18
352.375	0.18
352.25	0.1792
352.125	0.1792
352.0	0.1784
351.875	0.1768
351.75	0.1784
351.625	0.1792
351.5	0.1776
351.375	0.1753
351.25	0.1745
351.125	0.1745
351.0	0.1753
350.875	0.1753
350.75	0.1745
350.625	0.1745
350.5	0.1745
350.375	0.1745
350.25	0.1745
350.125	0.1745
350.0	0.1729
349.875	0.1737
349.75	0.1698
349.625	0.1705
349.5	0.1698
349.375	0.1713
349.25	0.1698
349.125	0.1698
349.0	0.1698
348.875	0.1737
348.75	0.1761
348.625	0.1713
348.5	0.1698
348.375	0.1682
348.25	0.1698
348.125	0.1674
348.0	0.1658
347.875	0.1643
347.75	0.165
347.625	0.1698
347.5	0.1666
347.375	0.1658
347.25	0.165
347.125	0.1666
347.0	0.1713
346.875	0.2004
346.75	0.2216
346.625	0.2224
346.5	0.2177
346.375	0.2279
346.25	0.2327
346.125	0.2303
346.0	0.2374
345.875	0.2405
345.75	0.2397
345.625	0.2397
345.5	0.2413
345.375	0.2397
345.25	0.2334
345.125	0.2327
345.0	0.2279
344.875	0.2272
344.75	0.2272
344.625	0.2272
344.5	0.2272
344.375	0.2248
344.25	0.2216
344.125	0.2177
344.0	0.2185
343.875	0.2201
343.75	0.2201
343.625	0.2169
343.5	0.2169
343.375	0.2169
343.25	0.2177
343.125	0.2122
343.0	0.213
342.875	0.2154
342.75	0.2122
342.625	0.2122
342.5	0.2099
342.375	0.2083
342.25	0.2106
342.125	0.2075
342.0	0.2067
341.875	0.2083
341.75	0.2075
341.625	0.2051
341.5	0.2044
341.375	0.2028
341.25	0.202
341.125	0.2051
341.0	0.2028
340.875	0.1996
340.75	0.1996
340.625	0.1973
340.5	0.1981
340.375	0.1973
340.25	0.1981
340.125	0.1973
340.0	0.1973
339.875	0.1973
339.75	0.1941
339.625	0.1949
339.5	0.1933
339.375	0.1933
339.25	0.1933
339.125	0.1973
339.0	0.1965
338.875	0.1949
338.75	0.1933
338.625	0.1941
338.5	0.191
338.375	0.1902
338.25	0.1894
338.125	0.1878
338.0	0.1886
337.875	0.1871
337.75	0.1847
337.625	0.1863
337.5	0.1831
337.375	0.1816
337.25	0.18
337.125	0.1839
337.0	0.1839
336.875	0.1839
336.75	0.1863
336.625	0.1863
336.5	0.1886
336.375	0.1871
336.25	0.1855
336.125	0.1847
336.0	0.1816
335.875	0.1847
335.75	0.1839
335.625	0.1839
335.5	0.1808
335.375	0.1823
335.25	0.1792
335.125	0.1831
335.0	0.1847
334.875	0.1761
334.75	0.1635
334.625	0.1084
334.5	0.1619
334.375	0.1839
334.25	0.1808
334.125	0.1831
334.0	0.1816
333.875	0.1792
333.75	0.1831
333.625	0.18
333.5	0.18
333.375	0.1823
333.25	0.18
333.125	0.1808
333.0	0.1839
332.875	0.1792
332.75	0.1784
332.625	0.1776
332.5	0.1768
332.375	0.1761
332.25	0.1768
332.125	0.1761
332.0	0.1761
331.875	0.1729
331.75	0.1729
331.625	0.1713
331.5	0.1705
331.375	0.1745
331.25	0.1737
331.125	0.1745
331.0	0.1745
330.875	0.1737
330.75	0.1729
330.625	0.1698
330.5	0.1713
330.375	0.1698
330.25	0.1705
330.125	0.1698
330.0	0.169
329.875	0.1682
329.75	0.1674
329.625	0.165
329.5	0.1674
329.375	0.165
329.25	0.165
329.125	0.165
329.0	0.165
328.875	0.165
328.75	0.165
328.625	0.165
328.5	0.1635
328.375	0.1643
328.25	0.1635
328.125	0.1611
328.0	0.1603
327.875	0.1619
327.75	0.165
327.625	0.1611
327.5	0.1635
327.375	0.1501
327.25	0.1446
327.125	0.1375
327.0	0.1375
326.875	0.1367
326.75	0.1367
326.625	0.1415
326.5	0.1375
326.375	0.1367
326.25	0.1367
326.125	0.1367
326.0	0.1367
325.875	0.1383
325.75	0.136
325.625	0.1367
325.5	0.1367
325.375	0.1352
325.25	0.1367
325.125	0.1367
325.0	0.1367
324.875	0.1375
324.75	0.136
324.625	0.1367
324.5	0.1367
324.375	0.1367
324.25	0.1367
324.125	0.1344
324.0	0.1375
323.875	0.1344
323.75	0.1352
323.625	0.1367
323.5	0.1336
323.375	0.136
323.25	0.136
323.125	0.1375
323.0	0.1391
322.875	0.1367
322.75	0.136
322.625	0.1352
322.5	0.1367
322.375	0.1367
322.25	0.1367
322.125	0.1367
322.0	0.1344
321.875	0.1344
321.75	0.1328
321.625	0.1375
321.5	0.136
321.375	0.1328
321.25	0.1367
321.125	0.1352
321.0	0.1336
320.875	0.1328
320.75	0.1336
320.625	0.132
320.5	0.132
320.375	0.1336
320.25	0.1336
320.125	0.132
320.0	0.1273
319.875	0.11
319.75	0.1194
319.625	0.1312
319.5	0.132
319.375	0.1336
319.25	0.1328
319.125	0.132
319.0	0.1336
318.875	0.1328
318.75	0.132
318.625	0.1336
318.5	0.132
318.375	0.1328
318.25	0.132
318.125	0.132
318.0	0.132
317.875	0.132
317.75	0.1328
317.625	0.132
317.5	0.1328
317.375	0.1352
317.25	0.136
317.125	0.1336
317.0	0.1312
316.875	0.1344
316.75	0.1328
316.625	0.132
316.5	0.1336
316.375	0.1336
316.25	0.132
316.125	0.1171
316.0	0.11
315.875	0.1305
315.75	0.1344
315.625	0.1352
315.5	0.1352
315.375	0.1336
315.25	0.1202
315.125	0.11
315.0	0.1289
314.875	0.1344
314.75	0.136
314.625	0.1352
314.5	0.1367
314.375	0.1367
314.25	0.1352
314.125	0.1344
314.0	0.1305
313.875	0.1077
313.75	0.1234
313.625	0.1352
313.5	0.1352
313.375	0.132
313.25	0.1328
313.125	0.132
313.0	0.1336
312.875	0.1367
312.75	0.1367
312.625	0.1336
312.5	0.1336
312.375	0.132
312.25	0.1336
312.125	0.132
312.0	0.132
311.875	0.132
311.75	0.132
311.625	0.1328
311.5	0.1336
311.375	0.1336
311.25	0.1328
311.125	0.1289
311.0	0.125
310.875	0.1218
310.75	0.1187
310.625	0.1312
310.5	0.132
310.375	0.11
310.25	0.1218
310.125	0.1336
310.0	0.1344
309.875	0.1344
309.75	0.1336
309.625	0.1336
309.5	0.1328
309.375	0.1344
309.25	0.1336
309.125	0.132
309.0	0.1328
308.875	0.132
308.75	0.1352
308.625	0.1352
308.5	0.1336
308.375	0.136
308.25	0.1344
308.125	0.1367
308.0	0.132
307.875	0.132
307.75	0.132
307.625	0.132
307.5	0.1328
307.375	0.1328
307.25	0.132
307.125	0.1328
307.0	0.132
306.875	0.1336
306.75	0.136
306.625	0.1367
306.5	0.136
306.375	0.1352
306.25	0.1352
306.125	0.132
306.0	0.132
305.875	0.1336
305.75	0.1328
305.625	0.1367
305.5	0.1352
305.375	0.1312
305.25	0.132
305.125	0.1328
305.0	0.1328
304.875	0.1305
304.75	0.132
304.625	0.1312
304.5	0.132
304.375	0.132
304.25	0.1297
304.125	0.132
304.0	0.132
303.875	0.1281
303.75	0.132
303.625	0.132
303.5	0.132
303.375	0.1328
303.25	0.132
303.125	0.132
303.0	0.132
302.875	0.132
302.75	0.1305
302.625	0.1273
302.5	0.1312
302.375	0.1312
302.25	0.132
302.125	0.1312
302.0	0.132
301.875	0.1312
301.75	0.1305
301.625	0.1328
301.5	0.132
301.375	0.1305
301.25	0.1297
301.125	0.1305
301.0	0.132
300.875	0.1312
300.75	0.1265
300.625	0.1289
300.5	0.1273
300.375	0.125
300.25	0.125
300.125	0.1305
