	400.000000	1.583452	0.078240	0.123890
	404.230039	1.623278	0.078439	0.127328
	408.463567	1.652875	0.078775	0.130206
	412.696308	1.689787	0.079002	0.133496
	416.927851	1.729218	0.079114	0.136806
	421.155088	1.767305	0.079373	0.140276
	425.390884	1.805898	0.079685	0.143902
	429.623008	1.844207	0.080103	0.147726
	433.854823	1.890309	0.080365	0.151915
	438.087207	1.935121	0.080731	0.156224
	442.318894	1.978248	0.081162	0.160558
	446.550003	2.026881	0.081600	0.165393
	450.780016	2.076144	0.082128	0.170510
	455.013086	2.127641	0.082702	0.175959
	459.247527	2.187379	0.083139	0.181856
	463.479532	2.244303	0.083781	0.188031
	467.713548	2.304144	0.084458	0.194604
	471.949176	2.368391	0.085160	0.201692
	476.177504	2.440330	0.085806	0.209394
	480.409845	2.511734	0.086660	0.217666
	484.641187	2.588439	0.087547	0.226610
	488.872172	2.668496	0.088536	0.236258
	493.107562	2.755145	0.089604	0.246871
	497.338291	2.844389	0.090814	0.258310
	501.572165	2.940655	0.092116	0.270881
	505.804853	3.038962	0.093619	0.284506
	510.034572	3.145653	0.095233	0.299571
	514.265091	3.264424	0.096954	0.316499
	518.496404	3.387346	0.098936	0.335130
	522.727507	3.514983	0.101226	0.355807
	526.958736	3.715992	0.102012	0.379077
	530.953977	3.851966	0.104803	0.403699
	534.948030	3.996910	0.107915	0.431326
	538.945314	4.155581	0.111368	0.462799
	542.937932	4.323857	0.115276	0.498438
	546.934544	4.498315	0.119673	0.538326
	550.930096	4.687810	0.124576	0.583989
	554.927537	4.891140	0.129961	0.635657
	558.922665	5.107754	0.135748	0.693368
	562.920474	5.338398	0.141666	0.756269
	566.920371	5.571592	0.147135	0.819773
	570.912898	5.827137	0.151505	0.882841
	574.906348	6.094059	0.153502	0.935451
	578.900018	6.373253	0.151926	0.968264
	582.897710	6.659830	0.146126	0.973173
	586.892881	6.951546	0.136553	0.949257
	590.886674	7.242155	0.124521	0.901803
	594.884088	7.522488	0.111651	0.839893
	598.879795	7.779138	0.099376	0.773062
	602.873938	7.841917	0.090261	0.707815
	607.105168	7.932248	0.081134	0.643575
	611.340135	7.939431	0.073796	0.585895
	615.570276	7.872611	0.067973	0.535121
	619.802498	7.729439	0.063487	0.490715
	624.035505	7.526657	0.060053	0.452001
	628.267977	7.267216	0.057514	0.417963
	632.504466	6.975333	0.055628	0.388024
	636.734507	6.673102	0.054219	0.361808
	640.963441	6.353822	0.053254	0.338370
	645.198469	6.040250	0.052580	0.317596
	649.427541	5.727983	0.052170	0.298831
	653.662696	5.436951	0.051886	0.282100
	657.891864	5.159585	0.051735	0.266932
	662.122699	4.895672	0.051700	0.253106
	666.355091	4.655372	0.051689	0.240631
	670.585016	4.424307	0.051797	0.229167
	674.817359	4.212619	0.051894	0.218610
	679.049716	4.014338	0.052032	0.208875
	683.280106	3.827827	0.052222	0.199895
	687.518244	3.656652	0.052403	0.191621
	691.749386	3.494925	0.052619	0.183901
	695.978980	3.344986	0.052812	0.176656
	700.214163	3.204321	0.053019	0.169891
	704.442996	3.072408	0.053237	0.163566
	708.672500	2.949765	0.053451	0.157669
	712.907501	2.833496	0.053682	0.152108
	717.138028	2.728808	0.053837	0.146912
	721.371436	2.626957	0.054045	0.141975
	725.602585	2.532447	0.054217	0.137303
	729.832540	2.439427	0.054448	0.132822
	734.066398	2.355313	0.054614	0.128632
	738.298210	2.273642	0.054810	0.124618
	742.527499	2.199562	0.054942	0.120849
	746.760050	2.124058	0.055153	0.117147
	750.991160	2.054900	0.055335	0.113708
	755.223880	1.988474	0.055529	0.110418
	759.455096	1.927655	0.055670	0.107312
	763.685865	1.867608	0.055847	0.104300
	767.919683	1.811761	0.055991	0.101442
	772.149999	1.759321	0.056108	0.098712
	776.382760	1.710233	0.056254	0.096207
	780.616874	1.662607	0.056428	0.093818
	784.847074	1.616251	0.056640	0.091545
	789.078327	1.571617	0.056803	0.089273
	793.310903	1.532170	0.056927	0.087222
	797.541902	1.493512	0.057057	0.085216
	801.775004	1.455587	0.057211	0.083275
	806.007591	1.418713	0.057369	0.081390
	810.237646	1.383365	0.057516	0.079566
	814.470595	1.350497	0.057638	0.077841
	818.700500	1.320146	0.057718	0.076196
	822.932597	1.290210	0.057840	0.074626
	827.165736	1.260266	0.057971	0.073058
	831.395288	1.232299	0.058068	0.071558
	835.630091	1.203478	0.058219	0.070066
	839.861041	1.177160	0.058323	0.068656
	844.093584	1.151067	0.058456	0.067287
	848.327838	1.125417	0.058597	0.065946
	852.558602	1.100525	0.058711	0.064613
	856.787788	1.077993	0.058797	0.063382
	861.020827	1.054895	0.058923	0.062157
	865.250360	1.032962	0.059035	0.060980
	869.486091	1.013013	0.059118	0.059887
	873.717335	0.992581	0.059213	0.058774
	877.949616	0.975332	0.059233	0.057772
	882.182605	0.956582	0.059315	0.056740
	886.412624	0.938598	0.059390	0.055743
	890.644846	0.921042	0.059462	0.054767
	894.879931	0.903232	0.059587	0.053821
