	400.000000	2.620519	0.061142	0.160223
	404.231488	2.660571	0.061273	0.163022
	408.465451	2.688948	0.061407	0.165121
	412.695875	2.729686	0.061591	0.168125
	416.930504	2.786638	0.061797	0.172205
	421.162318	2.833858	0.061993	0.175681
	425.395509	2.882012	0.062190	0.179232
	429.628476	2.930627	0.062395	0.182857
	433.860569	2.977027	0.062633	0.186460
	438.095062	3.023451	0.062889	0.190141
	442.327565	3.074467	0.063113	0.194038
	446.557977	3.122065	0.063390	0.197908
	450.791388	3.169928	0.063674	0.201842
	455.022966	3.218443	0.063976	0.205904
	459.257362	3.270230	0.064273	0.210188
	463.488512	3.324171	0.064557	0.214598
	467.718881	3.376447	0.064900	0.219133
	471.953714	3.431887	0.065233	0.223871
	476.185396	3.489920	0.065561	0.228802
	480.417677	3.550929	0.065874	0.233912
	484.652009	3.611229	0.066223	0.239147
	488.882586	3.672926	0.066593	0.244592
	493.112987	3.732658	0.067015	0.250145
	497.346259	3.795460	0.067456	0.256027
	501.576395	3.863796	0.067872	0.262242
	505.809664	3.930045	0.068346	0.268604
	510.039716	4.000079	0.068835	0.275345
	514.271146	4.070444	0.069338	0.282236
	518.504269	4.140897	0.069889	0.289402
	522.735399	4.216651	0.070428	0.296968
	526.963073	4.292758	0.071009	0.304823
	531.196595	4.371344	0.071625	0.313100
	535.427315	2.938562	0.069136	0.203160
	539.662987	4.067020	0.072628	0.295379
	543.893588	4.694561	0.073809	0.346502
	548.125730	4.785146	0.074584	0.356895
	552.358214	4.879484	0.075412	0.367972
	556.589477	4.980055	0.076248	0.379722
	560.821427	5.080557	0.077185	0.392143
	565.053604	5.182168	0.078176	0.405119
	569.283730	5.289072	0.079229	0.419045
	573.519127	5.401155	0.080343	0.433947
	577.751956	5.514068	0.081556	0.449704
	581.981963	5.632271	0.082832	0.466531
	586.215447	5.752691	0.084219	0.484487
	590.446614	5.881878	0.085695	0.504046
	594.677949	6.012249	0.087275	0.524719
	598.910364	6.146178	0.088993	0.546966
	603.140335	6.284325	0.090840	0.570867
	607.373822	6.429222	0.092835	0.596859
	611.604427	6.575993	0.095007	0.624768
	615.836445	6.731812	0.097338	0.655264
	620.069698	6.890767	0.099889	0.688315
	624.302988	7.056732	0.102647	0.724355
	628.532418	7.351962	0.103845	0.763468
	632.528532	7.510590	0.107060	0.804085
	636.522599	7.670170	0.110545	0.847896
	640.518595	7.834899	0.114321	0.895694
	644.515389	8.003699	0.118379	0.947466
	648.510392	8.177429	0.122709	1.003440
	652.507821	8.137038	0.127293	1.035786
	656.507888	8.280900	0.132086	1.093794
	660.504777	8.492472	0.136997	1.163443
	664.500525	8.717217	0.141856	1.236590
	668.495291	8.950618	0.146454	1.310853
	672.494054	9.194197	0.150453	1.383295
	676.488042	9.447828	0.153516	1.450392
	680.487212	9.712955	0.155193	1.507384
	684.482901	9.991873	0.155124	1.549980
	688.478780	10.279823	0.153093	1.573774
	692.473743	10.578344	0.149046	1.576656
	696.467633	10.878943	0.143192	1.557775
	700.465693	11.180209	0.135912	1.519526
	704.460334	11.474457	0.127718	1.465492
	708.456974	11.762736	0.119086	1.400778
	712.455679	12.037068	0.110436	1.329330
	716.451777	12.302591	0.102070	1.255728
	720.446713	12.306600	0.096105	1.182721
	724.679816	12.452751	0.089006	1.108370
	728.910341	12.568606	0.082613	1.038325
	733.142775	12.716466	0.076892	0.977795
	737.375944	12.751123	0.071829	0.915898
	741.606636	12.831253	0.067376	0.864524
	745.838312	12.881430	0.063459	0.817442
	750.072511	12.898489	0.060035	0.774359
	754.303012	12.880404	0.057059	0.734941
	758.532794	12.829045	0.054465	0.698737
	762.762834	12.748056	0.052210	0.665582
	766.993324	12.634241	0.050266	0.635078
	771.227118	12.490910	0.048585	0.606872
	775.457265	12.324010	0.047136	0.580904
	779.688381	12.133029	0.045892	0.556814
	783.923316	11.923571	0.044822	0.534436
	788.153336	11.693932	0.043925	0.513656
	792.385744	11.453921	0.043160	0.494356
	796.617993	11.201617	0.042515	0.476240
	800.850302	10.948758	0.041963	0.459439
	805.083362	10.683741	0.041517	0.443561
	809.315360	10.417868	0.041148	0.428679
	813.546711	10.158445	0.040831	0.414783
	817.781800	9.893081	0.040593	0.401588
	822.012213	9.629240	0.040409	0.389113
	826.243217	9.370638	0.040274	0.377392
	830.475352	9.119749	0.040169	0.366333
	834.705925	8.875221	0.040089	0.355801
	838.940389	8.631357	0.040056	0.345739
	843.173778	8.399925	0.040032	0.336266
	847.404971	8.173011	0.040039	0.327243
	851.639332	7.950647	0.040074	0.318613
	855.869789	7.741598	0.040096	0.310409
	860.100768	7.529861	0.040173	0.302494
	864.332966	7.330234	0.040243	0.294988
	868.564192	7.130540	0.040358	0.287776
	872.800038	6.944230	0.040452	0.280907
	877.032894	6.764895	0.040553	0.274339
	881.265444	6.586633	0.040682	0.267955
	885.499283	6.418935	0.040791	0.261838
	889.731132	6.261480	0.040887	0.256015
	893.962791	6.104709	0.041014	0.250376
