	300.000000	3.002422	0.036060	0.108267
	302.539704	3.027546	0.036354	0.110062
	305.077365	3.053771	0.036666	0.111969
	307.618210	3.080580	0.036976	0.113907
	310.156365	3.108510	0.037301	0.115951
	312.696823	3.132504	0.037639	0.117905
	315.237861	3.162763	0.037990	0.120155
	317.776234	3.194585	0.038363	0.122553
	320.314548	3.230215	0.038737	0.125128
	322.855185	3.261254	0.039127	0.127602
	325.393332	3.292455	0.039537	0.130175
	327.932302	3.327446	0.039954	0.132946
	330.471056	3.362918	0.040392	0.135836
	333.009466	3.395648	0.040860	0.138747
	335.549840	3.432285	0.041352	0.141933
	338.108843	3.471538	0.041867	0.145342
	340.642531	3.510435	0.042404	0.148857
	343.181036	3.550915	0.042964	0.152562
	345.719901	3.590462	0.043551	0.156369
	348.260169	3.631988	0.044174	0.160438
	350.799265	3.674402	0.044840	0.164758
	353.339778	3.715189	0.045535	0.169171
	355.880124	3.766518	0.046266	0.174261
	358.418453	3.809036	0.047040	0.179176
	360.956730	3.857973	0.047865	0.184660
	363.496463	3.909490	0.048735	0.190528
	366.035666	3.962256	0.049666	0.196791
	368.575231	4.018875	0.050658	0.203589
	371.113224	4.070535	0.051717	0.210516
	373.651513	4.129114	0.052859	0.218259
	376.191289	4.189495	0.054084	0.226585
	378.730049	4.250379	0.055411	0.235517
	381.268268	4.313104	0.056841	0.245159
	383.807756	4.379241	0.058383	0.255672
	386.346169	4.448870	0.060053	0.267169
	388.887788	4.520344	0.061878	0.279711
	391.426187	4.591800	0.063878	0.293315
	393.964122	4.666308	0.066074	0.308322
	396.504866	4.744766	0.068484	0.324939
	399.043577	4.825102	0.071152	0.343316
	401.583468	4.909606	0.074122	0.363910
	404.123443	4.993594	0.077412	0.386565
	406.661714	5.084248	0.081095	0.412307
	409.201579	5.175373	0.085225	0.441072
	411.740846	5.273360	0.089864	0.473885
	414.278945	5.371062	0.095084	0.510703
	416.818236	5.468790	0.100936	0.552000
	419.356541	5.664706	0.105823	0.599456
	421.752185	5.781239	0.112871	0.652534
	424.150241	5.836739	0.120316	0.702253
	426.548299	5.934872	0.128196	0.760829
	428.945158	6.036577	0.136012	0.821045
	431.345012	6.143180	0.143044	0.878746
	433.741839	6.254491	0.148278	0.927406
	436.139760	6.371232	0.150584	0.959402
	438.536422	6.492825	0.149143	0.968361
	440.935260	6.621356	0.143838	0.952401
	443.332590	6.757411	0.135425	0.915122
	445.728345	6.899275	0.125085	0.862995
	448.127139	7.049341	0.114015	0.803732
	450.524782	7.207757	0.103116	0.743236
	452.921726	7.281868	0.094114	0.685324
	455.459764	7.421838	0.084729	0.628848
	458.000006	7.559875	0.076454	0.577982
	460.538931	7.698640	0.069213	0.532848
	463.078259	7.833680	0.062923	0.492917
	465.616519	7.965139	0.057462	0.457692
	468.157479	8.093687	0.052690	0.426455
	470.697412	8.213107	0.048552	0.398763
	473.236255	8.332664	0.044912	0.374240
	475.774863	8.439691	0.041737	0.352247
	478.314976	8.538109	0.038950	0.332562
	480.853206	8.626865	0.036493	0.314821
	483.394118	8.699153	0.034332	0.298662
	485.933335	8.761728	0.032426	0.284111
	488.473280	8.808497	0.030750	0.270859
	491.013652	8.835087	0.029273	0.258634
	493.553068	8.849295	0.027965	0.247473
	496.090726	8.848572	0.026813	0.237258
	498.631415	8.830127	0.025801	0.227825
	501.169204	8.788823	0.024919	0.219009
	503.710238	8.732003	0.024144	0.210822
	506.248754	8.659191	0.023471	0.203240
	508.788482	8.573040	0.022889	0.196231
	511.328808	8.473766	0.022383	0.189666
	513.866825	8.362506	0.021946	0.183524
	516.405338	8.239419	0.021575	0.177767
	518.943754	8.106906	0.021259	0.172346
	521.483009	7.963715	0.020990	0.167162
	524.022980	7.814334	0.020770	0.162300
	526.561277	7.664072	0.020591	0.157811
	529.099583	7.507185	0.020449	0.153513
	531.640201	7.349496	0.020340	0.149490
	534.179719	7.187923	0.020259	0.145619
	536.717647	7.030977	0.020197	0.142007
	539.258508	6.867556	0.020166	0.138491
	541.797758	6.712902	0.020144	0.135226
	544.337259	6.557752	0.020148	0.132123
	546.875207	6.401569	0.020163	0.129075
	549.413904	6.247720	0.020203	0.126220
	551.954725	6.102921	0.020242	0.123532
	554.492990	5.961317	0.020289	0.120947
	557.031149	5.816618	0.020355	0.118399
	559.570815	5.676735	0.020426	0.115955
	562.109767	5.546389	0.020504	0.113721
	564.649338	5.418978	0.020586	0.111557
	567.188913	5.292241	0.020671	0.109396
	569.728094	5.169770	0.020769	0.107369
	572.268638	5.051540	0.020865	0.105401
	574.806944	4.946225	0.020960	0.103672
	577.345825	4.838753	0.021067	0.101938
	579.886240	4.730172	0.021171	0.100141
	582.425313	4.637912	0.021280	0.098693
	584.963950	4.539379	0.021389	0.097092
	587.501817	4.446325	0.021509	0.095636
	590.043326	4.355272	0.021624	0.094179
	592.584187	4.267764	0.021741	0.092787
	595.123278	4.188717	0.021853	0.091537
