	300.000000	1.999980	0.060713	0.121424
	305.871893	2.053233	0.061339	0.125943
	310.948269	2.103834	0.062331	0.131134
	316.025730	2.161632	0.063043	0.136275
	321.106772	2.245372	0.063538	0.142666
	326.182563	2.346592	0.063909	0.149967
	331.260641	2.452323	0.064506	0.158189
	336.337731	2.568261	0.065443	0.168076
	341.416071	2.699227	0.066586	0.179731
	346.498232	2.832025	0.068187	0.193107
	351.575556	2.979593	0.070168	0.209073
	356.650570	3.158954	0.072356	0.228570
	361.733119	3.359250	0.075161	0.252483
	366.808006	3.574434	0.078891	0.281990
	371.885811	3.833654	0.083433	0.319852
	376.963966	4.105171	0.089723	0.368329
	382.040700	4.394853	0.097889	0.430209
	387.121536	4.720533	0.108592	0.512610
	392.196176	5.162724	0.120164	0.620373
	396.990166	5.529109	0.133465	0.737943
	401.785933	5.931794	0.140648	0.834293
	406.580359	6.354813	0.132473	0.841840
	411.375771	6.795741	0.110951	0.753993
	416.169840	8.079514	0.081492	0.658414
	420.965401	7.906655	0.072365	0.572163
	426.041206	8.130617	0.058670	0.477025
	431.116578	8.095488	0.049787	0.403049
	436.196455	7.926939	0.043827	0.347413
	441.275083	7.609908	0.039990	0.304323
	446.356765	7.191725	0.037599	0.270399
	451.432656	6.751358	0.036004	0.243074
	456.512774	6.276538	0.035129	0.220488
	461.594619	5.579308	0.034579	0.192927
	466.669623	5.100660	0.034452	0.175728
	471.748198	4.751279	0.034317	0.163051
	476.827281	4.418282	0.034405	0.152010
	481.903467	4.122177	0.034577	0.142532
	486.986268	3.869544	0.034736	0.134414
	492.067035	3.642826	0.034858	0.126983
	497.143673	3.446448	0.035034	0.120743
	502.222635	3.266775	0.035262	0.115192
	507.299787	3.105911	0.035496	0.110249
	512.375755	2.948461	0.035816	0.105601
	517.455068	2.827545	0.035967	0.101699
	522.530242	2.693951	0.036310	0.097817
	527.609945	2.581886	0.036529	0.094313
	532.688576	2.499847	0.036646	0.091609
	537.766678	2.412930	0.036864	0.088949
	542.847126	2.333146	0.036964	0.086242
	547.921443	2.256753	0.037149	0.083835
	552.999649	2.193003	0.037348	0.081905
	558.079770	2.137956	0.037533	0.080245
	563.156329	2.084662	0.037664	0.078518
	568.235328	2.032099	0.037765	0.076742
	573.313620	1.979248	0.037943	0.075099
	578.389647	1.932610	0.038144	0.073717
	583.473922	1.893294	0.038296	0.072506
	588.550954	1.857799	0.038440	0.071413
	593.630453	1.822236	0.038658	0.070444
	598.712674	1.784999	0.038791	0.069243
	603.789411	1.745678	0.038953	0.068000
	608.866865	1.723790	0.039063	0.067337
	613.942680	1.692144	0.039240	0.066400
	619.022738	1.664739	0.039415	0.065616
	624.103582	1.641116	0.039590	0.064972
	629.180446	1.620427	0.039681	0.064300
	634.259245	1.601793	0.039834	0.063805
	639.339257	1.580472	0.040018	0.063247
	644.413575	1.564030	0.040168	0.062824
	649.491852	1.539113	0.040275	0.061988
	654.568723	1.516481	0.040422	0.061298
	659.641821	1.494909	0.040594	0.060684
	664.725034	1.472225	0.040729	0.059962
	669.803604	1.459543	0.040886	0.059675
	674.879489	1.440523	0.041039	0.059117
	679.960128	1.438196	0.041153	0.059186
	685.036081	1.420744	0.041273	0.058638
	690.114046	1.409535	0.041454	0.058432
	695.195403	1.386964	0.041544	0.057621
	700.271942	1.385109	0.041674	0.057723
	705.353172	1.369716	0.041762	0.057202
	710.431005	1.363001	0.041881	0.057084
	715.507416	1.355033	0.041944	0.056835
	720.589195	1.346914	0.042036	0.056619
	725.665579	1.338614	0.042205	0.056496
	730.744836	1.335740	0.042330	0.056542
	735.823548	1.321779	0.042444	0.056102
	740.901099	1.315988	0.042579	0.056034
	745.979326	1.305032	0.042604	0.055600
	751.058690	1.302423	0.042731	0.055654
	756.135168	1.289475	0.042873	0.055283
	761.214214	1.286981	0.042646	0.054885
	766.291231	1.282621	0.042688	0.054753
	771.367716	1.308251	0.042723	0.055892
	776.446545	1.297709	0.042883	0.055649
	781.524463	1.291854	0.042936	0.055466
	786.606497	1.286632	0.043094	0.055446
	791.684968	1.280780	0.043190	0.055317
	796.766707	1.275436	0.043266	0.055184
	801.848249	1.269672	0.043346	0.055036
	806.923548	1.271268	0.043456	0.055245
	812.000436	1.265697	0.043568	0.055144
	817.080490	1.271479	0.043658	0.055510
	822.157930	1.269772	0.043754	0.055558
	827.236404	1.272694	0.043862	0.055823
	832.313909	1.267374	0.043968	0.055723
	837.393708	1.263357	0.044080	0.055689
	842.476627	1.255691	0.044130	0.055413
	847.556909	1.253142	0.044206	0.055397
	852.635701	1.243608	0.044317	0.055113
	857.716198	1.238168	0.044411	0.054988
	862.792478	1.238627	0.044480	0.055094
	867.873452	1.231593	0.044632	0.054968
	872.950510	1.229035	0.044799	0.055059
	878.029046	1.224180	0.044869	0.054928
	883.108890	1.216997	0.045034	0.054806
	888.186118	1.212479	0.045112	0.054698
	893.260670	1.212703	0.045251	0.054876
