	300.000000	5.980652	0.032760	0.195929
	302.538787	6.048011	0.033312	0.201474
	305.078101	6.117458	0.033894	0.207345
	307.617609	6.190192	0.034499	0.213558
	310.156092	6.262873	0.035139	0.220069
	312.696626	6.337383	0.035811	0.226949
	315.235949	6.412145	0.036521	0.234175
	317.775881	6.488118	0.037271	0.241819
	320.317360	6.566603	0.038060	0.249922
	322.856044	6.647800	0.038895	0.258564
	325.394232	6.731099	0.039780	0.267766
	327.933884	6.816873	0.040719	0.277575
	330.471492	6.902459	0.041720	0.287967
	333.011192	6.990975	0.042791	0.299153
	335.550869	7.082612	0.043936	0.311183
	338.089740	7.177309	0.045177	0.324249
	340.629825	7.272061	0.046514	0.338251
	343.169323	7.370379	0.047946	0.353383
	345.707170	7.471948	0.049501	0.369866
	348.247488	7.575461	0.051186	0.387756
	350.785538	7.683606	0.053028	0.407446
	353.326405	7.792262	0.055057	0.429019
	355.865144	7.904807	0.057274	0.452739
	358.404504	8.023515	0.059729	0.479239
	360.945444	8.143398	0.062445	0.508514
	363.483994	8.264453	0.065475	0.541113
	366.022832	8.389724	0.068852	0.577649
	368.562563	8.519872	0.072655	0.619015
	371.101836	8.652389	0.076952	0.665817
	373.641588	8.790212	0.081797	0.719014
	376.179369	8.931288	0.087292	0.779630
	378.718899	9.076834	0.093546	0.849105
	381.259028	9.228269	0.100578	0.928158
	383.797843	9.536138	0.106852	1.018954
	386.195082	9.403948	0.114987	1.081329
	388.594126	9.468433	0.123591	1.170217
	390.990617	9.670597	0.131682	1.273446
	393.388076	9.900770	0.138354	1.369810
	395.787528	10.160956	0.142226	1.445154
	398.183334	10.450048	0.142082	1.484769
	400.580210	10.754052	0.137557	1.479294
	402.978026	11.061311	0.129359	1.430879
	405.377104	11.349151	0.118937	1.349836
	407.772926	11.625881	0.107688	1.251973
	410.170229	11.892987	0.096625	1.149158
	412.567745	11.984398	0.087622	1.050103
	415.106084	12.115094	0.078269	0.948232
	417.645636	12.238865	0.070083	0.857731
	420.187416	12.516902	0.062956	0.788012
	422.726056	12.785641	0.056789	0.726080
	425.265693	13.056638	0.051428	0.671483
	427.804774	13.329076	0.046779	0.623527
	430.343006	13.605013	0.042712	0.581097
	432.882581	13.892905	0.039141	0.543786
	435.422823	14.185750	0.035985	0.510472
	437.962149	14.475122	0.033204	0.480627
	440.502668	14.775890	0.030731	0.454077
	443.040544	15.063262	0.028535	0.429825
	445.579728	15.361995	0.026561	0.408024
	448.119557	15.650972	0.024798	0.388108
	450.658065	15.927412	0.023228	0.369961
	453.197809	16.186049	0.021823	0.353234
	455.736759	16.431224	0.020563	0.337872
	458.276529	16.650345	0.019439	0.323670
	460.817780	16.844702	0.018430	0.310452
	463.356298	17.011502	0.017530	0.298207
	465.894557	17.147448	0.016731	0.286894
	468.434311	17.237225	0.016029	0.276292
	470.973202	17.291954	0.015404	0.266370
	473.511648	17.293576	0.014862	0.257014
	476.050686	17.243244	0.014396	0.248227
	478.589237	17.157956	0.013990	0.240034
	481.127672	17.026317	0.013643	0.232294
	483.667444	16.840274	0.013356	0.224916
	486.207053	16.614117	0.013117	0.217929
	488.748739	16.348651	0.012924	0.211292
	491.286999	16.054655	0.012772	0.205046
	493.825758	15.731905	0.012656	0.199109
	496.364040	15.381013	0.012577	0.193447
	498.902897	15.010827	0.012528	0.188055
	501.442255	14.628891	0.012502	0.182891
	503.980631	14.232283	0.012503	0.177940
	506.520606	13.826954	0.012527	0.173204
	509.061105	13.423897	0.012566	0.168682
	511.598798	13.014669	0.012628	0.164345
	514.137547	12.609977	0.012702	0.160172
	516.677659	12.213341	0.012788	0.156190
	519.215947	11.826007	0.012885	0.152374
	521.756133	11.451973	0.012988	0.148742
	524.294254	11.080890	0.013105	0.145210
	526.832263	10.718354	0.013228	0.141786
	529.371772	10.365381	0.013358	0.138461
	531.911047	10.026038	0.013491	0.135257
	534.449688	9.695477	0.013630	0.132151
	536.989697	9.375475	0.013774	0.129141
	539.529571	9.066260	0.013922	0.126223
	542.069060	8.767619	0.014074	0.123392
	544.607278	8.484189	0.014225	0.120687
	547.146079	8.208668	0.014379	0.118033
	549.685416	7.947447	0.014534	0.115504
	552.224022	7.693923	0.014690	0.113023
	554.761734	7.449978	0.014847	0.110611
	557.302835	7.216012	0.015005	0.108279
	559.841000	6.989007	0.015165	0.105990
	562.381465	6.773933	0.015321	0.103786
	564.920039	6.565661	0.015483	0.101655
	567.457978	6.364632	0.015641	0.099547
	569.999219	6.209238	0.015800	0.098105
	572.537783	6.027253	0.015957	0.096178
	575.075523	5.851812	0.016115	0.094301
	577.616111	5.682762	0.016273	0.092474
	580.155007	5.520559	0.016429	0.090696
	582.693910	5.364874	0.016581	0.088955
	585.231666	5.213364	0.016737	0.087258
	587.771112	5.069012	0.016891	0.085620
	590.312729	4.927933	0.017045	0.083996
	592.850462	4.792063	0.017199	0.082419
	595.392648	4.660656	0.017353	0.080876
