	1000.000000	8.262608	0.102842	0.849740
	1003.196820	8.395635	0.098745	0.829031
	1006.397898	8.318227	0.097256	0.808994
	1009.783971	8.409628	0.093723	0.788175
	1013.170005	8.505076	0.090312	0.768110
	1016.557926	8.599529	0.087020	0.748332
	1019.941918	8.694999	0.083873	0.729279
	1023.328384	8.795954	0.080817	0.710864
	1026.714540	8.892315	0.077947	0.693132
	1030.098248	8.992991	0.075170	0.676000
	1033.484038	9.093080	0.072519	0.659425
	1036.869947	9.196313	0.069977	0.643530
	1040.256551	9.296458	0.067567	0.628130
	1043.641965	9.400483	0.065240	0.613287
	1047.028623	9.509114	0.062998	0.599058
	1050.415274	9.615211	0.060876	0.585340
	1053.801974	9.718022	0.058868	0.572078
	1057.186302	9.826593	0.056929	0.559415
	1060.573192	9.931508	0.055097	0.547193
	1063.957219	10.037154	0.053342	0.535398
	1067.341972	10.141409	0.051669	0.524000
	1070.729896	10.248683	0.050067	0.513122
	1074.114539	10.352729	0.048552	0.502645
	1077.498862	10.455900	0.047100	0.492468
	1080.887116	10.560004	0.045703	0.482624
	1084.272218	10.661879	0.044379	0.473166
	1087.657608	10.759389	0.043128	0.464032
	1091.044976	10.854543	0.041941	0.455249
	1094.429579	10.944958	0.040813	0.446701
	1097.818314	11.033598	0.039737	0.438444
	1101.204742	11.116578	0.038722	0.430451
	1104.591448	11.197832	0.037753	0.422751
	1107.977888	11.279091	0.036828	0.415388
	1111.361978	11.354564	0.035949	0.408187
	1114.745954	11.427432	0.035114	0.401263
	1118.130289	11.491692	0.034326	0.394464
	1121.515910	11.554947	0.033578	0.387991
	1124.902029	11.611329	0.032873	0.381703
	1128.288126	11.657332	0.032215	0.375541
	1131.675026	11.697344	0.031594	0.369567
	1135.061973	11.735525	0.031004	0.363847
	1138.446373	11.761999	0.030455	0.358208
	1141.832642	11.783488	0.029936	0.352756
	1145.219897	11.796225	0.029455	0.347460
	1148.605556	11.799822	0.029008	0.342284
	1151.992950	11.797315	0.028591	0.337296
	1155.377168	11.784997	0.028213	0.332491
	1158.761912	11.760248	0.027863	0.327674
	1162.148351	11.736681	0.027529	0.323095
	1165.533933	11.705674	0.027221	0.318643
	1168.917862	11.662287	0.026952	0.314322
	1172.306210	11.614347	0.026697	0.310065
	1175.691430	11.552546	0.026479	0.305896
	1179.077648	11.482062	0.026280	0.301752
	1182.462003	11.405690	0.026101	0.297705
	1185.846712	11.322179	0.025955	0.293866
	1189.233545	11.240405	0.025817	0.290196
	1192.617963	11.144056	0.025709	0.286497
	1196.003112	11.036919	0.025623	0.282797
	1199.389032	10.933425	0.025550	0.279346
	1202.774715	10.827818	0.025496	0.276063
	1206.160694	10.711346	0.025451	0.272611
	1209.546107	10.592437	0.025425	0.269318
	1212.931128	10.473771	0.025422	0.266266
	1216.317282	10.339480	0.025442	0.263053
	1219.701568	10.202626	0.025477	0.259929
	1223.089163	10.066746	0.025520	0.256905
	1226.476554	9.932858	0.025562	0.253908
	1229.859896	9.809926	0.025611	0.251245
	1233.249974	9.667285	0.025690	0.248356
	1236.634123	9.532451	0.025773	0.245682
	1240.020168	9.390538	0.025873	0.242964
	1243.408397	9.249263	0.025979	0.240282
	1246.793267	9.109230	0.026096	0.237717
	1250.179152	8.972644	0.026213	0.235199
	1253.564277	8.834918	0.026346	0.232761
	1256.946984	8.704651	0.026476	0.230463
	1260.335033	8.564093	0.026637	0.228119
	1263.720563	8.430576	0.026782	0.225791
	1267.105675	8.290449	0.026952	0.223445
	1270.494181	8.153355	0.027119	0.221114
	1273.879915	8.011302	0.027299	0.218703
	1277.263927	7.881658	0.027486	0.216634
	1280.652875	7.745682	0.027676	0.214370
	1284.037096	7.617796	0.027865	0.212268
	1287.425640	7.492582	0.028055	0.210201
	1290.810608	7.377770	0.028249	0.208414
	1294.196151	7.258237	0.028438	0.206411
