	900.000000	5.840906	0.153165	0.894624
	905.583050	6.260507	0.157113	0.983606
	910.380135	5.988135	0.160757	0.962635
	915.174007	6.061375	0.163874	0.993300
	919.968438	6.149041	0.166141	1.021607
	924.762481	6.109991	0.168525	1.029685
	929.556225	6.197041	0.169819	1.052375
	934.353084	6.305204	0.170128	1.072693
	939.151106	6.411608	0.169489	1.086695
	943.946633	6.797433	0.158510	1.077462
	948.740755	7.044530	0.155050	1.092256
	953.536084	7.183500	0.150599	1.081829
	958.333405	7.313270	0.145454	1.063743
	963.126278	7.443026	0.139830	1.040755
	967.919340	7.572937	0.133821	1.013420
	972.714712	7.823829	0.127638	0.998615
	977.510987	7.960267	0.121307	0.965639
	982.303468	8.128360	0.115029	0.934995
	987.097967	8.107258	0.104626	0.848231
	991.896235	8.269400	0.098536	0.814830
	996.690223	8.174386	0.093740	0.766268
	1001.767595	8.252342	0.088285	0.728555
	1006.845283	8.346298	0.083880	0.700085
	1011.920438	8.468448	0.080205	0.679210
	1017.000283	8.583000	0.076788	0.659073
	1022.080759	8.714474	0.073561	0.641044
	1027.159517	8.837157	0.070416	0.622279
	1032.237156	8.960965	0.067469	0.604588
	1037.317759	9.094203	0.064645	0.587896
	1042.393816	9.258790	0.061981	0.573869
	1047.471717	9.547539	0.059280	0.565975
	1052.548602	10.203693	0.055340	0.564671
	1057.623344	10.360788	0.052775	0.546792
	1062.703852	10.509568	0.050400	0.529686
	1067.782475	10.655694	0.048194	0.513539
	1072.858973	10.800237	0.046137	0.498296
	1077.938858	10.939962	0.044218	0.483743
	1083.015873	11.073794	0.042443	0.470007
	1088.092368	11.186776	0.040840	0.456870
	1093.170273	11.279219	0.039391	0.444301
	1098.246247	11.381130	0.037992	0.432397
	1103.329761	11.491244	0.036660	0.421264
	1108.404114	11.579774	0.035457	0.410588
	1113.484128	11.654528	0.034350	0.400336
	1118.566572	11.716298	0.033332	0.390524
	1123.642908	11.773995	0.032383	0.381271
	1128.717477	11.794873	0.031570	0.372363
	1133.797440	11.817927	0.030787	0.363839
	1138.876453	11.805799	0.030113	0.355512
	1143.957242	11.779518	0.029503	0.347530
	1149.034166	11.727641	0.028988	0.339957
	1154.111080	11.682193	0.028484	0.332758
	1159.191434	11.619517	0.028041	0.325826
	1164.267222	11.535721	0.027669	0.319185
	1169.343264	11.440671	0.027336	0.312737
	1174.426396	11.330352	0.027055	0.306545
	1179.504265	11.217334	0.026803	0.300660
	1184.582062	11.072443	0.026636	0.294930
	1189.659727	10.907282	0.026526	0.289323
	1194.736343	10.754757	0.026411	0.284039
	1199.817334	10.587944	0.026340	0.278888
	1204.896369	10.403942	0.026323	0.273866
	1209.974227	10.227434	0.026302	0.269002
	1215.054341	10.023299	0.026364	0.264250
	1220.133237	9.800079	0.026450	0.259214
	1225.209527	9.587341	0.026544	0.254482
	1230.288328	9.386344	0.026638	0.250030
	1235.367228	9.178474	0.026755	0.245573
	1240.446679	8.982153	0.026868	0.241329
	1245.524251	8.795545	0.027003	0.237510
	1250.602843	8.598323	0.027158	0.233513
	1255.683340	8.427779	0.027242	0.229589
	1260.762713	8.274176	0.027294	0.225832
	1265.839130	8.087363	0.027496	0.222367
	1270.917539	7.947821	0.027577	0.219173
	1275.996630	7.765051	0.027839	0.216169
	1281.076188	7.581272	0.028105	0.213070
	1286.153256	7.398303	0.028389	0.210033
	1291.232347	7.245212	0.028676	0.207764
	1296.313259	7.095060	0.028966	0.205512
	1301.391312	6.939299	0.029247	0.202953
	1306.468419	6.781024	0.029547	0.200361
	1311.548359	6.614844	0.029863	0.197537
	1316.620691	6.458035	0.030169	0.194830
	1321.704113	6.303001	0.030495	0.192213
	1326.783086	6.151635	0.030817	0.189576
	1331.859150	6.007349	0.031133	0.187026
	1336.938170	5.870629	0.031478	0.184798
	1342.015776	5.728410	0.031819	0.182274
	1347.091925	5.588131	0.032178	0.179815
	1352.172276	5.462960	0.032527	0.177695
	1357.248746	5.335457	0.032884	0.175454
	1362.327717	5.209550	0.033234	0.173134
	1367.406352	5.084360	0.033614	0.170905
	1372.482489	4.972872	0.033977	0.168966
	1377.563340	4.851952	0.034360	0.166712
	1382.640171	4.744268	0.034713	0.164687
	1387.719553	4.633862	0.035088	0.162591
	1392.798679	4.530343	0.035448	0.160589
	1397.874265	4.425295	0.035833	0.158570
	1402.953348	4.329476	0.036219	0.156810
	1408.029379	4.237313	0.036605	0.155105
	1413.108228	4.144641	0.036993	0.153325
	1418.189105	4.048362	0.037387	0.151356
	1423.266322	3.954823	0.037787	0.149441
	1428.344071	3.868449	0.038171	0.147664
	1433.423421	3.778944	0.038564	0.145733
	1438.500246	3.693701	0.038957	0.143897
	1443.577030	3.614840	0.039341	0.142211
	1448.654922	3.539704	0.039734	0.140646
	1453.735708	3.455579	0.040134	0.138687
	1458.816258	3.390322	0.040533	0.137418
	1463.892292	3.319217	0.040928	0.135850
	1468.972243	3.251381	0.041336	0.134400
	1474.053085	3.175535	0.041742	0.132552
	1479.128949	3.118686	0.042158	0.131478
	1484.205736	3.034213	0.042577	0.129188
	1489.283197	2.969580	0.042978	0.127627
	1494.359596	2.902771	0.043386	0.125940
