	400.000000	1.038890	0.104914	0.108994
	404.209448	1.059041	0.103245	0.109340
	408.199100	0.840605	0.109071	0.091686
	412.193640	0.878255	0.108396	0.095199
	416.410457	0.884321	0.109416	0.096759
	420.627720	0.873682	0.111730	0.097617
	424.842751	0.900178	0.111605	0.100464
	429.057854	1.091814	0.107975	0.117888
	433.041095	1.211354	0.107161	0.129810
	437.039944	1.294623	0.106795	0.138259
	441.034731	1.358528	0.104878	0.142480
	445.029161	1.430627	0.103249	0.147711
	449.025366	1.476119	0.102914	0.151913
	453.021154	1.506699	0.103090	0.155325
	457.014520	1.546382	0.103078	0.159398
	461.062858	1.573590	0.103894	0.163486
	465.048361	1.599396	0.104658	0.167389
	469.043193	1.626432	0.105270	0.171214
	473.040752	1.654419	0.105658	0.174802
	477.034643	1.706203	0.106159	0.181128
	481.030310	1.739868	0.106670	0.185592
	485.025346	1.785310	0.107401	0.191743
	489.024988	1.798317	0.108547	0.195202
	493.021172	1.864529	0.109383	0.203948
	497.017884	1.920021	0.110173	0.211535
	501.016207	1.977343	0.110940	0.219366
	505.011889	2.057939	0.111627	0.229722
	509.007312	2.129431	0.112613	0.239801
	513.001854	2.198849	0.113899	0.250447
	516.999555	2.261781	0.115359	0.260916
	520.994792	2.343489	0.116743	0.273586
	524.988192	2.446247	0.118361	0.289540
	529.008825	2.576403	0.120113	0.309459
	532.999276	2.714667	0.122231	0.331815
	536.995078	2.875890	0.124697	0.358615
	540.993307	3.025470	0.127559	0.385925
	544.985852	3.201763	0.130721	0.418539
	548.980377	3.396790	0.134277	0.456112
	552.975303	3.610165	0.138256	0.499129
	556.973641	3.850436	0.142669	0.549338
	560.966638	4.111011	0.147286	0.605492
	564.962560	4.389673	0.151663	0.665750
	568.960495	4.682185	0.154935	0.725434
	572.955316	4.979400	0.155794	0.775759
	576.950284	5.270962	0.152907	0.805967
	580.947680	5.519836	0.145834	0.804977
	584.943295	5.713793	0.135625	0.774931
	588.936179	5.823611	0.124302	0.723886
	592.935896	5.825638	0.113699	0.662368
	596.933513	5.732743	0.104842	0.601030
	600.930287	5.551222	0.098159	0.544904
	604.924655	5.188578	0.095008	0.492956
	609.158117	4.872597	0.091442	0.445559
	613.390627	4.549369	0.089035	0.405055
	617.623289	4.240700	0.087363	0.370479
	621.855079	3.942603	0.086349	0.340441
	626.087296	3.669342	0.085747	0.314635
	630.318333	3.422233	0.085371	0.292161
	634.550511	3.208212	0.085096	0.273007
	638.781741	3.008616	0.085039	0.255850
	643.013494	2.837581	0.084963	0.241090
	647.245871	2.683973	0.084928	0.227945
	651.477883	2.538420	0.085038	0.215862
	655.711480	2.414716	0.085076	0.205435
	659.942164	2.293072	0.085271	0.195532
	664.170830	2.196409	0.085215	0.187168
	668.407868	2.104948	0.085202	0.179346
	672.638303	2.015632	0.085409	0.172153
	676.870520	1.937626	0.085397	0.165467
	681.102196	1.859556	0.085615	0.159207
	685.332859	1.795461	0.085730	0.153926
	689.567262	1.733447	0.085860	0.148833
	693.798801	1.682337	0.085984	0.144654
	698.032793	1.629360	0.086059	0.140220
	702.267444	1.587538	0.086114	0.136709
	706.499641	1.545845	0.086291	0.133392
	710.730184	1.505937	0.086393	0.130102
	714.962542	1.467414	0.086511	0.126948
	719.193276	1.440349	0.086580	0.124705
	723.429165	1.407050	0.086728	0.122030
	727.660966	1.383633	0.086729	0.120001
	731.892830	1.357284	0.086824	0.117845
	736.127727	1.331679	0.086912	0.115738
	740.360105	1.309983	0.086968	0.113927
	744.590728	1.281900	0.087059	0.111601
	748.821256	1.265936	0.087049	0.110198
	753.055377	1.244679	0.087065	0.108367
	757.288857	1.230305	0.087077	0.107131
	761.518396	1.209908	0.087037	0.105307
	765.751754	1.198924	0.087007	0.104315
	769.985864	1.180658	0.086987	0.102701
	774.216017	1.170812	0.087046	0.101915
	778.447831	1.156145	0.087092	0.100691
	782.678447	1.141191	0.087118	0.099419
	786.907986	1.132774	0.087088	0.098650
	791.141421	1.123036	0.087078	0.097792
	795.371796	1.111656	0.087116	0.096843
	799.605310	1.098971	0.087171	0.095798
	803.838224	1.089948	0.087219	0.095065
	808.070221	1.080071	0.087300	0.094290
	812.300289	1.071786	0.087371	0.093643
	816.532811	1.062079	0.087347	0.092770
	820.763797	1.054196	0.087434	0.092173
	824.999938	1.047872	0.087432	0.091618
	829.232818	1.042937	0.087466	0.091221
	833.465041	1.033859	0.087545	0.090510
	837.698269	1.033051	0.087515	0.090408
	841.929408	1.026845	0.087474	0.089822
	846.159892	1.018612	0.087547	0.089177
	850.394707	1.014960	0.087568	0.088878
	854.625238	1.007797	0.087596	0.088279
	858.858784	1.001912	0.087638	0.087806
	863.088982	0.998571	0.087665	0.087540
	867.321430	0.995644	0.087723	0.087341
	871.555349	0.992380	0.087773	0.087104
	875.785446	0.986707	0.087829	0.086662
	880.017251	0.980748	0.087905	0.086212
	884.247483	0.972341	0.087923	0.085491
	888.479780	0.967507	0.087971	0.085113
	892.714072	0.966681	0.088014	0.085081
