300.0	0.0518
300.125	0.0518
300.25	0.0526
300.375	0.0534
300.5	0.0542
300.625	0.055
300.75	0.0542
300.875	0.055
301.0	0.0558
301.125	0.0566
301.25	0.0566
301.375	0.0275
301.5	0.0243
301.625	0.0566
301.75	0.0566
301.875	0.0566
302.0	0.0558
302.125	0.0526
302.25	0.0511
302.375	0.0495
302.5	0.0526
302.625	0.0542
302.75	0.0566
302.875	0.055
303.0	0.0566
303.125	0.0581
303.25	0.0573
303.375	0.0613
303.5	0.0581
303.625	0.0581
303.75	0.0628
303.875	0.0644
304.0	0.0644
304.125	0.0668
304.25	0.0699
304.375	0.0699
304.5	0.0707
304.625	0.0707
304.75	0.0723
304.875	0.0723
305.0	0.0754
305.125	0.077
305.25	0.0794
305.375	0.0801
305.5	0.0849
305.625	0.0888
305.75	0.0896
305.875	0.0904
306.0	0.0919
306.125	0.0951
306.25	0.0943
306.375	0.0966
306.5	0.0982
306.625	0.099
306.75	0.0982
306.875	0.1037
307.0	0.1053
307.125	0.1037
307.25	0.1022
307.375	0.1029
307.5	0.0998
307.625	0.1006
307.75	0.1014
307.875	0.1037
308.0	0.1037
308.125	0.1053
308.25	0.1077
308.375	0.1084
308.5	0.1124
308.625	0.1147
308.75	0.1171
308.875	0.1226
309.0	0.1257
309.125	0.125
309.25	0.1257
309.375	0.1242
309.5	0.1312
309.625	0.1328
309.75	0.1367
309.875	0.1367
310.0	0.1344
310.125	0.1344
310.25	0.132
310.375	0.1312
310.5	0.1336
310.625	0.132
310.75	0.132
310.875	0.1297
311.0	0.1367
311.125	0.132
311.25	0.1344
311.375	0.1375
311.5	0.1399
311.625	0.1462
311.75	0.1446
311.875	0.1462
312.0	0.1525
312.125	0.1501
312.25	0.0188
312.375	0.0911
312.5	0.1588
312.625	0.1588
312.75	0.1603
312.875	0.158
313.0	0.1603
313.125	0.1603
313.25	0.1619
313.375	0.1619
313.5	0.1643
313.625	0.1666
313.75	0.1713
313.875	0.1768
314.0	0.1784
314.125	0.1776
314.25	0.1808
314.375	0.1855
314.5	0.1902
314.625	0.1902
314.75	0.1933
314.875	0.1933
315.0	0.191
315.125	0.1894
315.25	0.1878
315.375	0.1871
315.5	0.1855
315.625	0.1886
315.75	0.1886
315.875	0.1863
316.0	0.1847
316.125	0.1808
316.25	0.1816
316.375	0.1792
316.5	0.1816
316.625	0.1871
316.75	0.1878
316.875	0.1918
317.0	0.1941
317.125	0.1965
317.25	0.1981
317.375	0.1981
317.5	0.2012
317.625	0.2083
317.75	0.2106
317.875	0.2146
318.0	0.2177
318.125	0.2224
318.25	0.2193
318.375	0.2224
318.5	0.2264
318.625	0.2287
318.75	0.2327
318.875	0.2382
319.0	0.2429
319.125	0.2452
319.25	0.25
319.375	0.25
319.5	0.2531
319.625	0.2547
319.75	0.2547
319.875	0.2562
320.0	0.2586
320.125	0.257
320.25	0.2594
320.375	0.2633
320.5	0.2594
320.625	0.2578
320.75	0.2562
320.875	0.257
321.0	0.2617
321.125	0.2625
321.25	0.2672
321.375	0.2727
321.5	0.2735
321.625	0.2775
321.75	0.2814
321.875	0.2853
322.0	0.2908
322.125	0.2932
322.25	0.2955
322.375	0.2971
322.5	0.2995
322.625	0.3018
322.75	0.2971
322.875	0.2955
323.0	0.29
323.125	0.2838
323.25	0.2806
323.375	0.2751
323.5	0.2712
323.625	0.2727
323.75	0.2696
323.875	0.2672
324.0	0.2712
324.125	0.2743
324.25	0.2783
324.375	0.283
324.5	0.2885
324.625	0.2948
324.75	0.2987
324.875	0.3058
325.0	0.3073
325.125	0.316
325.25	0.3207
325.375	0.3191
325.5	0.3223
325.625	0.3231
325.75	0.327
325.875	0.3278
326.0	0.3294
326.125	0.3309
326.25	0.3317
326.375	0.3349
326.5	0.3317
326.625	0.3325
326.75	0.3356
326.875	0.3349
327.0	0.3396
327.125	0.3396
327.25	0.3443
327.375	0.3451
327.5	0.3443
327.625	0.3427
327.75	0.3427
327.875	0.349
328.0	0.349
328.125	0.349
328.25	0.3482
328.375	0.349
328.5	0.3514
328.625	0.3529
328.75	0.3553
328.875	0.3608
329.0	0.3679
329.125	0.375
329.25	0.3812
329.375	0.3883
329.5	0.393
329.625	0.4001
329.75	0.4103
329.875	0.4143
330.0	0.4198
330.125	0.4253
330.25	0.4276
330.375	0.4339
330.5	0.4339
330.625	0.4363
330.75	0.4386
330.875	0.4363
331.0	0.4347
331.125	0.4323
331.25	0.4261
331.375	0.4221
331.5	0.4174
331.625	0.415
331.75	0.4135
331.875	0.4158
332.0	0.4221
332.125	0.4284
332.25	0.4308
332.375	0.4323
332.5	0.4433
332.625	0.4465
332.75	0.452
332.875	0.4599
333.0	0.4724
333.125	0.485
333.25	0.4944
333.375	0.5055
333.5	0.5125
333.625	0.518
333.75	0.5212
333.875	0.5275
334.0	0.533
334.125	0.5377
334.25	0.5369
334.375	0.5377
334.5	0.5361
334.625	0.5345
334.75	0.5338
334.875	0.5345
335.0	0.5353
335.125	0.5353
335.25	0.529
335.375	0.5251
335.5	0.5149
335.625	0.507
335.75	0.5023
335.875	0.4937
336.0	0.4827
336.125	0.4811
336.25	0.4819
336.375	0.4772
336.5	0.4701
336.625	0.4638
336.75	0.4575
336.875	0.4481
337.0	0.4402
337.125	0.43
337.25	0.4261
337.375	0.4213
337.5	0.415
337.625	0.4237
337.75	0.4229
337.875	0.4221
338.0	0.4276
338.125	0.4308
338.25	0.4426
338.375	0.4528
338.5	0.4716
338.625	0.4882
338.75	0.5157
338.875	0.5408
339.0	0.5597
339.125	0.5738
339.25	0.5864
339.375	0.599
339.5	0.5974
339.625	0.599
339.75	0.5974
339.875	0.5904
340.0	0.5691
340.125	0.5628
340.25	0.5589
340.375	0.5542
340.5	0.5487
340.625	0.5369
340.75	0.5306
340.875	0.5243
341.0	0.5283
341.125	0.5306
341.25	0.5408
341.375	0.5479
341.5	0.566
341.625	0.5904
341.75	0.5966
341.875	0.5974
342.0	0.599
342.125	0.6014
342.25	0.5959
342.375	0.6092
342.5	0.6155
342.625	0.632
342.75	0.654
342.875	0.6588
343.0	0.6643
343.125	0.6595
343.25	0.6517
343.375	0.6525
343.5	0.6493
343.625	0.6493
343.75	0.6501
343.875	0.6391
344.0	0.6588
344.125	0.6816
344.25	0.6682
344.375	0.7044
344.5	0.713
344.625	0.68
344.75	0.6588
344.875	0.6548
345.0	0.6643
345.125	0.7531
345.25	0.7893
345.375	0.805
345.5	0.5628
345.625	0.75
345.75	0.8238
345.875	0.8364
346.0	0.827
346.125	0.8317
346.25	0.8246
346.375	0.8317
346.5	0.8349
346.625	0.8349
346.75	0.8176
346.875	0.8121
347.0	0.7971
347.125	0.8003
347.25	0.7893
347.375	0.7916
347.5	0.7885
347.625	0.7932
347.75	0.7924
347.875	0.7955
348.0	0.7971
348.125	0.7146
348.25	0.6202
348.375	0.7232
348.5	0.8073
348.625	0.8317
348.75	0.8294
348.875	0.816
349.0	0.7232
349.125	0.0227
349.25	0.4952
349.375	0.8773
349.5	0.8765
349.625	0.8687
349.75	0.8592
349.875	0.8529
350.0	0.8671
350.125	0.8781
350.25	0.8789
350.375	0.8773
350.5	0.8726
350.625	0.8647
350.75	0.8545
350.875	0.8498
351.0	0.8372
351.125	0.8522
351.25	0.8584
351.375	0.8655
351.5	0.86
351.625	0.8632
351.75	0.8498
351.875	0.8215
352.0	0.8034
352.125	0.7751
352.25	0.768
352.375	0.7507
352.5	0.7547
352.625	0.7468
352.75	0.7531
352.875	0.7586
353.0	0.7555
353.125	0.7444
353.25	0.7358
353.375	0.7216
353.5	0.7044
353.625	0.6926
353.75	0.6941
353.875	0.7012
354.0	0.7154
354.125	0.7366
354.25	0.7665
354.375	0.7806
354.5	0.7885
354.625	0.7916
354.75	0.7916
354.875	0.8011
355.0	0.8081
355.125	0.8325
355.25	0.8522
355.375	0.8639
355.5	0.8797
355.625	0.8946
355.75	0.8875
355.875	0.897
356.0	0.8844
356.125	0.8962
356.25	0.9072
356.375	0.9355
356.5	0.9583
356.625	0.9677
356.75	0.9944
356.875	1.0212
357.0	1.0503
357.125	1.0644
357.25	1.0856
357.375	1.1022
357.5	1.1084
357.625	1.1069
357.75	1.1045
357.875	1.1108
358.0	1.0888
358.125	1.0676
358.25	1.0432
358.375	1.0267
358.5	1.0047
358.625	0.9693
358.75	0.9544
358.875	0.9465
359.0	0.9253
359.125	0.9339
359.25	0.9441
359.375	0.9512
359.5	0.9575
359.625	0.9638
359.75	0.9685
359.875	0.9882
360.0	0.9764
360.125	0.9198
360.25	0.9512
360.375	0.9905
360.5	0.8757
360.625	0.9064
360.75	0.9394
360.875	0.9496
361.0	0.9292
361.125	0.9064
361.25	0.871
361.375	0.8183
361.5	0.8003
361.625	0.0235
361.75	0.0235
361.875	0.7232
362.0	0.7004
362.125	0.6855
362.25	0.6658
362.375	0.6493
362.5	0.6367
362.625	0.6305
362.75	0.6289
362.875	0.6344
363.0	0.6454
363.125	0.6776
363.25	0.7044
363.375	0.7468
363.5	0.7704
363.625	0.794
363.75	0.8066
363.875	0.8529
364.0	0.8828
364.125	0.9182
364.25	0.919
364.375	0.9378
364.5	0.941
364.625	0.9496
364.75	0.9551
364.875	0.9418
365.0	0.9402
365.125	0.9355
365.25	0.9426
365.375	0.908
365.5	0.9095
365.625	0.9213
365.75	0.9402
365.875	0.9591
366.0	0.9661
366.125	0.9779
366.25	0.9897
366.375	0.9622
366.5	0.9205
366.625	0.952
366.75	0.8702
366.875	0.8875
367.0	0.908
367.125	0.9213
367.25	0.9064
367.375	0.9025
367.5	0.8962
367.625	0.9237
367.75	0.9433
367.875	0.9677
368.0	0.9882
368.125	1.0055
368.25	1.0267
368.375	1.0511
368.5	1.0786
368.625	1.1022
368.75	1.1147
368.875	1.1265
369.0	1.1391
369.125	1.1737
369.25	1.2059
369.375	1.235
369.5	1.2555
369.625	1.2822
369.75	1.3073
369.875	1.3238
370.0	1.3278
370.125	1.3411
370.25	1.3553
370.375	1.3655
370.5	1.3702
370.625	1.3789
370.75	1.3773
370.875	1.3584
371.0	1.3419
371.125	1.3223
371.25	1.3026
371.375	1.2586
371.5	1.1957
371.625	1.1202
371.75	1.0432
371.875	0.9567
372.0	0.8828
372.125	0.827
372.25	0.7767
372.375	0.7437
372.5	0.7185
372.625	0.702
372.75	0.7004
372.875	0.6996
373.0	0.7138
373.125	0.7334
373.25	0.7916
373.375	0.8545
373.5	0.9363
373.625	0.9984
373.75	1.0801
373.875	1.1603
374.0	1.2287
374.125	1.2743
374.25	1.3136
374.375	1.3608
374.5	1.3781
374.625	1.3828
374.75	1.3875
374.875	1.3687
375.0	1.3294
375.125	1.2696
375.25	1.2028
375.375	1.1305
375.5	1.0691
375.625	1.0133
375.75	0.9599
375.875	0.9127
376.0	0.8915
376.125	0.8773
376.25	0.8812
376.375	0.904
376.5	0.9386
376.625	0.9968
376.75	1.0605
376.875	1.1415
377.0	1.2319
377.125	1.3168
377.25	1.4017
377.375	1.4968
377.5	1.5809
377.625	1.6312
377.75	1.6878
377.875	1.6996
378.0	1.6792
378.125	1.6855
378.25	1.7099
378.375	1.7515
378.5	1.7932
378.625	1.8805
378.75	1.8561
378.875	1.904
379.0	1.9213
379.125	1.9473
379.25	1.9599
379.375	1.9512
379.5	1.9402
379.625	1.9559
379.75	1.9756
379.875	1.9567
380.0	1.9583
380.125	2.0125
380.25	2.0172
380.375	2.0589
380.5	2.0644
380.625	2.0605
380.75	2.0723
380.875	2.125
381.0	2.1462
381.125	2.1674
381.25	2.1808
381.375	2.1933
381.5	2.1808
381.625	2.1808
381.75	2.1768
381.875	2.1753
382.0	2.1753
382.125	2.1422
382.25	2.0778
382.375	2.0943
382.5	2.1218
382.625	2.1367
382.75	2.1344
382.875	2.1305
383.0	2.1147
383.125	2.0935
383.25	2.0998
383.375	2.0896
383.5	2.0864
383.625	2.125
383.75	2.0786
383.875	2.0243
384.0	2.0393
384.125	2.0471
384.25	2.0235
384.375	2.0227
384.5	2.0078
384.625	2.011
384.75	2.0235
384.875	2.0125
385.0	2.033
385.125	2.0369
385.25	1.9944
385.375	1.9874
385.5	1.9921
385.625	1.9858
385.75	1.9724
385.875	1.9654
386.0	1.9614
386.125	1.9677
386.25	1.9528
386.375	1.9905
386.5	2.0196
386.625	2.0487
386.75	2.0676
386.875	2.0856
387.0	2.0974
387.125	2.1187
387.25	2.1383
387.375	2.1627
387.5	2.1941
387.625	2.2177
387.75	2.2185
387.875	2.268
388.0	2.2696
388.125	2.2586
388.25	2.2484
388.375	2.2555
388.5	2.2114
388.625	2.1635
388.75	2.1336
388.875	2.1014
389.0	2.0723
389.125	2.0393
389.25	2.0267
389.375	2.0338
389.5	2.0141
389.625	2.0196
389.75	2.0345
389.875	2.0605
390.0	2.0959
390.125	2.1446
390.25	2.1949
390.375	2.2507
390.5	2.2979
390.625	2.3294
390.75	2.3584
390.875	2.3844
391.0	2.4135
391.125	2.4386
391.25	2.4433
391.375	2.4512
391.5	2.43
391.625	2.4229
391.75	2.3694
391.875	2.3875
392.0	2.3781
392.125	2.3694
392.25	2.3742
392.375	2.4009
392.5	2.3922
392.625	2.3773
392.75	2.3954
392.875	2.3883
393.0	2.3891
393.125	2.4064
393.25	2.4103
393.375	2.415
393.5	2.4347
393.625	2.4441
393.75	2.4072
393.875	2.3954
394.0	2.3451
394.125	2.3364
394.25	2.2963
394.375	2.36
394.5	2.3938
394.625	2.4009
394.75	2.452
394.875	2.4827
395.0	2.4614
395.125	2.4363
395.25	2.3985
395.375	2.4135
395.5	2.408
395.625	2.3466
395.75	2.3254
395.875	2.3073
396.0	2.1454
396.125	2.1603
396.25	2.2893
396.375	2.3199
396.5	2.3388
396.625	2.3333
396.75	2.3278
396.875	2.338
397.0	2.338
397.125	2.3215
397.25	2.3356
397.375	2.3396
397.5	2.3466
397.625	2.36
397.75	2.3734
397.875	2.3789
398.0	2.393
398.125	2.4009
398.25	2.3867
398.375	2.3663
398.5	2.3498
398.625	2.3616
398.75	2.3687
398.875	2.3718
399.0	2.375
399.125	2.397
399.25	2.419
399.375	2.4127
399.5	2.4127
399.625	2.4371
399.75	2.4496
399.875	2.4764
400.0	2.518
400.125	2.5141
400.25	2.5511
400.375	2.5856
400.5	2.5841
400.625	2.5943
400.75	2.5817
400.875	2.5463
401.0	2.5416
401.125	2.4992
401.25	2.4716
401.375	2.4457
401.5	2.4316
401.625	2.4323
401.75	2.4473
401.875	2.4213
402.0	2.4127
402.125	2.404
402.25	2.3805
402.375	2.3765
402.5	2.3757
402.625	2.4103
402.75	2.4205
402.875	2.4512
403.0	2.4834
403.125	2.5007
403.25	2.4976
403.375	2.485
403.5	2.4701
403.625	2.4575
403.75	2.4834
403.875	2.4787
404.0	2.4583
404.125	2.4677
404.25	2.4488
404.375	2.4441
404.5	2.4378
404.625	2.4355
404.75	2.415
404.875	2.4166
405.0	2.4213
405.125	2.4449
405.25	2.4426
405.375	2.4371
405.5	2.4221
405.625	2.4064
405.75	2.3844
405.875	2.3899
406.0	2.3757
406.125	2.3624
406.25	2.3655
406.375	2.3797
406.5	2.3844
406.625	2.3663
406.75	2.3608
406.875	2.3411
407.0	2.3325
407.125	2.3278
407.25	2.327
407.375	2.3105
407.5	2.3152
407.625	2.3231
407.75	2.3325
407.875	2.3231
408.0	2.2979
408.125	2.2759
408.25	2.2405
408.375	2.1745
408.5	2.1297
408.625	2.0738
408.75	2.0227
408.875	1.9685
409.0	1.9213
409.125	1.8765
409.25	1.8246
409.375	1.7704
409.5	1.7327
409.625	1.6265
409.75	1.6375
409.875	1.6674
410.0	1.6957
410.125	1.7704
410.25	1.8529
410.375	1.9229
410.5	1.9944
410.625	2.0275
410.75	2.0691
410.875	2.1077
411.0	2.1611
411.125	2.1627
411.25	2.1886
411.375	2.2798
411.5	2.3026
411.625	2.3765
411.75	2.4261
411.875	2.5102
412.0	2.474
412.125	2.4268
412.25	2.3836
412.375	2.3419
412.5	2.3341
412.625	2.3121
412.75	2.2995
412.875	2.3011
413.0	2.3042
413.125	2.2908
413.25	2.2822
413.375	2.2649
413.5	2.2539
413.625	2.268
413.75	2.2893
413.875	2.3121
414.0	2.3341
414.125	2.3419
414.25	2.3907
414.375	2.4709
414.5	2.5369
414.625	2.5566
414.75	2.5817
414.875	2.5849
415.0	2.6061
415.125	2.6265
415.25	2.6595
415.375	2.6768
415.5	2.6863
415.625	2.6839
415.75	2.6855
415.875	2.6745
416.0	2.6792
416.125	2.6761
416.25	2.1831
416.375	2.136
416.5	2.3168
416.625	2.3238
416.75	2.3451
416.875	2.3176
417.0	2.3042
417.125	2.2704
417.25	2.2908
417.375	2.2712
417.5	2.2838
417.625	2.3018
417.75	2.2869
417.875	2.283
418.0	2.3073
418.125	2.3246
418.25	2.3553
418.375	2.4001
418.5	2.4056
418.625	2.4457
418.75	2.4449
418.875	2.4709
419.0	2.4827
419.125	2.4787
419.25	2.4827
419.375	2.5015
419.5	2.5227
419.625	2.5251
419.75	2.5298
419.875	2.5597
420.0	2.5644
420.125	2.5856
420.25	2.6226
420.375	2.6399
420.5	2.6949
420.625	2.6847
420.75	2.7114
420.875	2.7272
421.0	2.7358
421.125	2.7468
421.25	2.779
421.375	2.7798
421.5	2.7578
421.625	2.7555
421.75	2.7303
421.875	2.7586
422.0	2.7492
422.125	2.7366
422.25	2.7295
422.375	2.7366
422.5	2.7413
422.625	2.7822
422.75	2.8003
422.875	2.8356
423.0	2.8411
423.125	2.8592
423.25	1.3317
423.375	1.5094
423.5	1.9748
423.625	2.0566
423.75	2.2602
423.875	2.2688
424.0	2.2421
424.125	2.2625
424.25	2.3089
424.375	2.4371
424.5	2.7382
424.625	2.6745
424.75	2.6477
424.875	2.6713
425.0	2.6988
425.125	2.7091
425.25	2.6926
425.375	2.6949
425.5	2.7146
425.625	2.75
425.75	2.8356
425.875	2.8757
426.0	2.9213
426.125	2.9433
426.25	2.974
426.375	2.9622
426.5	2.9488
426.625	2.9536
426.75	2.9756
426.875	2.9913
427.0	3.0015
427.125	3.0086
427.25	2.9795
427.375	2.9905
427.5	2.9669
427.625	2.9882
427.75	2.9567
427.875	2.9897
428.0	2.9709
428.125	2.9811
428.25	2.996
428.375	3.018
428.5	3.044
428.625	3.0471
428.75	3.0825
428.875	3.1029
429.0	3.1084
429.125	3.1218
429.25	3.1147
429.375	3.1273
429.5	3.1572
429.625	3.1682
429.75	3.1698
429.875	3.1674
430.0	3.169
430.125	3.1643
430.25	3.158
430.375	3.1454
430.5	3.1336
430.625	3.0809
430.75	3.0683
430.875	3.0503
431.0	3.0408
431.125	3.0157
431.25	2.963
431.375	2.9512
431.5	2.8977
431.625	2.9001
431.75	2.8742
431.875	2.8655
432.0	2.8404
432.125	2.827
432.25	2.8506
432.375	2.8435
432.5	2.8553
432.625	2.8655
432.75	2.8757
432.875	2.9119
433.0	2.8883
433.125	2.8977
433.25	2.9017
433.375	2.9017
433.5	2.9033
433.625	2.9213
433.75	2.8922
433.875	2.9033
434.0	2.9009
434.125	2.8844
434.25	2.9025
434.375	2.9174
434.5	2.9261
434.625	2.9064
434.75	2.908
434.875	2.9331
435.0	2.9237
435.125	2.9308
435.25	2.9363
435.375	2.952
435.5	2.9748
435.625	2.9764
435.75	2.9913
435.875	2.9842
436.0	2.9709
436.125	2.9528
436.25	2.9363
436.375	2.9418
436.5	2.9473
436.625	2.9174
436.75	2.9001
436.875	2.893
437.0	2.8671
437.125	2.8577
437.25	2.8356
437.375	2.8584
437.5	2.8183
437.625	2.8089
437.75	2.7995
437.875	2.7948
438.0	2.7814
438.125	2.7783
438.25	2.8026
438.375	2.8223
438.5	2.8176
438.625	2.8168
438.75	2.8238
438.875	2.8325
439.0	2.7995
439.125	2.8018
439.25	2.7712
439.375	2.7617
439.5	2.75
439.625	2.761
439.75	2.768
439.875	2.75
440.0	2.7727
440.125	2.7665
440.25	2.7374
440.375	1.8639
440.5	2.0794
440.625	2.1721
440.75	2.4386
440.875	2.7507
441.0	2.7885
441.125	2.8144
441.25	2.8545
441.375	2.8545
441.5	2.7995
441.625	2.8482
441.75	2.8789
441.875	2.8734
442.0	2.4253
442.125	2.3828
442.25	2.5699
442.375	2.6564
442.5	2.691
442.625	2.669
442.75	2.6658
442.875	2.6721
443.0	2.6635
443.125	2.6611
443.25	2.6643
443.375	2.6682
443.5	2.658
443.625	2.6784
443.75	2.6973
443.875	2.6839
444.0	2.6933
444.125	2.6996
444.25	2.7216
444.375	2.735
444.5	2.7374
444.625	2.7476
444.75	2.7272
444.875	2.7295
445.0	2.7114
445.125	2.6776
445.25	2.6784
445.375	2.6965
445.5	2.669
445.625	2.6847
445.75	2.6792
445.875	2.6572
446.0	2.6462
446.125	2.6375
446.25	2.6163
446.375	2.6226
446.5	2.6415
446.625	2.6525
446.75	2.6729
446.875	2.6855
447.0	2.7044
447.125	2.7004
447.25	2.6847
447.375	2.6713
447.5	2.6674
447.625	2.691
447.75	2.6863
447.875	2.6988
448.0	2.6965
448.125	2.6792
448.25	2.6588
448.375	2.6525
448.5	2.6454
448.625	2.6391
448.75	2.6092
448.875	2.6124
449.0	2.6124
449.125	2.5809
449.25	2.5738
449.375	2.566
449.5	2.5652
449.625	2.5676
449.75	2.5518
449.875	2.5589
450.0	2.5786
450.125	2.6061
450.25	2.632
450.375	2.6415
450.5	2.6705
450.625	2.6878
450.75	2.7028
450.875	2.7036
451.0	2.7083
451.125	2.7036
451.25	2.6816
451.375	2.6855
451.5	2.6698
451.625	2.6721
451.75	2.6517
451.875	2.6493
452.0	2.6281
452.125	2.6242
452.25	2.6312
452.375	2.6147
452.5	2.6108
452.625	2.6391
452.75	2.6305
452.875	2.6328
453.0	2.6454
453.125	2.6525
453.25	2.6548
453.375	2.6572
453.5	2.6501
453.625	2.6422
453.75	2.6509
453.875	2.6383
454.0	2.6391
454.125	2.6446
454.25	2.6344
454.375	2.6108
454.5	2.6069
454.625	2.6045
454.75	2.5762
454.875	2.5778
455.0	2.5597
455.125	2.5621
455.25	2.5566
455.375	2.5526
455.5	2.5581
455.625	2.577
455.75	2.5566
455.875	2.5762
456.0	2.5872
456.125	2.5778
456.25	2.5998
456.375	2.6305
456.5	2.6202
456.625	2.6257
456.75	2.6297
456.875	2.6163
457.0	2.6202
457.125	2.6234
457.25	2.6415
457.375	2.6202
457.5	2.6014
457.625	2.61
457.75	2.6084
457.875	2.6273
458.0	2.6069
458.125	2.6281
458.25	2.6352
458.375	2.6218
458.5	2.6202
458.625	2.6289
458.75	2.6155
458.875	2.6092
459.0	2.6084
459.125	2.6037
459.25	2.5896
459.375	2.599
459.5	2.5959
459.625	2.5896
459.75	2.5613
459.875	2.5935
460.0	2.6108
460.125	2.599
460.25	2.5951
460.375	2.5754
460.5	2.6006
460.625	2.6037
460.75	2.6108
460.875	2.5974
461.0	2.6037
461.125	2.5966
461.25	2.6037
461.375	2.5974
461.5	2.5738
461.625	2.5754
461.75	2.5699
461.875	2.5432
462.0	2.5345
462.125	2.5243
462.25	2.5243
462.375	2.5086
462.5	2.511
462.625	2.4913
462.75	2.4693
462.875	2.4905
463.0	2.474
463.125	2.4591
463.25	2.463
463.375	2.4567
463.5	2.4386
463.625	2.408
463.75	2.3805
463.875	2.3325
464.0	2.2916
464.125	2.2444
464.25	2.2146
464.375	2.1485
464.5	2.0856
464.625	2.0558
464.75	2.0165
464.875	1.9976
465.0	1.9756
465.125	1.9559
465.25	1.9394
465.375	1.9323
465.5	1.9378
465.625	1.9488
465.75	1.9866
465.875	2.0165
466.0	2.0817
466.125	2.11
466.25	2.1163
466.375	2.136
466.5	2.1611
466.625	2.1627
466.75	2.1312
466.875	2.1077
467.0	2.0605
467.125	2.0919
467.25	2.0707
467.375	2.0959
467.5	2.1132
467.625	2.0919
467.75	2.1179
467.875	2.1352
468.0	2.1257
468.125	2.1312
468.25	2.1572
468.375	2.1658
468.5	2.1941
468.625	2.2413
468.75	2.2743
468.875	2.3223
469.0	2.3907
469.125	2.4292
469.25	2.4418
469.375	2.4276
469.5	2.4237
469.625	2.2468
469.75	2.2845
469.875	2.2798
470.0	2.2342
470.125	2.1894
470.25	2.1462
470.375	2.147
470.5	2.1517
470.625	2.1344
470.75	2.1446
470.875	2.1674
471.0	2.1808
471.125	2.1713
471.25	2.1808
471.375	2.2877
471.5	2.2924
471.625	2.2657
471.75	2.2727
471.875	2.2759
472.0	2.2987
472.125	2.3136
472.25	2.3301
472.375	2.3341
472.5	2.3301
472.625	2.3466
472.75	2.3545
472.875	2.3506
473.0	2.3592
473.125	2.3781
473.25	2.3915
473.375	2.4009
473.5	2.4025
473.625	2.4111
473.75	2.4033
473.875	2.3962
474.0	2.3883
474.125	2.3812
474.25	2.3954
474.375	2.3852
474.5	2.393
474.625	2.4198
474.75	2.3915
474.875	2.3757
475.0	2.375
475.125	2.3624
475.25	2.3286
475.375	2.3121
475.5	2.3396
475.625	2.3569
475.75	2.3742
475.875	2.3946
476.0	2.4056
476.125	2.3883
476.25	2.3647
476.375	2.3474
476.5	2.3482
476.625	2.3404
476.75	2.3183
476.875	2.3199
477.0	2.3356
477.125	2.3144
477.25	2.3121
477.375	2.294
477.5	2.2971
477.625	2.3105
477.75	2.2995
477.875	2.3011
478.0	2.3105
478.125	2.3199
478.25	2.3262
478.375	2.3404
478.5	2.3262
478.625	2.2798
478.75	2.3231
478.875	2.2806
479.0	2.2861
479.125	2.2814
479.25	2.2547
479.375	2.2484
479.5	2.2413
479.625	2.2279
479.75	2.2075
479.875	2.1871
480.0	2.1886
480.125	2.1878
480.25	2.1871
480.375	2.1871
480.5	2.1886
480.625	2.1949
480.75	2.1973
480.875	2.2004
481.0	2.2067
481.125	2.2091
481.25	2.2232
481.375	2.2161
481.5	2.246
481.625	2.2657
481.75	2.2727
481.875	2.272
482.0	2.2751
482.125	2.2444
482.25	2.246
482.375	2.2444
482.5	2.2484
482.625	2.2444
482.75	2.2374
482.875	2.2413
483.0	2.2405
483.125	2.2421
483.25	2.2279
483.375	2.2366
483.5	2.2287
483.625	2.2649
483.75	2.2672
483.875	2.2916
484.0	2.3066
484.125	2.3003
484.25	2.3042
484.375	2.3066
484.5	2.3042
484.625	2.3081
484.75	2.3176
484.875	2.3199
485.0	2.3246
485.125	2.3223
485.25	2.2932
485.375	2.3349
485.5	2.3199
485.625	2.2814
485.75	2.2641
485.875	2.2507
486.0	2.2358
486.125	2.2216
486.25	2.2248
486.375	2.2122
486.5	2.2091
486.625	2.2051
486.75	2.2138
486.875	2.2028
487.0	2.1988
487.125	2.2075
487.25	2.2138
487.375	2.2311
487.5	2.2366
487.625	2.2311
487.75	2.2287
487.875	2.2405
488.0	2.2476
488.125	2.2374
488.25	2.2342
488.375	2.2319
488.5	2.2114
488.625	2.2138
488.75	2.2028
488.875	2.1973
489.0	2.1933
489.125	2.1808
489.25	2.1745
489.375	2.1666
489.5	2.1792
489.625	2.1855
489.75	2.1996
489.875	2.1926
490.0	2.1933
490.125	2.2004
490.25	2.1776
490.375	2.1627
490.5	2.154
490.625	2.154
490.75	2.1265
490.875	2.1415
491.0	2.1619
491.125	2.147
491.25	2.1611
491.375	2.1761
491.5	2.1698
491.625	2.1525
491.75	2.1415
491.875	2.1391
492.0	2.1234
492.125	2.0935
492.25	2.0762
492.375	2.0904
492.5	2.0966
492.625	2.0856
492.75	2.0872
492.875	2.0951
493.0	2.1061
493.125	2.055
493.25	2.0039
493.375	2.033
493.5	2.0731
493.625	2.0982
493.75	2.1092
493.875	2.1147
494.0	2.1171
494.125	2.1108
494.25	2.1124
494.375	2.1234
494.5	2.0966
494.625	2.0738
494.75	2.0424
494.875	2.0133
495.0	1.9842
495.125	1.9347
495.25	1.8003
495.375	1.7224
495.5	1.7539
495.625	1.7735
495.75	1.827
495.875	1.8294
496.0	1.8121
496.125	1.8042
496.25	1.7869
496.375	1.7924
496.5	1.8144
496.625	1.8215
496.75	1.8278
496.875	1.8577
497.0	1.8797
497.125	1.8828
497.25	1.8773
497.375	1.8765
497.5	1.8702
497.625	1.8734
497.75	1.8726
497.875	1.8773
498.0	1.9119
498.125	1.9418
498.25	1.9622
498.375	1.9465
498.5	1.9654
498.625	1.9536
498.75	1.9599
498.875	1.9363
499.0	1.9488
499.125	1.9426
499.25	1.9512
499.375	1.9504
499.5	1.941
499.625	1.9064
499.75	1.9135
499.875	1.8789
500.0	1.8844
500.125	1.8915
500.25	1.8805
500.375	1.8954
500.5	1.8852
500.625	1.9017
500.75	1.908
500.875	1.9229
501.0	1.9088
501.125	1.9143
501.25	1.9166
501.375	1.9559
501.5	1.9709
501.625	1.9764
501.75	1.9646
501.875	1.9772
502.0	1.9803
502.125	1.9756
502.25	1.9827
502.375	1.9976
502.5	2.0165
502.625	2.0338
502.75	2.0526
502.875	2.0597
503.0	2.0762
503.125	2.0809
503.25	2.0683
503.375	2.0707
503.5	2.0621
503.625	2.0605
503.75	2.0668
503.875	2.055
504.0	2.0463
504.125	2.0196
504.25	2.0086
504.375	1.9952
504.5	1.9575
504.625	1.941
504.75	1.9292
504.875	1.897
505.0	1.8757
505.125	1.8569
505.25	1.8238
505.375	1.8121
505.5	1.7885
505.625	1.783
505.75	1.779
505.875	1.7712
506.0	1.7617
506.125	1.7602
506.25	1.7743
506.375	1.8011
506.5	1.8042
506.625	1.8404
506.75	1.8427
506.875	1.8726
507.0	1.8915
507.125	1.9174
507.25	1.9316
507.375	1.9504
507.5	1.9732
507.625	1.9834
507.75	1.974
507.875	1.9583
508.0	1.9646
508.125	1.9669
508.25	1.9724
508.375	1.9858
508.5	1.9937
508.625	1.9882
508.75	1.9764
508.875	1.9795
509.0	1.9827
509.125	1.9732
509.25	1.9811
509.375	1.9701
509.5	1.9787
509.625	1.9921
509.75	1.9952
509.875	2.0055
510.0	1.9944
510.125	1.9819
510.25	1.9646
510.375	1.9473
510.5	1.9449
510.625	1.9009
510.75	1.9009
510.875	1.9088
511.0	1.893
511.125	1.8922
511.25	1.8679
511.375	1.8647
511.5	1.8679
511.625	1.871
511.75	1.8655
511.875	1.86
512.0	1.875
512.125	1.8899
512.25	1.8962
512.375	1.8993
512.5	1.8962
512.625	1.8985
512.75	1.9064
512.875	1.9166
513.0	1.9127
513.125	1.904
513.25	1.904
513.375	1.915
513.5	1.908
513.625	1.9033
513.75	1.9143
513.875	1.9103
514.0	1.9213
514.125	1.9268
514.25	1.9182
514.375	1.9088
514.5	1.9205
514.625	1.8977
514.75	1.9072
514.875	1.8946
515.0	1.8899
515.125	1.8938
515.25	1.8734
515.375	1.8608
515.5	1.849
515.625	1.8474
515.75	1.8356
515.875	1.8474
516.0	1.8364
516.125	1.8584
516.25	1.8577
516.375	1.8655
516.5	1.8624
516.625	1.8757
516.75	1.8687
516.875	1.8828
517.0	1.8797
517.125	1.8805
517.25	1.8671
517.375	1.8639
517.5	1.849
517.625	1.8396
517.75	1.8309
517.875	1.8262
518.0	1.8128
518.125	1.8034
518.25	1.8058
518.375	1.7806
518.5	1.7759
518.625	1.7578
518.75	1.7382
518.875	1.7327
519.0	1.7421
519.125	1.7374
519.25	1.7334
519.375	1.7303
519.5	1.7374
519.625	1.7185
519.75	1.7256
519.875	1.7256
520.0	1.7334
520.125	1.7492
520.25	1.7531
520.375	1.7492
520.5	1.7476
520.625	1.7633
520.75	1.7602
520.875	1.7665
521.0	1.7594
521.125	1.7586
521.25	1.757
521.375	1.757
521.5	1.7452
521.625	1.7358
521.75	1.7452
521.875	1.7523
522.0	1.7507
522.125	1.7641
522.25	1.7649
522.375	1.7594
522.5	1.7735
522.625	1.761
522.75	1.7594
522.875	1.7602
523.0	1.7727
523.125	1.7767
523.25	1.7885
523.375	1.7893
523.5	1.7814
523.625	1.7704
523.75	1.7775
523.875	1.7617
524.0	1.7531
524.125	1.7515
524.25	1.7562
524.375	1.7547
524.5	1.7531
524.625	1.75
524.75	1.7484
524.875	1.7413
525.0	1.735
525.125	1.7311
525.25	1.7224
525.375	1.7209
525.5	1.7106
525.625	1.7044
525.75	1.7036
525.875	1.6933
526.0	1.6878
526.125	1.6965
526.25	1.6808
526.375	1.6855
526.5	1.6839
526.625	1.6792
526.75	1.6705
526.875	1.6682
527.0	1.6674
527.125	1.6603
527.25	1.6839
527.375	1.6666
527.5	1.6705
527.625	1.6831
527.75	1.6855
527.875	1.6894
528.0	1.6595
528.125	1.6611
528.25	1.6823
528.375	1.7059
528.5	1.7389
528.625	1.7279
528.75	1.7382
528.875	1.7413
529.0	1.7091
529.125	1.7138
529.25	1.7083
529.375	1.7193
529.5	1.7028
529.625	1.5778
529.75	1.599
529.875	1.6595
530.0	1.691
530.125	1.7059
530.25	1.7224
530.375	1.7421
530.5	1.7327
530.625	1.757
530.75	1.7633
530.875	1.7413
531.0	1.7507
531.125	1.75
531.25	1.7578
531.375	1.7539
531.5	1.7366
531.625	1.7484
531.75	1.7515
531.875	1.7374
532.0	1.7248
532.125	1.7311
532.25	1.7154
532.375	1.7146
532.5	1.7161
532.625	1.7248
532.75	1.7201
532.875	1.713
533.0	1.7051
533.125	1.7138
533.25	1.7201
533.375	1.7193
533.5	1.7154
533.625	1.7099
533.75	1.7083
533.875	1.68
534.0	1.6926
534.125	1.6713
534.25	1.6737
534.375	1.669
534.5	1.6721
534.625	1.6344
534.75	1.643
534.875	1.6344
535.0	1.6305
535.125	1.636
535.25	1.6265
535.375	1.6242
535.5	1.6053
535.625	1.5888
535.75	1.5833
535.875	1.5888
536.0	1.6037
536.125	1.599
536.25	1.6069
536.375	1.5974
536.5	1.5825
536.625	1.5849
536.75	1.5786
536.875	1.5817
537.0	1.5833
537.125	1.5691
537.25	1.5573
537.375	1.5628
537.5	1.5558
537.625	1.5432
537.75	1.5432
537.875	1.4952
538.0	1.4992
538.125	1.5062
538.25	1.5133
538.375	1.5157
538.5	1.5204
538.625	1.5314
538.75	1.5534
538.875	1.5676
539.0	1.5699
539.125	1.5644
539.25	1.5644
539.375	1.5715
539.5	1.5676
539.625	1.5581
539.75	1.544
539.875	1.5495
540.0	1.5605
540.125	1.5628
540.25	1.555
540.375	1.5463
540.5	1.5416
540.625	1.5345
540.75	1.5424
540.875	1.5377
541.0	1.5345
541.125	1.5518
541.25	1.5393
541.375	1.5432
541.5	1.5471
541.625	1.5251
541.75	1.544
541.875	1.5377
542.0	1.5361
542.125	1.5345
542.25	1.5314
542.375	1.5432
542.5	1.5251
542.625	1.5298
542.75	1.5251
542.875	1.518
543.0	1.5204
543.125	1.5117
543.25	1.5251
543.375	1.5235
543.5	1.5188
543.625	1.5102
543.75	1.5078
543.875	1.4889
544.0	1.5
544.125	1.4827
544.25	1.4834
544.375	1.4834
544.5	1.4756
544.625	1.4638
544.75	1.4701
544.875	1.4709
545.0	1.4779
545.125	1.4764
545.25	1.4787
545.375	1.4882
545.5	1.4889
545.625	1.4944
545.75	1.4984
545.875	1.4897
546.0	1.4984
546.125	1.4913
546.25	1.4874
546.375	1.4732
546.5	1.4638
546.625	1.4583
546.75	1.4551
546.875	1.4488
547.0	1.4567
547.125	1.4591
547.25	1.4386
547.375	1.4292
547.5	1.4371
547.625	1.4394
547.75	1.4355
547.875	1.4355
548.0	1.4465
548.125	1.4465
548.25	1.4528
548.375	1.4441
548.5	1.4323
548.625	1.4402
548.75	1.4253
548.875	1.419
549.0	1.4245
549.125	1.4127
549.25	1.4095
549.375	1.4001
549.5	1.3954
549.625	1.3844
549.75	1.3915
549.875	1.3977
550.0	1.4056
550.125	1.4017
550.25	1.4119
550.375	1.4166
550.5	1.4111
550.625	1.4268
550.75	1.4292
550.875	1.4426
551.0	1.4347
551.125	1.4339
551.25	1.4394
551.375	1.4402
551.5	1.4441
551.625	1.4394
551.75	1.4457
551.875	1.4441
552.0	1.4174
552.125	0.0267
552.25	1.0
552.375	1.43
552.5	1.4205
552.625	1.4143
552.75	1.4048
552.875	1.3286
553.0	1.3616
553.125	1.3632
553.25	1.3694
553.375	1.3852
553.5	1.3867
553.625	1.3915
553.75	1.3891
553.875	1.3915
554.0	1.3805
554.125	1.3797
554.25	1.3789
554.375	1.3789
554.5	1.3781
554.625	1.3765
554.75	1.3812
554.875	1.3671
555.0	1.3773
555.125	1.371
555.25	1.371
555.375	1.3679
555.5	1.3679
555.625	1.3639
555.75	1.3647
555.875	1.3679
556.0	1.3655
556.125	1.3325
556.25	1.2806
556.375	1.3034
556.5	1.3199
556.625	1.3246
556.75	1.3294
556.875	1.3278
557.0	1.3325
557.125	1.3301
557.25	1.3223
557.375	1.316
557.5	1.316
557.625	1.3246
557.75	1.3309
557.875	1.3294
558.0	1.3372
558.125	1.3349
558.25	1.3411
558.375	1.3317
558.5	1.3522
558.625	1.3435
558.75	1.3474
558.875	1.349
559.0	1.3474
559.125	1.3459
559.25	1.3529
559.375	1.3404
559.5	1.3451
559.625	1.3466
559.75	1.3443
559.875	1.3349
560.0	1.338
560.125	1.3356
560.25	1.3514
560.375	1.338
560.5	1.3514
560.625	1.3514
560.75	1.3529
560.875	1.3514
561.0	1.3537
561.125	1.3435
561.25	1.3388
561.375	1.3553
561.5	1.3569
561.625	1.3537
561.75	1.3482
561.875	1.1918
562.0	1.2547
562.125	1.2743
562.25	1.2138
562.375	1.2476
562.5	1.3058
562.625	1.3317
562.75	1.3388
562.875	1.3246
563.0	1.3254
563.125	1.327
563.25	1.3262
563.375	1.3223
563.5	1.316
563.625	1.3136
563.75	1.3018
563.875	1.3011
564.0	1.3026
564.125	1.2924
564.25	1.2924
564.375	1.2861
564.5	1.2798
564.625	1.279
564.75	1.2672
564.875	1.2602
565.0	1.261
565.125	1.2712
565.25	1.121
565.375	1.2287
565.5	1.2767
565.625	1.2759
565.75	1.279
565.875	1.2727
566.0	1.2633
566.125	1.2586
566.25	1.2617
566.375	1.2617
566.5	1.2539
566.625	1.2303
566.75	1.2209
566.875	1.202
567.0	1.1902
567.125	1.1753
567.25	1.158
567.375	1.147
567.5	1.1399
567.625	1.125
567.75	1.1234
567.875	1.1147
568.0	1.1155
568.125	1.1194
568.25	1.125
568.375	1.1257
568.5	1.1375
568.625	1.1383
568.75	1.1588
568.875	1.1635
569.0	1.1721
569.125	1.1792
569.25	1.1855
569.375	1.1894
569.5	1.1933
569.625	1.1981
569.75	1.2028
569.875	1.1988
570.0	1.1965
570.125	1.1957
570.25	1.1996
570.375	1.1981
570.5	1.1996
570.625	1.1973
570.75	1.1957
570.875	1.1886
571.0	1.191
571.125	1.1886
571.25	1.1863
571.375	1.1878
571.5	1.1839
571.625	1.1886
571.75	1.18
571.875	1.1776
572.0	1.1839
572.125	1.1792
572.25	1.1823
572.375	1.1753
572.5	1.1737
572.625	1.165
572.75	1.1682
572.875	1.1619
573.0	1.1627
573.125	1.158
573.25	1.1603
573.375	1.147
573.5	1.1556
573.625	1.1603
573.75	1.1501
573.875	1.1548
574.0	1.1548
574.125	1.1595
574.25	1.1564
574.375	1.1611
574.5	1.1595
574.625	1.1643
574.75	1.1572
574.875	1.1619
575.0	1.1674
575.125	1.1611
575.25	1.1564
575.375	1.1666
575.5	1.1595
575.625	1.1517
575.75	1.1525
575.875	1.1493
576.0	1.1477
576.125	1.1367
576.25	1.1383
576.375	1.1352
576.5	1.1218
576.625	1.1108
576.75	1.1171
576.875	1.121
577.0	1.1257
577.125	1.1218
577.25	1.1179
577.375	1.125
577.5	1.1312
577.625	1.1218
577.75	1.1179
577.875	1.1171
578.0	1.1226
578.125	1.1179
578.25	1.1132
578.375	1.1202
578.5	1.1163
578.625	1.1171
578.75	1.1116
578.875	1.1029
579.0	1.099
579.125	1.099
579.25	1.1006
579.375	1.1037
579.5	1.099
579.625	1.0951
579.75	1.0896
579.875	1.088
580.0	1.0849
580.125	1.0817
580.25	1.0707
580.375	1.066
580.5	1.0707
580.625	1.0621
580.75	1.0573
580.875	1.0589
581.0	1.0731
581.125	1.0597
581.25	1.0479
581.375	1.0566
581.5	1.0518
581.625	1.0495
581.75	1.0511
581.875	1.0676
582.0	1.0699
582.125	1.0644
582.25	1.0644
582.375	1.0636
582.5	1.0707
582.625	1.0636
582.75	1.0628
582.875	1.0597
583.0	1.0534
583.125	1.0432
583.25	1.0511
583.375	1.04
583.5	1.033
583.625	1.0165
583.75	1.0204
583.875	1.022
584.0	1.0259
584.125	1.022
584.25	0.9984
584.375	0.9803
584.5	0.9654
584.625	0.9599
584.75	0.9363
584.875	0.8356
585.0	0.8364
585.125	0.8341
585.25	0.871
585.375	0.8529
585.5	0.8443
585.625	0.8797
585.75	0.9048
585.875	0.9111
586.0	0.919
586.125	0.9418
586.25	0.9551
586.375	1.0023
586.5	1.0314
586.625	1.0227
586.75	1.0196
586.875	1.0117
587.0	1.0149
587.125	1.0094
587.25	1.0031
587.375	1.0094
587.5	1.0047
587.625	0.996
587.75	0.9968
587.875	0.9882
588.0	1.0007
588.125	0.9952
588.25	0.9897
588.375	0.9811
588.5	0.9866
588.625	0.9905
588.75	0.9795
588.875	0.9709
589.0	0.974
589.125	0.9748
589.25	0.9724
589.375	0.9685
589.5	0.9614
589.625	0.9677
589.75	0.9638
589.875	0.974
590.0	0.9827
590.125	0.9803
590.25	0.9803
590.375	0.9795
590.5	0.9732
590.625	0.9693
590.75	0.9701
590.875	0.9701
591.0	0.9724
591.125	0.9669
591.25	0.9614
591.375	0.963
591.5	0.9622
591.625	0.9457
591.75	0.9465
591.875	0.9339
592.0	0.9237
592.125	0.9158
592.25	0.9111
592.375	0.9174
592.5	0.9143
592.625	0.9221
592.75	0.9363
592.875	0.9418
593.0	0.9654
593.125	0.9874
593.25	0.9897
593.375	0.9889
593.5	0.9882
593.625	0.985
593.75	0.9834
593.875	0.9819
594.0	0.9709
594.125	0.9661
594.25	0.9701
594.375	0.9583
594.5	0.9504
594.625	0.9418
594.75	0.941
594.875	0.9402
595.0	0.9355
595.125	0.941
595.25	0.9323
595.375	0.9394
595.5	0.9441
595.625	0.9481
595.75	0.9481
595.875	0.9528
596.0	0.9567
596.125	0.9591
596.25	0.9669
596.375	0.9606
596.5	0.9591
596.625	0.9606
596.75	0.9614
596.875	0.9661
597.0	0.963
597.125	0.9638
597.25	0.9583
597.375	0.9606
597.5	0.9606
597.625	0.9528
597.75	0.9512
597.875	0.9559
598.0	0.9449
598.125	0.9544
598.25	0.9536
598.375	0.9465
598.5	0.9504
598.625	0.9567
598.75	0.9559
598.875	0.9559
599.0	0.9567
599.125	0.9567
599.25	0.9583
599.375	0.9567
599.5	0.9504
599.625	0.9481
599.75	0.9426
599.875	0.9426
600.0	0.9433
600.125	0.9433
600.25	0.9339
600.375	0.9386
600.5	0.9276
600.625	0.9323
600.75	0.9292
600.875	0.93
601.0	0.93
601.125	0.9292
601.25	0.9292
601.375	0.9284
601.5	0.9253
601.625	0.9205
601.75	0.9143
601.875	0.9127
602.0	0.9017
602.125	0.8938
602.25	0.8915
602.375	0.8985
602.5	0.9001
602.625	0.8742
602.75	0.86
602.875	0.8529
603.0	0.8466
603.125	0.8474
603.25	0.8435
603.375	0.8364
603.5	0.8372
603.625	0.8364
603.75	0.8396
603.875	0.8529
604.0	0.8647
604.125	0.8561
604.25	0.8757
604.375	0.8789
604.5	0.8679
604.625	0.8639
604.75	0.8726
604.875	0.8765
605.0	0.8742
605.125	0.8639
605.25	0.8317
605.375	0.8419
605.5	0.8584
605.625	0.8639
605.75	0.86
605.875	0.8553
606.0	0.8569
606.125	0.8679
606.25	0.86
606.375	0.8639
606.5	0.8584
606.625	0.8584
606.75	0.8553
606.875	0.8506
607.0	0.8396
607.125	0.8364
607.25	0.8349
607.375	0.8286
607.5	0.8356
607.625	0.8333
607.75	0.8238
607.875	0.8238
608.0	0.8246
608.125	0.8246
608.25	0.8176
608.375	0.8199
608.5	0.8066
608.625	0.8128
608.75	0.8144
608.875	0.8105
609.0	0.8254
609.125	0.8207
609.25	0.8262
609.375	0.8325
609.5	0.8411
609.625	0.8356
609.75	0.8356
609.875	0.8301
610.0	0.8294
610.125	0.8364
610.25	0.8349
610.375	0.8278
610.5	0.8325
610.625	0.8388
610.75	0.8325
610.875	0.8286
611.0	0.8294
611.125	0.8333
611.25	0.8278
611.375	0.8301
611.5	0.827
611.625	0.8152
611.75	0.8183
611.875	0.8191
612.0	0.8176
612.125	0.8081
612.25	0.816
612.375	0.8191
612.5	0.8168
612.625	0.816
612.75	0.8113
612.875	0.8128
613.0	0.8121
613.125	0.8042
613.25	0.8199
613.375	0.8168
613.5	0.8176
613.625	0.816
613.75	0.8121
613.875	0.8176
614.0	0.8121
614.125	0.8207
614.25	0.8207
614.375	0.8128
614.5	0.8097
614.625	0.8089
614.75	0.8073
614.875	0.8034
615.0	0.805
615.125	0.8113
615.25	0.8113
615.375	0.8136
615.5	0.8136
615.625	0.8176
615.75	0.8136
615.875	0.8073
616.0	0.8183
616.125	0.8152
616.25	0.8136
616.375	0.8191
616.5	0.8128
616.625	0.8097
616.75	0.8089
616.875	0.8121
617.0	0.8113
617.125	0.8042
617.25	0.8058
617.375	0.8011
617.5	0.8058
617.625	0.7987
617.75	0.79
617.875	0.7924
618.0	0.7885
618.125	0.29
618.25	0.018
618.375	0.3152
618.5	0.7586
618.625	0.7539
618.75	0.7641
618.875	0.757
619.0	0.7523
619.125	0.7507
619.25	0.7452
619.375	0.4976
619.5	0.6116
619.625	0.6643
619.75	0.7602
619.875	0.7688
620.0	0.7649
620.125	0.7712
620.25	0.7704
620.375	0.7696
620.5	0.7798
620.625	0.7751
620.75	0.1768
620.875	0.0157
621.0	0.7696
621.125	0.7688
621.25	0.7672
621.375	0.7704
621.5	0.7641
621.625	0.7625
621.75	0.7672
621.875	0.7704
622.0	0.7704
622.125	0.7704
622.25	0.772
622.375	0.7657
622.5	0.7665
622.625	0.7617
622.75	0.7617
622.875	0.7562
623.0	0.7539
623.125	0.7539
623.25	0.7523
623.375	0.7452
623.5	0.7342
623.625	0.7366
623.75	0.7413
623.875	0.7429
624.0	0.7334
624.125	0.7334
624.25	0.7327
624.375	0.735
624.5	0.7382
624.625	0.7327
624.75	0.735
624.875	0.7366
625.0	0.371
625.125	0.3466
625.25	0.7342
625.375	0.7358
625.5	0.7382
625.625	0.7452
625.75	0.7389
625.875	0.7334
626.0	0.7342
626.125	0.7358
626.25	0.7319
626.375	0.7303
626.5	0.7287
626.625	0.7287
626.75	0.7303
626.875	0.7248
627.0	0.7248
627.125	0.7193
627.25	0.7138
627.375	0.7122
627.5	0.7114
627.625	0.7067
627.75	0.7059
627.875	0.7044
628.0	0.6973
628.125	0.6981
628.25	0.6973
628.375	0.7012
628.5	0.6996
628.625	0.7012
628.75	0.6988
628.875	0.7012
629.0	0.7028
629.125	0.7122
629.25	0.7185
629.375	0.7201
629.5	0.7248
629.625	0.7232
629.75	0.7256
629.875	0.7185
630.0	0.7161
630.125	0.7169
630.25	0.7146
630.375	0.7169
630.5	0.7201
630.625	0.7161
630.75	0.713
630.875	0.7138
631.0	0.713
631.125	0.7161
631.25	0.7146
631.375	0.7185
631.5	0.7114
631.625	0.7114
631.75	0.7122
631.875	0.7091
632.0	0.713
632.125	0.7083
632.25	0.7044
632.375	0.6973
632.5	0.6981
632.625	0.6933
632.75	0.6894
632.875	0.6886
633.0	0.6839
633.125	0.6753
633.25	0.6784
633.375	0.6721
633.5	0.669
633.625	0.6658
633.75	0.6595
633.875	0.6533
634.0	0.6328
634.125	0.6305
634.25	0.6077
634.375	0.6006
634.5	0.5919
634.625	0.5856
634.75	0.5809
634.875	0.5809
635.0	0.5794
635.125	0.5841
635.25	0.5817
635.375	0.5801
635.5	0.588
635.625	0.5943
635.75	0.6084
635.875	0.6281
636.0	0.6391
636.125	0.6525
636.25	0.6556
636.375	0.6705
636.5	0.6698
636.625	0.6745
636.75	0.6808
636.875	0.6847
637.0	0.6871
637.125	0.6855
637.25	0.6902
637.375	0.6941
637.5	0.6855
637.625	0.6902
637.75	0.6871
637.875	0.6878
638.0	0.6863
638.125	0.6918
638.25	0.691
638.375	0.6878
638.5	0.6611
638.625	0.0141
638.75	0.0157
638.875	0.4575
639.0	0.6863
639.125	0.6808
639.25	0.6823
639.375	0.6863
639.5	0.6792
639.625	0.6831
639.75	0.6808
639.875	0.6823
640.0	0.6808
640.125	0.6784
640.25	0.6753
640.375	0.6729
640.5	0.6761
640.625	0.6713
640.75	0.6768
640.875	0.6737
641.0	0.6705
641.125	0.6753
641.25	0.6729
641.375	0.6737
641.5	0.6682
641.625	0.6603
641.75	0.6674
641.875	0.665
642.0	0.6643
642.125	0.6643
642.25	0.6627
642.375	0.6588
642.5	0.6588
642.625	0.6533
642.75	0.654
642.875	0.654
643.0	0.6525
643.125	0.6588
643.25	0.6509
643.375	0.6533
643.5	0.6493
643.625	0.6399
643.75	0.6454
643.875	0.6446
644.0	0.6391
644.125	0.643
644.25	0.6391
644.375	0.6383
644.5	0.6375
644.625	0.6367
644.75	0.6344
644.875	0.6328
645.0	0.6336
645.125	0.6391
645.25	0.6179
645.375	0.6194
645.5	0.6132
645.625	0.6061
645.75	0.632
645.875	0.6265
646.0	0.6179
646.125	0.621
646.25	0.621
646.375	0.6226
646.5	0.6234
646.625	0.6179
646.75	0.6194
646.875	0.2712
647.0	0.4394
647.125	0.6202
647.25	0.6289
647.375	0.6155
647.5	0.6407
647.625	0.6352
647.75	0.6485
647.875	0.647
648.0	0.6305
648.125	0.6257
648.25	0.6202
648.375	0.621
648.5	0.6265
648.625	0.6281
648.75	0.6367
648.875	0.6312
649.0	0.632
649.125	0.6336
649.25	0.6289
649.375	0.6234
649.5	0.6226
649.625	0.621
649.75	0.636
649.875	0.6257
650.0	0.6147
650.125	0.6163
650.25	0.6132
650.375	0.6187
650.5	0.6069
650.625	0.61
650.75	0.6006
650.875	0.5966
651.0	0.6069
651.125	0.599
651.25	0.5959
651.375	0.599
651.5	0.5943
651.625	0.5966
651.75	0.6014
651.875	0.6006
652.0	0.5919
652.125	0.5974
652.25	0.5888
652.375	0.5911
652.5	0.588
652.625	0.588
652.75	0.5801
652.875	0.5817
653.0	0.5833
653.125	0.5841
653.25	0.5872
653.375	0.5935
653.5	0.5982
653.625	0.5998
653.75	0.6037
653.875	0.6029
654.0	0.6029
654.125	0.5966
654.25	0.588
654.375	0.577
654.5	0.5778
654.625	0.5966
654.75	0.5951
654.875	0.5731
655.0	0.5731
655.125	0.6014
655.25	0.5786
655.375	0.5652
655.5	0.5738
655.625	0.588
655.75	0.5935
655.875	0.5904
656.0	0.6037
656.125	0.6116
656.25	0.6171
656.375	0.6084
656.5	0.6092
656.625	0.6116
656.75	0.6084
656.875	0.6077
657.0	0.6037
657.125	0.6116
657.25	0.5966
657.375	0.6092
657.5	0.6108
657.625	0.6116
657.75	0.6124
657.875	0.6069
658.0	0.6092
658.125	0.6092
658.25	0.6132
658.375	0.6171
658.5	0.6179
658.625	0.6226
658.75	0.6139
658.875	0.6202
659.0	0.6132
659.125	0.6116
659.25	0.6077
659.375	0.6053
659.5	0.6061
659.625	0.6014
659.75	0.599
659.875	0.6037
660.0	0.6014
660.125	0.5998
660.25	0.5974
660.375	0.599
660.5	0.5943
660.625	0.5919
660.75	0.5849
660.875	0.5904
661.0	0.5833
661.125	0.5864
661.25	0.5833
661.375	0.5864
661.5	0.5849
661.625	0.5809
661.75	0.5825
661.875	0.5856
662.0	0.5778
662.125	0.5833
662.25	0.5786
662.375	0.5841
662.5	0.5872
662.625	0.5849
662.75	0.5841
662.875	0.5786
663.0	0.5762
663.125	0.5731
663.25	0.5715
663.375	0.5707
663.5	0.5715
663.625	0.5723
663.75	0.5707
663.875	0.5723
664.0	0.5762
664.125	0.5644
664.25	0.5204
664.375	0.441
664.5	0.4654
664.625	0.4897
664.75	0.5306
664.875	0.518
665.0	0.507
665.125	0.4913
665.25	0.4889
665.375	0.4772
665.5	0.4693
665.625	0.463
665.75	0.4536
665.875	0.4433
666.0	0.4418
666.125	0.4394
666.25	0.4441
666.375	0.441
666.5	0.4536
666.625	0.4473
666.75	0.452
666.875	0.4504
667.0	0.4512
667.125	0.4386
667.25	0.4481
667.375	0.0094
667.5	0.0117
667.625	0.3765
667.75	0.4669
667.875	0.4724
668.0	0.4803
668.125	0.4803
668.25	0.4827
668.375	0.4787
668.5	0.4858
668.625	0.4842
668.75	0.4929
668.875	0.4937
669.0	0.4976
669.125	0.5086
669.25	0.5078
669.375	0.5031
669.5	0.5094
669.625	0.5023
669.75	0.5031
669.875	0.5007
670.0	0.5055
670.125	0.4968
670.25	0.5007
670.375	0.4968
670.5	0.4952
670.625	0.4913
670.75	0.4968
670.875	0.4889
671.0	0.4905
671.125	0.4929
671.25	0.4976
671.375	0.5015
671.5	0.4984
671.625	0.5023
671.75	0.5
671.875	0.5047
672.0	0.5031
672.125	0.5007
672.25	0.5023
672.375	0.5007
672.5	0.4984
672.625	0.5007
672.75	0.4984
672.875	0.4905
673.0	0.4913
673.125	0.4913
673.25	0.4921
673.375	0.4858
673.5	0.4811
673.625	0.4803
673.75	0.4811
673.875	0.4803
674.0	0.4827
674.125	0.4834
674.25	0.4803
674.375	0.4866
674.5	0.4858
674.625	0.4913
674.75	0.4944
674.875	0.496
675.0	0.4905
675.125	0.4937
675.25	0.4913
675.375	0.4905
675.5	0.4929
675.625	0.485
675.75	0.4772
675.875	0.4795
676.0	0.4756
676.125	0.4724
676.25	0.4661
676.375	0.4669
676.5	0.4591
676.625	0.4528
676.75	0.4536
676.875	0.4544
677.0	0.4465
677.125	0.4449
677.25	0.4473
677.375	0.4457
677.5	0.4473
677.625	0.4465
677.75	0.4504
677.875	0.4496
678.0	0.4496
678.125	0.4512
678.25	0.452
678.375	0.4465
678.5	0.4512
678.625	0.4528
678.75	0.4512
678.875	0.4575
679.0	0.4606
679.125	0.4583
679.25	0.4575
679.375	0.4583
679.5	0.4599
679.625	0.4716
679.75	0.4614
679.875	0.4693
680.0	0.4661
680.125	0.4661
680.25	0.4693
680.375	0.4614
680.5	0.4512
680.625	0.4512
680.75	0.4465
680.875	0.4441
681.0	0.4504
681.125	0.4536
681.25	0.4536
681.375	0.4512
681.5	0.452
681.625	0.4551
681.75	0.4575
681.875	0.4575
682.0	0.4551
682.125	0.4614
682.25	0.4622
682.375	0.4591
682.5	0.463
682.625	0.4606
682.75	0.4575
682.875	0.4528
683.0	0.4465
683.125	0.4441
683.25	0.4378
683.375	0.4355
683.5	0.4331
683.625	0.4292
683.75	0.4347
683.875	0.4363
684.0	0.4363
684.125	0.4363
684.25	0.4347
684.375	0.4347
684.5	0.4402
684.625	0.4418
684.75	0.4418
684.875	0.4465
685.0	0.4512
685.125	0.4606
685.25	0.4724
685.375	0.4677
685.5	0.4685
685.625	0.4638
685.75	0.4559
685.875	0.4622
686.0	0.4654
686.125	0.4591
686.25	0.4528
686.375	0.4583
686.5	0.4544
686.625	0.4654
686.75	0.4693
686.875	0.4654
687.0	0.4638
687.125	0.4622
687.25	0.4583
687.375	0.4606
687.5	0.4583
687.625	0.4544
687.75	0.4622
687.875	0.4622
688.0	0.463
688.125	0.4638
688.25	0.463
688.375	0.4622
688.5	0.4591
688.625	0.4528
688.75	0.4575
688.875	0.452
689.0	0.4536
689.125	0.4496
689.25	0.4465
689.375	0.4449
689.5	0.4426
689.625	0.4378
689.75	0.4331
689.875	0.4378
690.0	0.4339
690.125	0.4276
690.25	0.4276
690.375	0.4308
690.5	0.4245
690.625	0.4261
690.75	0.419
690.875	0.4088
691.0	0.4064
691.125	0.4103
691.25	0.4033
691.375	0.4001
691.5	0.3915
691.625	0.382
691.75	0.3718
691.875	0.3514
692.0	0.3474
692.125	0.3364
692.25	0.3168
692.375	0.3042
692.5	0.2264
692.625	0.0817
692.75	0.0959
692.875	0.0149
693.0	0.0149
693.125	0.0141
693.25	0.0691
693.375	0.3797
693.5	0.375
693.625	0.3773
693.75	0.3765
693.875	0.3742
694.0	0.3765
694.125	0.393
694.25	0.3938
694.375	0.3852
694.5	0.3789
694.625	0.3742
694.75	0.3687
694.875	0.3655
695.0	0.3545
695.125	0.3459
695.25	0.3364
695.375	0.3309
695.5	0.3286
695.625	0.3223
695.75	0.3231
695.875	0.3254
696.0	0.327
696.125	0.3223
696.25	0.3254
696.375	0.3278
696.5	0.3254
696.625	0.3286
696.75	0.3278
696.875	0.3286
697.0	0.3325
697.125	0.3238
697.25	0.3246
697.375	0.3207
697.5	0.3144
697.625	0.3097
697.75	0.29
697.875	0.2995
698.0	0.2893
698.125	0.3183
698.25	0.3364
698.375	0.3616
698.5	0.3797
698.625	0.3797
698.75	0.3844
698.875	0.3797
699.0	0.3773
699.125	0.3679
699.25	0.3655
699.375	0.3584
699.5	0.3584
699.625	0.3624
699.75	0.36
699.875	0.3537
