300.0	0.1792
300.125	0.18
300.25	0.1831
300.375	0.1792
300.5	0.1816
300.625	0.1823
300.75	0.1831
300.875	0.1816
301.0	0.1792
301.125	0.1808
301.25	0.1792
301.375	0.1816
301.5	0.1792
301.625	0.1784
301.75	0.1776
301.875	0.1792
302.0	0.1792
302.125	0.1792
302.25	0.1792
302.375	0.1792
302.5	0.1792
302.625	0.1831
302.75	0.1808
302.875	0.18
303.0	0.1816
303.125	0.1808
303.25	0.1823
303.375	0.1831
303.5	0.1831
303.625	0.1839
303.75	0.1839
303.875	0.1816
304.0	0.1839
304.125	0.1839
304.25	0.1839
304.375	0.1839
304.5	0.1816
304.625	0.1792
304.75	0.18
304.875	0.1855
305.0	0.1808
305.125	0.1831
305.25	0.1831
305.375	0.1823
305.5	0.1847
305.625	0.1878
305.75	0.1886
305.875	0.1878
306.0	0.1839
306.125	0.1823
306.25	0.1855
306.375	0.1855
306.5	0.1831
306.625	0.1839
306.75	0.1886
306.875	0.1863
307.0	0.1847
307.125	0.1839
307.25	0.1839
307.375	0.1855
307.5	0.1863
307.625	0.1863
307.75	0.1847
307.875	0.1855
308.0	0.1855
308.125	0.1839
308.25	0.1823
308.375	0.1831
308.5	0.1823
308.625	0.1839
308.75	0.1839
308.875	0.1839
309.0	0.1839
309.125	0.1831
309.25	0.1839
309.375	0.1839
309.5	0.1831
309.625	0.1839
309.75	0.1831
309.875	0.1831
310.0	0.1831
310.125	0.1855
310.25	0.1847
310.375	0.1894
310.5	0.1902
310.625	0.191
310.75	0.1886
310.875	0.1855
311.0	0.1855
311.125	0.1902
311.25	0.1918
311.375	0.1886
311.5	0.1894
311.625	0.1886
311.75	0.1886
311.875	0.1894
312.0	0.1886
312.125	0.1902
312.25	0.1933
312.375	0.1926
312.5	0.1933
312.625	0.1957
312.75	0.1941
312.875	0.1933
313.0	0.1926
313.125	0.1933
313.25	0.1933
313.375	0.191
313.5	0.1926
313.625	0.1933
313.75	0.1933
313.875	0.1933
314.0	0.1933
314.125	0.1926
314.25	0.1933
314.375	0.1933
314.5	0.1933
314.625	0.1902
314.75	0.1926
314.875	0.191
315.0	0.1918
315.125	0.1926
315.25	0.1933
315.375	0.1933
315.5	0.1933
315.625	0.191
315.75	0.1933
315.875	0.1926
316.0	0.1918
316.125	0.1926
316.25	0.1918
316.375	0.1918
316.5	0.1918
316.625	0.1941
316.75	0.1933
316.875	0.1941
317.0	0.1949
317.125	0.2004
317.25	0.2004
317.375	0.1981
317.5	0.2004
317.625	0.2083
317.75	0.213
317.875	0.2161
318.0	0.2154
318.125	0.2169
318.25	0.2169
318.375	0.2185
318.5	0.2193
318.625	0.2169
318.75	0.2138
318.875	0.2091
319.0	0.2028
319.125	0.202
319.25	0.2099
319.375	0.2122
319.5	0.2161
319.625	0.2169
319.75	0.2169
319.875	0.2185
320.0	0.2177
320.125	0.2169
320.25	0.2154
320.375	0.2154
320.5	0.2177
320.625	0.2209
320.75	0.2201
320.875	0.2169
321.0	0.2177
321.125	0.2169
321.25	0.2185
321.375	0.2185
321.5	0.2216
321.625	0.2216
321.75	0.2232
321.875	0.224
322.0	0.2216
322.125	0.2216
322.25	0.2216
322.375	0.2256
322.5	0.2224
322.625	0.2256
322.75	0.2248
322.875	0.2272
323.0	0.2264
323.125	0.2272
323.25	0.224
323.375	0.2185
323.5	0.2169
323.625	0.2177
323.75	0.2169
323.875	0.2193
324.0	0.2169
324.125	0.2193
324.25	0.2201
324.375	0.2209
324.5	0.2209
324.625	0.2216
324.75	0.2185
324.875	0.2216
325.0	0.2216
325.125	0.2224
325.25	0.2216
325.375	0.2216
325.5	0.2216
325.625	0.2272
325.75	0.2248
325.875	0.224
326.0	0.2264
326.125	0.2248
326.25	0.2232
326.375	0.2216
326.5	0.2201
326.625	0.2209
326.75	0.2224
326.875	0.2287
327.0	0.2272
327.125	0.2264
327.25	0.2264
327.375	0.2256
327.5	0.2248
327.625	0.2216
327.75	0.2216
327.875	0.2264
328.0	0.2248
328.125	0.2264
328.25	0.2264
328.375	0.2091
328.5	0.2161
328.625	0.2264
328.75	0.2303
328.875	0.2311
329.0	0.2295
329.125	0.2114
329.25	0.2161
329.375	0.2169
329.5	0.2161
329.625	0.213
329.75	0.2106
329.875	0.2099
330.0	0.2099
330.125	0.2075
330.25	0.2044
330.375	0.2193
330.5	0.2264
330.625	0.2327
330.75	0.2311
330.875	0.235
331.0	0.2311
331.125	0.2327
331.25	0.2342
331.375	0.2358
331.5	0.2366
331.625	0.2389
331.75	0.2437
331.875	0.2327
332.0	0.2421
332.125	0.2342
332.25	0.2382
332.375	0.2405
332.5	0.2405
332.625	0.2382
332.75	0.2405
332.875	0.2476
333.0	0.2484
333.125	0.25
333.25	0.25
333.375	0.2492
333.5	0.2492
333.625	0.2468
333.75	0.2468
333.875	0.2484
334.0	0.2476
334.125	0.2484
334.25	0.2444
334.375	0.2429
334.5	0.2413
334.625	0.2389
334.75	0.2413
334.875	0.2452
335.0	0.2468
335.125	0.2492
335.25	0.2468
335.375	0.2452
335.5	0.2413
335.625	0.2421
335.75	0.2405
335.875	0.2397
336.0	0.2358
336.125	0.2311
336.25	0.2264
336.375	0.2334
336.5	0.2287
336.625	0.2319
336.75	0.2311
336.875	0.2319
337.0	0.2216
337.125	0.2169
337.25	0.2248
337.375	0.2319
337.5	0.2389
337.625	0.246
337.75	0.2429
337.875	0.2405
338.0	0.2405
338.125	0.25
338.25	0.2547
338.375	0.2555
338.5	0.2555
338.625	0.2539
338.75	0.2547
338.875	0.257
339.0	0.2586
339.125	0.2547
339.25	0.2555
339.375	0.2547
339.5	0.2547
339.625	0.25
339.75	0.2507
339.875	0.2507
340.0	0.2507
340.125	0.25
340.25	0.2531
340.375	0.2515
340.5	0.2523
340.625	0.2539
340.75	0.2547
340.875	0.2547
341.0	0.2547
341.125	0.257
341.25	0.257
341.375	0.2594
341.5	0.2578
341.625	0.261
341.75	0.2641
341.875	0.2633
342.0	0.2649
342.125	0.2641
342.25	0.261
342.375	0.2641
342.5	0.2657
342.625	0.2649
342.75	0.2712
342.875	0.2712
343.0	0.2704
343.125	0.2704
343.25	0.2735
343.375	0.2727
343.5	0.2735
343.625	0.2751
343.75	0.2775
343.875	0.2775
344.0	0.279
344.125	0.2806
344.25	0.283
344.375	0.283
344.5	0.2822
344.625	0.2861
344.75	0.2869
344.875	0.2885
345.0	0.2908
345.125	0.2877
345.25	0.2861
345.375	0.283
345.5	0.2885
345.625	0.2877
345.75	0.2893
345.875	0.29
346.0	0.2861
346.125	0.2861
346.25	0.2853
346.375	0.2838
346.5	0.2869
346.625	0.2845
346.75	0.2861
346.875	0.2845
347.0	0.2845
347.125	0.283
347.25	0.2814
347.375	0.283
347.5	0.2861
347.625	0.2877
347.75	0.2877
347.875	0.29
348.0	0.2877
348.125	0.2853
348.25	0.2893
348.375	0.2885
348.5	0.2877
348.625	0.2877
348.75	0.2877
348.875	0.2877
349.0	0.2893
349.125	0.2916
349.25	0.2885
349.375	0.2893
349.5	0.2861
349.625	0.2869
349.75	0.2861
349.875	0.2877
350.0	0.29
350.125	0.2869
350.25	0.2916
350.375	0.2916
350.5	0.2924
350.625	0.2924
350.75	0.2885
350.875	0.2877
351.0	0.2877
351.125	0.2877
351.25	0.283
351.375	0.2877
351.5	0.2885
351.625	0.2877
351.75	0.2877
351.875	0.2877
352.0	0.2838
352.125	0.283
352.25	0.283
352.375	0.2806
352.5	0.2783
352.625	0.2798
352.75	0.2806
352.875	0.2838
353.0	0.2838
353.125	0.283
353.25	0.2877
353.375	0.2869
353.5	0.2845
353.625	0.2845
353.75	0.2877
353.875	0.2916
354.0	0.2916
354.125	0.294
354.25	0.2971
354.375	0.2932
354.5	0.2971
354.625	0.2987
354.75	0.2971
354.875	0.2955
355.0	0.2963
355.125	0.2995
355.25	0.2987
355.375	0.2979
355.5	0.3018
355.625	0.305
355.75	0.3042
355.875	0.3097
356.0	0.3113
356.125	0.3128
356.25	0.3113
356.375	0.3152
356.5	0.3136
356.625	0.3207
356.75	0.3286
356.875	0.3301
357.0	0.3294
357.125	0.3286
357.25	0.3333
357.375	0.3325
357.5	0.3325
357.625	0.3333
357.75	0.3341
357.875	0.3364
358.0	0.3349
358.125	0.3301
358.25	0.3317
358.375	0.3341
358.5	0.3349
358.625	0.3349
358.75	0.338
358.875	0.3388
359.0	0.3427
359.125	0.338
359.25	0.3388
359.375	0.3396
359.5	0.3356
359.625	0.3333
359.75	0.3262
359.875	0.3207
360.0	0.316
360.125	0.316
360.25	0.3113
360.375	0.3042
360.5	0.2963
360.625	0.2908
360.75	0.2845
360.875	0.2806
361.0	0.283
361.125	0.2877
361.25	0.2877
361.375	0.283
361.5	0.2814
361.625	0.2783
361.75	0.2727
361.875	0.2704
362.0	0.2672
362.125	0.2696
362.25	0.2775
362.375	0.2861
362.5	0.294
362.625	0.2955
362.75	0.2971
362.875	0.3003
363.0	0.2916
363.125	0.3121
363.25	0.3183
363.375	0.3301
363.5	0.3356
363.625	0.3341
363.75	0.3396
363.875	0.3404
364.0	0.3404
364.125	0.3396
364.25	0.3404
364.375	0.3419
364.5	0.3396
364.625	0.3404
364.75	0.3466
364.875	0.3427
365.0	0.3419
365.125	0.3451
365.25	0.3466
365.375	0.349
365.5	0.3474
365.625	0.3474
365.75	0.3482
365.875	0.3545
366.0	0.3655
366.125	0.3781
366.25	0.382
366.375	0.3867
366.5	0.3883
366.625	0.3938
366.75	0.3962
366.875	0.3993
367.0	0.4033
367.125	0.4095
367.25	0.4174
367.375	0.4229
367.5	0.4276
367.625	0.43
367.75	0.4386
367.875	0.4449
368.0	0.4488
368.125	0.4591
368.25	0.4591
368.375	0.4654
368.5	0.4795
368.625	0.4889
368.75	0.5
368.875	0.5062
369.0	0.2272
369.125	0.5102
369.25	0.5078
369.375	0.4976
369.5	0.5188
369.625	0.5393
369.75	0.5503
369.875	0.544
370.0	0.5503
370.125	0.5518
370.25	0.5534
370.375	0.5566
370.5	0.5503
370.625	0.5448
370.75	0.5338
370.875	0.5251
371.0	0.5172
371.125	0.5086
371.25	0.4992
371.375	0.4889
371.5	0.4834
371.625	0.4803
371.75	0.4772
371.875	0.4803
372.0	0.4866
372.125	0.5
372.25	0.507
372.375	0.5338
372.5	0.5566
372.625	0.5841
372.75	0.6077
372.875	0.6391
373.0	0.6674
373.125	0.6949
373.25	0.7185
373.375	0.7437
373.5	0.7617
373.625	0.772
373.75	0.7853
373.875	0.7869
374.0	0.7916
374.125	0.7948
374.25	0.7861
374.375	0.7775
374.5	0.761
374.625	0.7484
374.75	0.735
374.875	0.7224
375.0	0.7193
375.125	0.7224
375.25	0.7256
375.375	0.7366
375.5	0.7523
375.625	0.7822
375.75	0.8168
375.875	0.8577
376.0	0.8899
376.125	0.9418
376.25	0.9968
376.375	1.0597
376.5	1.1092
376.625	1.1627
376.75	1.213
376.875	1.2429
377.0	1.2838
377.125	1.338
377.25	1.3781
377.375	1.4363
377.5	1.463
377.625	1.5023
377.75	1.5369
377.875	1.5448
378.0	1.5668
378.125	1.5888
378.25	1.6194
378.375	1.6367
378.5	1.669
378.625	1.669
378.75	1.6988
378.875	1.7602
379.0	1.7657
379.125	1.7806
379.25	1.8058
379.375	1.8577
379.5	1.8875
379.625	1.9064
379.75	1.9284
379.875	1.941
380.0	1.9732
380.125	2.0125
380.25	2.0353
380.375	2.0479
380.5	2.066
380.625	2.077
380.75	2.0841
380.875	2.1077
381.0	2.1022
381.125	2.1084
381.25	2.1391
381.375	2.154
381.5	2.169
381.625	2.1705
381.75	2.1713
381.875	2.1721
382.0	2.1737
382.125	2.1768
382.25	2.2106
382.375	2.202
382.5	2.2413
382.625	2.2161
382.75	2.2201
382.875	2.191
383.0	2.121
383.125	2.0951
383.25	2.0919
383.375	2.1037
383.5	2.1265
383.625	2.1611
383.75	2.2051
383.875	2.2067
384.0	2.2633
384.125	2.2586
384.25	2.2452
384.375	2.2004
384.5	2.2075
384.625	2.2106
384.75	2.246
384.875	2.2421
385.0	2.2814
385.125	2.2476
385.25	2.2397
385.375	2.2822
385.5	2.3097
385.625	2.3647
385.75	2.3805
385.875	2.404
386.0	2.4347
386.125	2.4622
386.25	2.4591
386.375	1.7853
386.5	0.2051
386.625	0.2004
386.75	2.5338
386.875	2.599
387.0	2.6006
387.125	2.6069
387.25	2.6124
387.375	2.6108
387.5	2.5668
387.625	2.5518
387.75	2.5526
387.875	2.5306
388.0	2.4944
388.125	2.5204
388.25	2.5015
388.375	2.4992
388.5	2.4779
388.625	2.4842
388.75	2.4764
388.875	2.5015
389.0	2.5589
389.125	2.5919
389.25	2.6124
389.375	2.4536
389.5	0.2106
389.625	1.3435
389.75	2.5589
389.875	2.5911
390.0	2.7334
390.125	2.6941
390.25	2.768
390.375	2.7822
390.5	2.8309
390.625	2.8325
390.75	2.8042
390.875	2.7955
391.0	2.805
391.125	2.7814
391.25	2.7798
391.375	2.9355
391.5	2.9599
391.625	2.9394
391.75	2.9481
391.875	2.9496
392.0	2.9253
392.125	2.9418
392.25	2.9433
392.375	2.9575
392.5	2.9221
392.625	2.9292
392.75	2.9685
392.875	2.9827
393.0	2.9976
393.125	3.0039
393.25	2.9756
393.375	3.0055
393.5	3.0102
393.625	3.0377
393.75	3.0235
393.875	2.9897
394.0	2.9394
394.125	2.908
394.25	2.8891
394.375	2.849
394.5	2.9701
394.625	2.9921
394.75	2.9677
394.875	2.9952
395.0	2.9976
395.125	2.9732
395.25	2.9276
395.375	2.8404
395.5	2.8231
395.625	2.8396
395.75	2.7948
395.875	2.7531
396.0	2.8105
396.125	2.8018
396.25	2.669
396.375	2.6643
396.5	2.7625
396.625	2.9701
396.75	2.9323
396.875	2.9143
397.0	2.9347
397.125	2.8396
397.25	2.8168
397.375	2.8899
397.5	2.7405
397.625	2.7641
397.75	2.8522
397.875	2.9536
398.0	2.9693
398.125	2.9512
398.25	2.9921
398.375	2.9622
398.5	2.9347
398.625	2.915
398.75	2.9064
398.875	2.7209
399.0	2.6627
399.125	3.0306
399.25	3.0864
399.375	3.1029
399.5	3.1234
399.625	3.0007
399.75	2.9033
399.875	2.8781
400.0	2.6776
400.125	2.7775
400.25	2.9127
400.375	3.0204
400.5	3.0212
400.625	2.9787
400.75	2.875
400.875	2.8852
401.0	2.8962
401.125	2.9284
401.25	2.9426
401.375	2.8655
401.5	2.8396
401.625	2.8836
401.75	2.9371
401.875	2.9716
402.0	2.9205
402.125	2.8183
402.25	2.8396
402.375	2.9394
402.5	2.9371
402.625	2.9174
402.75	2.7751
402.875	2.9284
403.0	2.4261
403.125	2.1572
403.25	2.11
403.375	2.5495
403.5	2.2452
403.625	2.1808
403.75	2.4119
403.875	2.7885
404.0	2.8089
404.125	2.8364
404.25	2.7177
404.375	2.9575
404.5	2.9661
404.625	2.9457
404.75	2.9119
404.875	2.9394
405.0	2.9669
405.125	2.9992
405.25	2.9795
405.375	3.0039
405.5	2.8907
405.625	2.7444
405.75	2.6556
405.875	2.6548
406.0	2.4944
406.125	2.2044
406.25	1.9795
406.375	1.8954
406.5	1.8561
406.625	1.757
406.75	1.6768
406.875	2.2287
407.0	2.5723
407.125	2.7279
407.25	2.7437
407.375	2.75
407.5	2.6808
407.625	2.6949
407.75	2.7036
407.875	2.6635
408.0	2.6367
408.125	2.577
408.25	2.5298
408.375	2.4858
408.5	2.4347
408.625	2.4449
408.75	2.4378
408.875	2.4143
409.0	2.4638
409.125	2.4827
409.25	2.5385
409.375	2.5966
409.5	2.6399
409.625	2.7012
409.75	2.7303
409.875	2.7727
410.0	2.849
410.125	2.9127
410.25	2.9677
410.375	3.022
410.5	3.0558
410.625	3.0432
410.75	3.0534
410.875	3.0754
411.0	3.0636
411.125	3.0613
411.25	3.0227
411.375	3.0062
411.5	3.0078
411.625	2.9756
411.75	2.9261
411.875	3.0015
412.0	3.0117
412.125	3.0007
412.25	2.996
412.375	2.9811
412.5	2.9575
412.625	2.9481
412.75	2.9866
412.875	3.0157
413.0	3.0487
413.125	3.0762
413.25	3.1202
413.375	3.1666
413.5	3.2075
413.625	3.2327
413.75	3.2358
413.875	3.2657
414.0	3.3424
414.125	3.351
414.25	3.3612
414.375	3.3935
414.5	3.377
414.625	3.4123
414.75	3.4084
414.875	3.4108
415.0	3.377
415.125	3.3494
415.25	3.3793
415.375	3.3699
415.5	3.3612
415.625	3.2672
415.75	3.235
415.875	3.2382
416.0	3.2051
416.125	3.1855
416.25	3.1745
416.375	3.143
416.5	3.1242
416.625	3.1674
416.75	3.1902
416.875	3.1784
417.0	3.1863
417.125	3.1981
417.25	3.2122
417.375	3.2224
417.5	3.2444
417.625	3.2138
417.75	3.2484
417.875	3.3109
418.0	3.3392
418.125	3.3785
418.25	3.3801
418.375	3.3738
418.5	3.3935
418.625	3.4406
418.75	3.4265
418.875	3.4186
419.0	0.2507
419.125	0.2154
419.25	3.5067
419.375	3.5397
419.5	3.5586
419.625	3.5837
419.75	3.6042
419.875	3.5798
420.0	3.5971
420.125	3.5672
420.25	3.5994
420.375	3.6529
420.5	3.682
420.625	3.6694
420.75	3.6922
420.875	3.6914
421.0	3.7127
421.125	3.726
421.25	3.7292
421.375	3.7669
421.5	3.759
421.625	3.7402
421.75	3.7528
421.875	3.7803
422.0	3.8023
422.125	3.8259
422.25	3.8141
422.375	3.8384
422.5	3.8314
422.625	3.8345
422.75	3.8109
422.875	3.8046
423.0	3.7897
423.125	3.7905
423.25	3.8039
423.375	3.7881
423.5	3.7787
423.625	3.7551
423.75	3.7528
423.875	3.7323
424.0	3.6883
424.125	3.6844
424.25	3.6946
424.375	3.6891
424.5	3.6954
424.625	3.693
424.75	3.7402
424.875	3.7803
425.0	3.7732
425.125	3.8314
425.25	3.8188
425.375	3.8463
425.5	3.866
425.625	3.9249
425.75	3.9823
425.875	3.9965
426.0	4.0083
426.125	3.9917
426.25	4.013
426.375	4.013
426.5	4.0059
426.625	3.9744
426.75	3.9304
426.875	3.9328
427.0	3.98
427.125	4.0043
427.25	4.0263
427.375	4.0727
427.5	4.0004
427.625	4.0177
427.75	4.0743
427.875	4.1301
428.0	4.1466
428.125	4.1443
428.25	4.1403
428.375	4.1702
428.5	4.1466
428.625	4.1608
428.75	4.1427
428.875	4.0507
429.0	3.8935
429.125	4.0059
429.25	4.138
429.375	4.1741
429.5	4.1561
429.625	4.1537
429.75	4.123
429.875	4.0908
430.0	4.0578
430.125	4.0145
430.25	3.8982
430.375	3.9013
430.5	3.8667
430.625	3.8605
430.75	3.851
430.875	3.8188
431.0	3.8031
431.125	3.7693
431.25	3.7779
431.375	3.7622
431.5	3.7881
431.625	3.7638
431.75	3.7653
431.875	3.7119
432.0	3.7142
432.125	3.7818
432.25	3.7811
432.375	3.7873
432.5	3.7905
432.625	3.7661
432.75	3.7913
432.875	3.8141
433.0	3.8117
433.125	3.7999
433.25	3.8141
433.375	3.8384
433.5	3.8196
433.625	3.7928
433.75	3.7795
433.875	3.8699
434.0	3.8864
434.125	3.9344
434.25	3.9202
434.375	3.9186
434.5	3.9304
434.625	3.9807
434.75	3.9886
434.875	3.9493
435.0	3.9304
435.125	3.9139
435.25	3.9202
435.375	3.9399
435.5	3.8958
435.625	3.9029
435.75	3.9344
435.875	3.9359
436.0	3.9461
436.125	3.9281
436.25	3.9092
436.375	3.9139
436.5	3.9202
436.625	3.8801
436.75	3.8361
436.875	3.8267
437.0	3.7567
437.125	3.7402
437.25	3.7472
437.375	3.7881
437.5	3.807
437.625	3.8188
437.75	3.8392
437.875	3.8274
438.0	3.8298
438.125	3.8597
438.25	3.8479
438.375	3.8943
438.5	3.8754
438.625	3.8888
438.75	3.8801
438.875	3.8691
439.0	3.8337
439.125	3.8345
439.25	3.8612
439.375	3.8911
439.5	3.888
439.625	3.7795
439.75	3.7307
439.875	3.6663
440.0	3.7433
440.125	3.7748
440.25	3.7622
440.375	3.7724
440.5	3.7528
440.625	3.7362
440.75	3.7378
440.875	3.7567
441.0	3.8188
441.125	3.8094
441.25	3.818
441.375	3.8306
441.5	3.8204
441.625	3.7826
441.75	3.7842
441.875	3.7292
442.0	3.7315
442.125	3.7661
442.25	3.7504
442.375	3.7826
442.5	3.7677
442.625	3.7905
442.75	3.8078
442.875	3.8125
443.0	3.7858
443.125	3.7567
443.25	3.7583
443.375	3.7331
443.5	3.7394
443.625	3.7614
443.75	3.7787
443.875	3.7873
444.0	3.7724
444.125	3.7386
444.25	3.7708
444.375	3.7355
444.5	3.7347
444.625	3.7425
444.75	3.7009
444.875	3.6804
445.0	3.6112
445.125	3.52
445.25	3.4674
445.375	3.5067
445.5	3.4996
445.625	3.5444
445.75	3.5987
445.875	3.6152
446.0	3.59
446.125	3.5554
446.25	3.6128
446.375	3.5916
446.5	3.5609
446.625	3.5334
446.75	3.5059
446.875	3.4642
447.0	3.4202
447.125	3.2413
447.25	3.2342
447.375	3.191
447.5	3.1894
447.625	3.1611
447.75	3.0966
447.875	3.1564
448.0	3.1336
448.125	3.1014
448.25	3.213
448.375	3.1745
448.5	3.1415
448.625	3.1297
448.75	3.1037
448.875	3.007
449.0	3.0463
449.125	3.0904
449.25	3.0778
449.375	2.8946
449.5	2.8616
449.625	3.0566
449.75	3.1407
449.875	3.4013
450.0	3.4233
450.125	3.5523
450.25	3.355
450.375	2.9992
450.5	2.6635
450.625	2.3207
450.75	2.4386
450.875	2.8176
451.0	2.9347
451.125	3.2012
451.25	3.3196
451.375	3.4941
451.5	3.4705
451.625	3.5515
451.75	3.6317
451.875	3.627
452.0	3.6506
452.125	3.6458
452.25	3.6623
452.375	3.5035
452.5	3.4902
452.625	3.257
452.75	3.3597
452.875	3.5586
453.0	3.7064
453.125	3.6765
453.25	3.7205
453.375	3.7237
453.5	3.7079
453.625	3.7032
453.75	3.6796
453.875	3.7111
454.0	3.6804
454.125	3.6796
454.25	3.6969
454.375	3.6443
454.5	3.6553
454.625	3.6553
454.75	3.682
454.875	3.7276
455.0	3.6954
455.125	3.7323
455.25	3.7284
455.375	3.7535
455.5	3.759
455.625	3.774
455.75	3.8109
455.875	3.7936
456.0	3.7873
456.125	3.7535
456.25	3.7056
456.375	3.645
456.5	3.693
456.625	3.7252
456.75	3.7213
456.875	3.7512
457.0	3.7079
457.125	3.7276
457.25	3.7111
457.375	3.7347
457.5	3.7622
457.625	3.7826
457.75	3.8502
457.875	3.818
458.0	3.7944
458.125	3.7889
458.25	3.7983
458.375	3.7787
458.5	3.7928
458.625	3.7598
458.75	3.7543
458.875	3.7559
459.0	3.785
459.125	3.7795
459.25	3.7323
459.375	3.763
459.5	3.7638
459.625	3.7779
459.75	3.7355
459.875	3.7873
460.0	3.7803
460.125	3.7936
460.25	3.7166
460.375	3.7284
460.5	3.7488
460.625	3.7433
460.75	3.741
460.875	3.6867
461.0	3.6317
461.125	3.5892
461.25	3.5468
461.375	3.5924
461.5	3.6309
461.625	3.5924
461.75	3.5979
461.875	3.634
462.0	3.6395
462.125	3.6631
462.25	3.6183
462.375	3.5814
462.5	3.5232
462.625	3.5051
462.75	3.5303
462.875	3.5248
463.0	3.4807
463.125	3.4328
463.25	3.3581
463.375	3.2688
463.5	3.1996
463.625	3.1839
463.75	3.1187
463.875	3.0165
464.0	3.0503
464.125	3.0227
464.25	3.0322
464.375	3.0495
464.5	3.0196
464.625	3.0267
464.75	3.0361
464.875	3.0487
465.0	3.0856
465.125	3.1139
465.25	3.1525
465.375	3.1218
465.5	3.1533
465.625	3.1973
465.75	3.2154
465.875	3.34
466.0	3.3699
466.125	3.3243
466.25	3.4399
466.375	3.5012
466.5	3.5075
466.625	3.5208
466.75	3.5067
466.875	3.4972
467.0	3.5114
467.125	3.5185
467.25	3.5523
467.375	3.5436
467.5	3.5279
467.625	3.5373
467.75	3.5641
467.875	3.5853
468.0	3.6057
468.125	3.5822
468.25	3.6026
468.375	3.5601
468.5	3.5523
468.625	3.513
468.75	3.4674
468.875	3.4831
469.0	3.5279
469.125	3.5193
469.25	3.5028
469.375	3.5051
469.5	3.524
469.625	3.5153
469.75	3.5028
469.875	3.5161
470.0	3.4886
470.125	3.4752
470.25	3.4689
470.375	3.4611
470.5	3.4383
470.625	3.4792
470.75	3.4634
470.875	3.4446
471.0	3.4391
471.125	3.4823
471.25	3.4902
471.375	3.5098
471.5	3.5421
471.625	3.5303
471.75	3.5539
471.875	3.5743
472.0	3.5468
472.125	3.5428
472.25	3.5428
472.375	3.5845
472.5	3.5688
472.625	3.5704
472.75	3.5263
472.875	3.5028
473.0	3.4689
473.125	3.5452
473.25	3.5287
473.375	3.5208
473.5	3.5004
473.625	3.4917
473.75	3.476
473.875	3.4524
474.0	3.4807
474.125	3.4902
474.25	3.4006
474.375	3.0023
474.5	3.3463
474.625	3.4682
474.75	3.5444
474.875	3.5617
475.0	3.5075
475.125	3.3675
475.25	3.377
475.375	3.5012
475.5	3.487
475.625	3.3943
475.75	3.4108
475.875	3.4556
476.0	3.4847
476.125	3.4674
476.25	3.5028
476.375	3.502
476.5	3.5287
476.625	3.5153
476.75	3.4941
476.875	3.52
477.0	3.509
477.125	3.5256
477.25	3.509
477.375	3.5145
477.5	3.4886
477.625	3.5177
477.75	3.4941
477.875	3.4666
478.0	3.4603
478.125	3.4501
478.25	3.4312
478.375	3.3958
478.5	3.3864
478.625	3.377
478.75	3.3447
478.875	3.3439
479.0	3.3605
479.125	3.355
479.25	3.3345
479.375	3.3306
479.5	3.3235
479.625	3.3518
479.75	3.3439
479.875	3.3888
480.0	3.3825
480.125	3.4139
480.25	3.3809
480.375	3.4053
480.5	3.4139
480.625	3.3699
480.75	3.3707
480.875	3.351
481.0	3.3251
481.125	3.0762
481.25	3.0369
481.375	3.0974
481.5	3.2201
481.625	3.3526
481.75	3.395
481.875	3.4556
482.0	3.443
482.125	3.4289
482.25	3.4037
482.375	3.4438
482.5	3.4422
482.625	3.4658
482.75	3.4823
482.875	3.5287
483.0	3.4886
483.125	3.4768
483.25	3.4855
483.375	3.4855
483.5	3.5625
483.625	3.5491
483.75	3.6034
483.875	3.4831
484.0	3.5735
484.125	3.6089
484.25	3.6246
484.375	3.5656
484.5	3.5947
484.625	3.6002
484.75	3.5523
484.875	3.5531
485.0	3.5059
485.125	3.4587
485.25	3.388
485.375	3.3746
485.5	3.2413
485.625	3.2044
485.75	3.2004
485.875	3.2059
486.0	3.2704
486.125	3.2177
486.25	3.2311
486.375	3.3557
486.5	3.3691
486.625	3.3801
486.75	3.2617
486.875	3.1761
487.0	3.1949
487.125	3.3109
487.25	3.3581
487.375	3.3463
487.5	3.2594
487.625	3.3251
487.75	3.1226
487.875	3.2374
488.0	3.3573
488.125	3.4713
488.25	3.4611
488.375	3.4886
488.5	3.5287
488.625	3.5256
488.75	3.546
488.875	3.5303
489.0	3.5161
489.125	3.5161
489.25	3.513
489.375	3.454
489.5	3.4579
489.625	3.476
489.75	3.4273
489.875	3.4579
490.0	3.4642
490.125	3.4469
490.25	3.465
490.375	3.4422
490.5	3.4524
490.625	3.4839
490.75	3.4218
490.875	3.366
491.0	3.3667
491.125	3.4021
491.25	3.4155
491.375	3.4076
491.5	3.3958
491.625	3.4226
491.75	3.4359
491.875	3.443
492.0	3.4556
492.125	3.4359
492.25	3.4155
492.375	3.4048
492.5	3.4092
492.625	3.4344
492.75	3.4139
492.875	3.4257
493.0	3.4627
493.125	3.399
493.25	3.4399
493.375	3.4202
493.5	3.3927
493.625	3.4218
493.75	3.3848
493.875	3.3149
494.0	3.318
494.125	3.2665
494.25	3.2177
494.375	3.1886
494.5	3.1375
494.625	3.0911
494.75	3.1155
494.875	3.0424
495.0	3.0636
495.125	3.029
495.25	3.033
495.375	2.9976
495.5	2.9968
495.625	3.0102
495.75	2.9929
495.875	2.9897
496.0	3.0039
496.125	3.0471
496.25	3.0361
496.375	3.0668
496.5	3.0825
496.625	3.0746
496.75	3.1132
496.875	3.1297
497.0	3.1776
497.125	3.1996
497.25	3.2334
497.375	3.2586
497.5	3.2429
497.625	3.2256
497.75	3.2122
497.875	3.2649
498.0	3.2232
498.125	3.2248
498.25	3.2429
498.375	3.2342
498.5	3.2594
498.625	3.2767
498.75	3.3078
498.875	3.3298
499.0	2.9937
499.125	0.2067
499.25	2.121
499.375	3.3337
499.5	3.3298
499.625	3.1902
499.75	3.1493
499.875	3.0597
500.0	3.011
500.125	3.033
500.25	3.0801
500.375	3.0872
500.5	3.1383
500.625	3.0904
500.75	3.1014
500.875	3.0833
501.0	3.0503
501.125	3.0471
501.25	2.93
501.375	3.0117
501.5	3.022
501.625	3.0259
501.75	2.9724
501.875	2.9504
502.0	3.099
502.125	3.0943
502.25	3.1643
502.375	3.2091
502.5	3.2421
502.625	3.2712
502.75	3.2452
502.875	3.1501
503.0	3.11
503.125	3.0235
503.25	3.2672
503.375	3.2366
503.5	3.2342
503.625	3.2209
503.75	3.2201
503.875	3.2004
504.0	3.1281
504.125	3.1438
504.25	3.1572
504.375	3.1509
504.5	3.1509
504.625	3.1077
504.75	3.0998
504.875	3.0621
505.0	3.0888
505.125	3.0872
505.25	3.0668
505.375	3.0448
505.5	3.0683
505.625	3.0589
505.75	3.0856
505.875	3.1187
506.0	3.1477
506.125	3.1705
506.25	3.1996
506.375	3.272
506.5	3.1973
506.625	3.158
506.75	3.2154
506.875	3.2735
507.0	3.3675
507.125	3.3447
507.25	3.2507
507.375	3.2507
507.5	3.2672
507.625	3.2507
507.75	3.2389
507.875	3.2256
508.0	3.2397
508.125	3.2154
508.25	3.2429
508.375	3.2751
508.5	3.2759
508.625	3.3667
508.75	3.3463
508.875	3.3605
509.0	3.3267
509.125	3.2688
509.25	3.3314
509.375	3.3149
509.5	3.2531
509.625	3.2704
509.75	3.3164
509.875	3.2712
510.0	3.261
510.125	3.2405
510.25	3.2523
510.375	3.246
510.5	3.2374
510.625	3.2209
510.75	3.1957
510.875	3.1666
511.0	3.1061
511.125	3.1556
511.25	3.1737
511.375	3.2051
511.5	3.2374
511.625	3.2083
511.75	3.1996
511.875	3.1949
512.0	3.2209
512.125	3.2075
512.25	3.2106
512.375	3.1996
512.5	3.2295
512.625	3.2696
512.75	3.3054
512.875	3.268
513.0	3.2492
513.125	3.2154
513.25	3.1988
513.375	3.2311
513.5	3.2382
513.625	3.2287
513.75	3.2382
513.875	3.2327
514.0	3.2059
514.125	3.1745
514.25	3.1808
514.375	3.2201
514.5	3.1965
514.625	3.1878
514.75	3.1816
514.875	3.1603
515.0	3.0974
515.125	3.0959
515.25	3.0856
515.375	3.0896
515.5	3.0927
515.625	3.0951
515.75	3.1147
515.875	3.1084
516.0	3.1045
516.125	3.0778
516.25	3.1477
516.375	3.1808
516.5	3.1391
516.625	3.1069
516.75	3.1116
516.875	3.0566
517.0	3.0259
517.125	2.875
517.25	2.8718
517.375	2.8812
517.5	2.8734
517.625	2.9504
517.75	2.941
517.875	2.9009
518.0	2.897
518.125	2.93
518.25	2.9536
518.375	2.985
518.5	3.0078
518.625	2.9984
518.75	2.9889
518.875	2.9575
519.0	2.9882
519.125	3.0015
519.25	3.0243
519.375	3.0039
519.5	2.9992
519.625	2.9669
519.75	2.8797
519.875	2.9677
520.0	2.9897
520.125	3.0062
520.25	2.9968
520.375	1.7334
520.5	0.1973
520.625	0.2665
520.75	2.9929
520.875	3.0235
521.0	3.022
521.125	3.0298
521.25	3.04
521.375	3.0361
521.5	3.0055
521.625	2.9528
521.75	2.974
521.875	3.0196
522.0	3.0833
522.125	3.0786
522.25	3.0817
522.375	3.088
522.5	3.088
522.625	3.0943
522.75	3.0872
522.875	3.0919
523.0	3.0542
523.125	3.0345
523.25	3.0597
523.375	3.0558
523.5	3.0534
523.625	3.04
523.75	3.0534
523.875	3.0644
524.0	3.0699
524.125	3.0377
524.25	3.0833
524.375	3.066
524.5	3.0715
524.625	3.044
524.75	3.0023
524.875	3.0172
525.0	2.3325
525.125	2.7382
525.25	2.7185
525.375	2.0369
525.5	1.6218
525.625	1.5086
525.75	1.4261
525.875	1.4229
526.0	1.3506
526.125	1.6375
526.25	1.7727
526.375	2.5856
526.5	2.9473
526.625	2.8632
526.75	2.7484
526.875	2.8616
527.0	2.9158
527.125	2.9622
527.25	2.8883
527.375	2.4025
527.5	2.6061
527.625	2.9638
527.75	3.0094
527.875	2.9638
528.0	2.9504
528.125	2.9544
528.25	2.5479
528.375	2.4268
528.5	2.7216
528.625	2.8954
528.75	2.8922
528.875	2.9661
529.0	2.9473
529.125	0.7279
529.25	0.6029
529.375	0.4528
529.5	0.8883
529.625	1.8207
529.75	2.9882
529.875	2.996
530.0	2.9732
530.125	2.985
530.25	2.9583
530.375	2.9205
530.5	2.9095
530.625	2.9748
530.75	2.9449
530.875	2.9583
531.0	2.9567
531.125	2.9025
531.25	2.952
531.375	2.8867
531.5	2.897
531.625	2.9237
531.75	2.882
531.875	1.0856
532.0	1.4583
532.125	2.9394
532.25	2.79
532.375	2.8042
532.5	2.838
532.625	2.8679
532.75	2.8577
532.875	2.8466
533.0	2.7987
533.125	2.4143
533.25	2.2358
533.375	1.6548
533.5	1.5872
533.625	1.4158
533.75	1.0298
533.875	0.8922
534.0	0.713
534.125	1.7201
534.25	2.2932
534.375	2.4308
534.5	2.7232
534.625	2.7672
534.75	2.7531
534.875	2.7602
535.0	2.5786
535.125	2.4724
535.25	2.7169
535.375	2.7743
535.5	2.7484
535.625	2.7146
535.75	2.6407
535.875	2.2122
536.0	2.224
536.125	2.5778
536.25	2.1902
536.375	1.3419
536.5	2.0416
536.625	2.2712
536.75	2.7146
536.875	2.7649
537.0	2.6823
537.125	2.7256
537.25	2.6902
537.375	2.5196
537.5	1.974
537.625	2.5904
537.75	2.7342
537.875	2.7004
538.0	2.5927
538.125	2.4229
538.25	2.6202
538.375	2.6014
538.5	2.4779
538.625	2.75
538.75	2.746
538.875	2.7727
539.0	2.7822
539.125	2.7908
539.25	2.7885
539.375	2.7452
539.5	2.7389
539.625	2.7775
539.75	2.6839
539.875	2.6957
540.0	2.7311
540.125	2.7767
540.25	2.7767
540.375	2.7586
540.5	2.7523
540.625	2.7099
540.75	2.6053
540.875	2.5801
541.0	2.4292
541.125	2.5613
541.25	2.5416
541.375	2.4528
541.5	2.5786
541.625	2.6446
541.75	2.6493
541.875	2.6477
542.0	2.6949
542.125	2.7248
542.25	2.7452
542.375	2.7193
542.5	2.691
542.625	2.6768
542.75	2.6902
542.875	2.6855
543.0	2.6792
543.125	2.6863
543.25	2.6485
543.375	2.6415
543.5	2.6391
543.625	2.6265
543.75	2.6572
543.875	2.6533
544.0	2.643
544.125	2.6454
544.25	2.647
544.375	2.647
544.5	2.6674
544.625	2.6603
544.75	2.6698
544.875	2.691
545.0	2.6336
545.125	2.6297
545.25	2.6674
545.375	2.6816
545.5	2.6509
545.625	2.6446
545.75	2.6595
545.875	2.6422
546.0	2.5927
546.125	2.5408
546.25	2.544
546.375	2.6147
546.5	2.5503
546.625	2.6257
546.75	2.636
546.875	2.6265
547.0	2.6194
547.125	2.6155
547.25	2.6289
547.375	2.6155
547.5	2.6092
547.625	2.5683
547.75	2.577
547.875	2.5849
548.0	2.485
548.125	2.3836
548.25	2.4787
548.375	2.5133
548.5	2.5487
548.625	2.518
548.75	2.5188
548.875	2.4677
549.0	2.4795
549.125	2.5188
549.25	2.544
549.375	2.5581
549.5	2.5471
549.625	2.5558
549.75	2.5754
549.875	2.5872
550.0	2.6029
550.125	2.6084
550.25	2.5888
550.375	2.5966
550.5	2.6014
550.625	2.6092
550.75	2.625
550.875	2.6155
551.0	2.6155
551.125	2.6289
551.25	2.6218
551.375	2.6069
551.5	2.6194
551.625	2.6108
551.75	2.6084
551.875	2.599
552.0	2.6069
552.125	2.6022
552.25	2.5904
552.375	2.5691
552.5	2.5542
552.625	2.5518
552.75	2.5558
552.875	2.5581
553.0	2.5479
553.125	2.5267
553.25	2.4378
553.375	2.3608
553.5	2.2272
553.625	1.7059
553.75	1.5039
553.875	2.224
554.0	2.4426
554.125	2.4143
554.25	2.3789
554.375	2.4465
554.5	2.3663
554.625	2.3742
554.75	2.4567
554.875	2.5188
555.0	2.4819
555.125	2.4174
555.25	1.915
555.375	2.1588
555.5	2.2861
555.625	2.375
555.75	2.4646
555.875	2.4716
556.0	2.4669
556.125	2.4772
556.25	2.4614
556.375	2.4599
556.5	2.452
556.625	2.4512
556.75	2.4402
556.875	2.4496
557.0	2.4787
557.125	2.4221
557.25	2.4473
557.375	2.4583
557.5	2.4591
557.625	2.4622
557.75	2.3907
557.875	2.3907
558.0	2.3569
558.125	2.3537
558.25	2.3364
558.375	2.3349
558.5	2.3427
558.625	2.261
558.75	2.2665
558.875	2.3883
559.0	2.404
559.125	2.4025
559.25	2.4308
559.375	2.43
559.5	2.4213
559.625	2.4323
559.75	2.4308
559.875	2.4449
560.0	2.4363
560.125	2.4378
560.25	2.4261
560.375	2.3309
560.5	2.4095
560.625	2.0133
560.75	1.4622
560.875	1.1155
561.0	1.3506
561.125	2.3404
561.25	2.4575
561.375	2.4638
561.5	2.4897
561.625	2.4599
561.75	2.4764
561.875	2.4756
562.0	2.4772
562.125	2.4709
562.25	2.4386
562.375	2.4512
562.5	2.4669
562.625	2.4496
562.75	2.4394
562.875	2.3443
563.0	2.3364
563.125	1.8435
563.25	1.1147
563.375	1.1627
563.5	0.9048
563.625	1.4827
563.75	2.0801
563.875	2.1792
564.0	2.0369
564.125	2.2146
564.25	2.2059
564.375	2.0149
564.5	2.2421
564.625	2.2979
564.75	2.2838
564.875	2.0786
565.0	2.0149
565.125	2.147
565.25	2.2838
565.375	2.3372
565.5	2.3341
565.625	2.3136
565.75	2.3011
565.875	2.29
566.0	2.2311
566.125	2.1281
566.25	2.1705
566.375	2.1454
566.5	2.1242
566.625	2.1485
566.75	2.1572
566.875	2.0998
567.0	2.029
567.125	2.0636
567.25	2.1163
567.375	2.1053
567.5	2.1265
567.625	2.143
567.75	2.1548
567.875	2.1721
568.0	2.1643
568.125	2.1823
568.25	2.2193
568.375	2.2264
568.5	2.2476
568.625	2.2672
568.75	1.9606
568.875	1.5165
569.0	1.8207
569.125	2.1116
569.25	2.1415
569.375	2.0149
569.5	1.1666
569.625	2.2287
569.75	1.5589
569.875	0.6981
570.0	2.2507
570.125	2.2704
570.25	2.2885
570.375	2.2775
570.5	2.268
570.625	2.2539
570.75	2.2515
570.875	2.2617
571.0	2.261
571.125	2.2594
571.25	2.2444
571.375	2.2374
571.5	2.2429
571.625	2.2374
571.75	2.2303
571.875	2.2091
572.0	2.2185
572.125	2.2201
572.25	2.2091
572.375	2.165
572.5	2.2075
572.625	2.2177
572.75	2.1981
572.875	2.1611
573.0	2.158
573.125	2.1509
573.25	2.1509
573.375	2.1737
573.5	2.1753
573.625	2.1006
573.75	2.1446
573.875	2.1776
574.0	2.1965
574.125	2.1816
574.25	2.202
574.375	2.1588
574.5	2.1525
574.625	2.1933
574.75	2.1894
574.875	2.1454
575.0	2.11
575.125	1.9198
575.25	1.963
575.375	2.1242
575.5	2.1847
575.625	2.1698
575.75	2.165
575.875	2.132
576.0	2.099
576.125	2.0235
576.25	2.1501
576.375	2.1037
576.5	2.1509
576.625	2.1517
576.75	2.1588
576.875	2.1588
577.0	2.165
577.125	2.1823
577.25	2.1658
577.375	2.1454
577.5	2.1344
577.625	2.1509
577.75	2.1477
577.875	2.1391
578.0	2.1336
578.125	2.1022
578.25	2.1069
578.375	2.1202
578.5	2.0856
578.625	2.0794
578.75	2.0754
578.875	2.0511
579.0	1.8781
579.125	1.9017
579.25	2.0133
579.375	2.0558
579.5	2.0833
579.625	2.0778
579.75	2.0794
579.875	2.066
580.0	2.0408
580.125	2.0393
580.25	2.055
580.375	2.0566
580.5	2.0581
580.625	2.0487
580.75	2.0511
580.875	2.0306
581.0	1.9968
581.125	2.018
581.25	2.044
581.375	2.0479
581.5	2.0314
581.625	2.0243
581.75	2.0062
581.875	1.9897
582.0	1.9449
582.125	1.7916
582.25	1.805
582.375	1.9779
582.5	1.9834
582.625	1.8812
582.75	2.0322
582.875	2.0943
583.0	2.1045
583.125	2.1108
583.25	2.0872
583.375	2.1179
583.5	2.1124
583.625	2.1014
583.75	2.0786
583.875	2.0896
584.0	2.1006
584.125	2.0974
584.25	2.099
584.375	2.0786
584.5	2.0966
584.625	2.0856
584.75	2.0943
584.875	2.0754
585.0	2.0534
585.125	2.0715
585.25	2.011
585.375	1.9834
585.5	2.0369
585.625	2.0644
585.75	2.0542
585.875	2.0267
586.0	2.022
586.125	2.0251
586.25	2.007
586.375	1.9937
586.5	2.0039
586.625	2.0
586.75	2.0007
586.875	1.9968
587.0	1.9937
587.125	1.9937
587.25	1.9897
587.375	1.9889
587.5	1.9764
587.625	1.9606
587.75	1.9378
587.875	1.9599
588.0	1.9646
588.125	1.9544
588.25	1.9449
588.375	1.9599
588.5	1.9669
588.625	1.9732
588.75	1.9701
588.875	1.9889
589.0	1.9889
589.125	1.9929
589.25	1.9929
589.375	1.9811
589.5	1.9819
589.625	2.0007
589.75	1.9819
589.875	1.9874
590.0	1.9591
590.125	1.9606
590.25	1.974
590.375	1.9591
590.5	1.9834
590.625	1.963
590.75	1.9575
590.875	1.9394
591.0	1.9473
591.125	1.9441
591.25	1.9441
591.375	1.9599
591.5	1.9559
591.625	1.9473
591.75	1.9591
591.875	1.9378
592.0	1.9237
592.125	1.9088
592.25	1.871
592.375	1.8915
592.5	1.8789
592.625	1.8624
592.75	1.8954
592.875	1.9229
593.0	1.9253
593.125	1.904
593.25	1.9056
593.375	1.9292
593.5	1.9205
593.625	1.9119
593.75	1.9119
593.875	1.9009
594.0	1.8954
594.125	1.8616
594.25	1.8867
594.375	1.8946
594.5	1.9009
594.625	1.8883
594.75	1.8812
594.875	1.8812
595.0	1.8899
595.125	1.8883
595.25	1.8781
595.375	1.8954
595.5	1.8946
595.625	1.8899
595.75	1.897
595.875	1.919
596.0	1.908
596.125	1.8883
596.25	1.8781
596.375	1.9025
596.5	1.915
596.625	1.9135
596.75	1.9237
596.875	1.9205
597.0	1.9308
597.125	1.9095
597.25	1.8938
597.375	1.8907
597.5	1.9033
597.625	1.9111
597.75	1.9261
597.875	1.9166
598.0	1.8938
598.125	1.897
598.25	1.8805
598.375	1.8757
598.5	1.875
598.625	1.8773
598.75	1.8694
598.875	1.86
599.0	1.8655
599.125	1.8459
599.25	1.8168
599.375	1.7743
599.5	1.8073
599.625	1.8066
599.75	1.8435
599.875	1.8309
600.0	1.8246
600.125	1.8396
600.25	1.8254
600.375	1.8459
600.5	1.8529
600.625	1.8396
600.75	1.8372
600.875	1.8459
601.0	1.8317
601.125	1.8073
601.25	1.8333
601.375	1.8207
601.5	1.8026
601.625	1.794
601.75	1.7861
601.875	1.8034
602.0	1.8003
602.125	1.7798
602.25	1.7437
602.375	1.7885
602.5	1.7861
602.625	1.7735
602.75	1.7767
602.875	1.7649
603.0	1.7672
603.125	1.7696
603.25	1.7735
603.375	1.783
603.5	1.7814
603.625	1.772
603.75	1.7476
603.875	1.757
604.0	1.7507
604.125	1.6588
604.25	1.6477
604.375	1.6297
604.5	1.5542
604.625	1.5683
604.75	1.5243
604.875	1.3907
605.0	1.4559
605.125	1.3577
605.25	1.4308
605.375	1.4284
605.5	1.2869
605.625	1.1108
605.75	1.1328
605.875	1.1391
606.0	1.2303
606.125	1.3639
606.25	1.5204
606.375	1.6556
606.5	1.7287
606.625	1.7319
606.75	1.7264
606.875	1.7311
607.0	1.7224
607.125	1.7272
607.25	1.7256
607.375	1.7177
607.5	1.7209
607.625	1.7311
607.75	1.7327
607.875	1.7083
608.0	1.6949
608.125	1.6918
608.25	1.669
608.375	0.2169
608.5	0.1965
608.625	1.5841
608.75	1.6179
608.875	1.6069
609.0	1.636
609.125	1.6226
609.25	1.6257
609.375	1.647
609.5	1.6572
609.625	1.6477
609.75	1.6265
609.875	1.6084
610.0	1.6163
610.125	1.5723
610.25	1.6187
610.375	1.6108
610.5	1.625
610.625	1.6572
610.75	1.6572
610.875	0.7539
611.0	0.1965
611.125	1.5966
611.25	1.6627
611.375	1.632
611.5	1.6132
611.625	1.6509
611.75	1.665
611.875	1.6886
612.0	1.6894
612.125	1.6886
612.25	1.691
612.375	1.6894
612.5	1.6918
612.625	1.6855
612.75	1.6871
612.875	1.6627
613.0	1.6705
613.125	1.669
613.25	1.669
613.375	1.6721
613.5	1.6839
613.625	1.6713
613.75	1.6698
613.875	1.6627
614.0	1.6572
614.125	1.6674
614.25	1.6713
614.375	1.6713
614.5	1.6761
614.625	1.6713
614.75	1.669
614.875	1.6619
615.0	1.6666
615.125	1.6784
615.25	1.6705
615.375	1.6674
615.5	1.6784
615.625	1.6603
615.75	1.658
615.875	1.6705
616.0	1.6745
616.125	1.6713
616.25	1.6611
616.375	1.6533
616.5	1.6485
616.625	1.647
616.75	1.6352
616.875	1.6375
617.0	1.6446
617.125	1.636
617.25	1.6273
617.375	1.6391
617.5	1.6265
617.625	1.6265
617.75	1.6147
617.875	1.6202
618.0	1.6116
618.125	1.6132
618.25	1.6132
618.375	1.6006
618.5	1.6061
618.625	1.5904
618.75	1.5833
618.875	1.5849
619.0	1.5817
619.125	1.5731
619.25	1.5636
619.375	1.5518
619.5	1.5479
619.625	1.5361
619.75	1.5487
619.875	1.5566
620.0	1.5408
620.125	1.5668
620.25	1.5786
620.375	1.5699
620.5	1.5503
620.625	1.529
620.75	1.5345
620.875	1.5479
621.0	1.5487
621.125	1.5416
621.25	1.5432
621.375	1.54
621.5	1.5511
621.625	1.54
621.75	1.5416
621.875	1.5455
622.0	1.5448
622.125	1.5676
622.25	1.5683
622.375	1.5621
622.5	1.5487
622.625	1.5455
622.75	1.5314
622.875	1.5338
623.0	1.5212
623.125	1.5165
623.25	1.5322
623.375	1.5424
623.5	1.5385
623.625	1.5314
623.75	1.5369
623.875	1.5212
624.0	1.5251
624.125	1.5322
624.25	1.5204
624.375	1.529
624.5	1.5298
624.625	1.5275
624.75	1.5165
624.875	1.5188
625.0	1.5204
625.125	1.5204
625.25	1.5165
625.375	1.507
625.5	1.5086
625.625	1.507
625.75	1.5078
625.875	1.5007
626.0	1.5023
626.125	1.5015
626.25	1.4968
626.375	1.4882
626.5	1.4779
626.625	1.4827
626.75	1.4834
626.875	1.4756
627.0	1.4661
627.125	1.4677
627.25	1.4693
627.375	1.4732
627.5	1.4441
627.625	1.4253
627.75	1.4433
627.875	1.4567
628.0	1.4701
628.125	1.4394
628.25	1.4095
628.375	1.4261
628.5	1.4787
628.625	1.4693
628.75	1.4756
628.875	1.4716
629.0	1.4669
629.125	1.4614
629.25	1.4559
629.375	1.4622
629.5	1.4685
629.625	1.4709
629.75	1.4606
629.875	1.4669
630.0	1.4559
630.125	1.4536
630.25	1.4559
630.375	1.4433
630.5	1.4496
630.625	1.4481
630.75	1.43
630.875	1.3977
631.0	0.1981
631.125	0.9858
631.25	1.3663
631.375	1.3844
631.5	1.3632
631.625	1.2586
631.75	1.2814
631.875	1.327
632.0	1.3592
632.125	1.3797
632.25	1.3388
632.375	1.3349
632.5	1.3309
632.625	1.3278
632.75	1.3356
632.875	1.2177
633.0	1.1399
633.125	1.0849
633.25	1.1682
633.375	1.1399
633.5	1.2138
633.625	1.2264
633.75	1.2279
633.875	1.2075
634.0	1.2114
634.125	1.1847
634.25	1.0369
634.375	1.1816
634.5	1.1839
634.625	1.18
634.75	1.1855
634.875	1.1839
635.0	1.2209
635.125	1.2437
635.25	1.2539
635.375	1.2539
635.5	1.2594
635.625	1.2657
635.75	1.2822
635.875	1.2916
636.0	1.2861
636.125	1.3003
636.25	1.3238
636.375	1.3325
636.5	1.3325
636.625	1.3372
636.75	1.3404
636.875	1.338
637.0	1.3349
637.125	1.3411
637.25	1.3341
637.375	1.3435
637.5	1.3443
637.625	1.3451
637.75	1.3522
637.875	1.3451
638.0	1.3498
638.125	1.3419
638.25	1.349
638.375	1.3466
638.5	1.3474
638.625	1.3553
638.75	1.3522
638.875	1.3419
639.0	1.3301
639.125	1.3301
639.25	1.3278
639.375	1.3246
639.5	1.3333
639.625	1.3356
639.75	1.3396
639.875	1.338
640.0	1.3388
640.125	1.3404
640.25	1.3325
640.375	1.3317
640.5	1.3183
640.625	1.3199
640.75	1.3254
640.875	1.3333
641.0	1.3034
641.125	1.3034
641.25	1.3073
641.375	1.3199
641.5	1.316
641.625	1.3113
641.75	1.3121
641.875	1.3238
642.0	1.327
642.125	1.3262
642.25	1.3207
642.375	1.3254
642.5	1.3207
642.625	1.3191
642.75	1.3207
642.875	1.3144
643.0	1.3152
643.125	1.305
643.25	1.305
643.375	1.3034
643.5	1.305
643.625	1.305
643.75	1.3042
643.875	1.2971
644.0	1.2987
644.125	1.2885
644.25	1.2893
644.375	1.2924
644.5	1.29
644.625	1.2822
644.75	1.2798
644.875	1.2775
645.0	1.2767
645.125	1.2814
645.25	1.2751
645.375	1.2845
645.5	1.2885
645.625	1.2845
645.75	1.279
645.875	1.2853
646.0	1.2814
646.125	1.2822
646.25	1.2727
646.375	1.2775
646.5	1.2822
646.625	1.2704
646.75	1.2743
646.875	1.2751
647.0	1.2759
647.125	1.2783
647.25	1.2712
647.375	1.2735
647.5	1.2735
647.625	1.2633
647.75	1.2602
647.875	1.2562
648.0	1.2555
648.125	1.2547
648.25	1.2586
648.375	1.2555
648.5	1.2515
648.625	1.2421
648.75	1.2397
648.875	1.2334
649.0	1.235
649.125	1.2311
649.25	1.2319
649.375	1.2334
649.5	1.2303
649.625	1.2311
649.75	1.2177
649.875	1.2209
650.0	1.2209
650.125	1.2264
650.25	1.2295
650.375	1.224
650.5	1.2224
650.625	0.386
650.75	0.7311
650.875	1.2169
651.0	1.2138
651.125	1.2083
651.25	1.2154
651.375	1.2138
651.5	1.2044
651.625	1.2059
651.75	1.2012
651.875	1.2028
652.0	1.2028
652.125	1.1981
652.25	1.1957
652.375	1.1933
652.5	1.1981
652.625	1.1988
652.75	1.1949
652.875	1.1988
653.0	1.1941
653.125	1.1871
653.25	1.1902
653.375	1.1886
653.5	1.1933
653.625	1.1855
653.75	1.1878
653.875	1.1745
654.0	1.1823
654.125	1.1808
654.25	1.1761
654.375	1.1816
654.5	1.1745
654.625	1.1808
654.75	1.1768
654.875	1.1784
655.0	1.1705
655.125	1.1666
655.25	1.1776
655.375	1.1761
655.5	1.1761
655.625	1.1792
655.75	1.1847
655.875	1.1863
656.0	1.1761
656.125	1.1729
656.25	1.1839
656.375	1.1698
656.5	1.1721
656.625	1.1792
656.75	1.1768
656.875	1.1737
657.0	1.1705
657.125	1.1753
657.25	1.169
657.375	1.1627
657.5	1.165
657.625	1.1603
657.75	1.1383
657.875	1.1485
658.0	1.1438
658.125	1.147
658.25	1.1525
658.375	1.1588
658.5	1.1564
658.625	1.1619
658.75	1.1611
658.875	1.1556
659.0	1.1548
659.125	1.147
659.25	1.1501
659.375	1.1493
659.5	1.1501
659.625	1.1517
659.75	1.1462
659.875	1.1446
660.0	1.1407
660.125	1.1391
660.25	1.143
660.375	1.1383
660.5	1.1391
660.625	1.1415
660.75	1.1352
660.875	1.1509
661.0	1.1501
661.125	1.1501
661.25	1.1454
661.375	1.1462
661.5	1.1415
661.625	1.143
661.75	1.1383
661.875	1.1328
662.0	1.1273
662.125	1.1336
662.25	1.1297
662.375	1.1344
662.5	1.1344
662.625	1.125
662.75	1.1257
662.875	1.1289
663.0	1.1289
663.125	1.1242
663.25	1.1194
663.375	1.1077
663.5	1.1014
663.625	1.0856
663.75	1.077
663.875	1.0613
664.0	1.0495
664.125	1.0306
664.25	1.0117
664.375	0.9897
664.5	0.9779
664.625	0.9654
664.75	0.9536
664.875	0.9386
665.0	0.9229
665.125	0.9135
665.25	0.9135
665.375	0.9143
665.5	0.9174
665.625	0.9198
665.75	0.9276
665.875	0.9268
666.0	0.9339
666.125	0.9386
666.25	0.941
666.375	0.9465
666.5	0.9488
666.625	0.9504
666.75	0.9512
666.875	0.9575
667.0	0.9551
667.125	0.9567
667.25	0.9599
667.375	0.9591
667.5	0.9614
667.625	0.9646
667.75	0.9599
667.875	0.9661
668.0	0.9669
668.125	0.9716
668.25	0.9748
668.375	0.9685
668.5	0.9669
668.625	0.9481
668.75	0.9701
668.875	0.9685
669.0	0.9622
669.125	0.9591
669.25	0.9661
669.375	0.9599
669.5	0.963
669.625	0.9693
669.75	0.9654
669.875	0.9834
670.0	0.9803
670.125	0.9756
670.25	0.9709
670.375	0.9669
670.5	0.9677
670.625	0.9677
670.75	0.9677
670.875	0.9685
671.0	0.9685
671.125	0.9693
671.25	0.9716
671.375	0.9756
671.5	0.9772
671.625	0.9819
671.75	0.9685
671.875	0.9606
672.0	0.9591
672.125	0.9449
672.25	0.9441
672.375	0.9426
672.5	0.9559
672.625	0.9512
672.75	0.9488
672.875	0.9457
673.0	0.9449
673.125	0.9677
673.25	0.9669
673.375	0.9669
673.5	0.9716
673.625	0.9622
673.75	0.9677
673.875	0.9661
674.0	0.9716
674.125	0.9693
674.25	0.9638
674.375	0.9646
674.5	0.9638
674.625	0.9732
674.75	0.9591
674.875	0.9599
675.0	0.9693
675.125	0.9606
675.25	0.963
675.375	0.9567
675.5	0.9544
675.625	0.9433
675.75	0.93
675.875	0.9245
676.0	0.8781
676.125	0.8545
676.25	0.8718
676.375	0.9205
676.5	0.93
676.625	0.9261
676.75	0.9143
676.875	0.9143
677.0	0.8915
677.125	0.9001
677.25	0.9056
677.375	0.9135
677.5	0.9103
677.625	0.915
677.75	0.915
677.875	0.9166
678.0	0.915
678.125	0.9143
678.25	0.9064
678.375	0.9056
678.5	0.9033
678.625	0.9009
678.75	0.8938
678.875	0.9001
679.0	0.9025
679.125	0.8954
679.25	0.9009
679.375	0.8789
679.5	0.8915
679.625	0.8922
679.75	0.8922
679.875	0.8962
680.0	0.8875
680.125	0.8812
680.25	0.875
680.375	0.8742
680.5	0.8718
680.625	0.8789
680.75	0.8773
680.875	0.8812
681.0	0.8812
681.125	0.886
681.25	0.8867
681.375	0.8891
681.5	0.8907
681.625	0.8907
681.75	0.8883
681.875	0.8899
682.0	0.8891
682.125	0.8883
682.25	0.8836
682.375	0.8812
682.5	0.8781
682.625	0.8797
682.75	0.8726
682.875	0.8734
683.0	0.8734
683.125	0.8694
683.25	0.875
683.375	0.8742
683.5	0.8702
683.625	0.871
683.75	0.8726
683.875	0.871
684.0	0.8671
684.125	0.8687
684.25	0.8718
684.375	0.8702
684.5	0.8679
684.625	0.8663
684.75	0.8687
684.875	0.8655
685.0	0.8679
685.125	0.8647
685.25	0.8584
685.375	0.8522
685.5	0.8474
685.625	0.8537
685.75	0.8561
685.875	0.8577
686.0	0.8514
686.125	0.8522
686.25	0.8498
686.375	0.8317
686.5	0.8364
686.625	0.8435
686.75	0.8443
686.875	0.8435
687.0	0.8427
687.125	0.8396
687.25	0.8372
687.375	0.8372
687.5	0.8341
687.625	0.8294
687.75	0.8364
687.875	0.8317
688.0	0.8301
688.125	0.827
688.25	0.8278
688.375	0.8262
688.5	0.8286
688.625	0.8215
688.75	0.8246
688.875	0.8183
689.0	0.8152
689.125	0.816
689.25	0.8128
689.375	0.8128
689.5	0.8128
689.625	0.8097
689.75	0.8121
689.875	0.8058
690.0	0.8042
690.125	0.8034
690.25	0.8034
690.375	0.8003
690.5	0.7955
690.625	0.7987
690.75	0.7995
690.875	0.8003
691.0	0.7963
691.125	0.794
691.25	0.7924
691.375	0.7885
691.5	0.7916
691.625	0.7877
691.75	0.783
691.875	0.783
692.0	0.7751
692.125	0.7767
692.25	0.7727
692.375	0.7735
692.5	0.7727
692.625	0.7751
692.75	0.7704
692.875	0.768
693.0	0.7586
693.125	0.7523
693.25	0.7523
693.375	0.7555
693.5	0.7547
693.625	0.7444
693.75	0.7515
693.875	0.7389
694.0	0.7169
694.125	0.7154
694.25	0.7185
694.375	0.7169
694.5	0.7083
694.625	0.7004
694.75	0.6878
694.875	0.6918
695.0	0.6941
695.125	0.6902
695.25	0.6627
695.375	0.6438
695.5	0.5927
695.625	0.3938
695.75	0.279
695.875	0.213
696.0	0.3207
696.125	0.6619
696.25	0.6556
696.375	0.6588
696.5	0.658
696.625	0.6525
696.75	0.6501
696.875	0.643
697.0	0.6462
697.125	0.6454
697.25	0.647
697.375	0.6438
697.5	0.6415
697.625	0.6438
697.75	0.647
697.875	0.6477
698.0	0.6446
698.125	0.6438
698.25	0.647
698.375	0.6477
698.5	0.6517
698.625	0.6572
698.75	0.6556
698.875	0.6611
699.0	0.6682
699.125	0.6705
699.25	0.6776
699.375	0.6776
699.5	0.6745
699.625	0.6721
699.75	0.6713
699.875	0.6713
