300.0	0.1084
300.125	0.1061
300.25	0.1084
300.375	0.1084
300.5	0.1108
300.625	0.1108
300.75	0.1077
300.875	0.1084
301.0	0.1069
301.125	0.1061
301.25	0.1037
301.375	0.1077
301.5	0.1147
301.625	0.1289
301.75	0.1352
301.875	0.1399
302.0	0.1367
302.125	0.1367
302.25	0.1367
302.375	0.1407
302.5	0.1375
302.625	0.1383
302.75	0.1383
302.875	0.1391
303.0	0.1407
303.125	0.1415
303.25	0.1367
303.375	0.1391
303.5	0.1407
303.625	0.1383
303.75	0.1391
303.875	0.1391
304.0	0.1383
304.125	0.1367
304.25	0.1391
304.375	0.1367
304.5	0.1391
304.625	0.1391
304.75	0.1383
304.875	0.1391
305.0	0.1383
305.125	0.1391
305.25	0.1367
305.375	0.1399
305.5	0.1383
305.625	0.1367
305.75	0.1399
305.875	0.1407
306.0	0.1399
306.125	0.1399
306.25	0.1383
306.375	0.1407
306.5	0.1399
306.625	0.1407
306.75	0.1391
306.875	0.1415
307.0	0.1415
307.125	0.1399
307.25	0.1407
307.375	0.1415
307.5	0.1383
307.625	0.1415
307.75	0.1407
307.875	0.1415
308.0	0.1391
308.125	0.1399
308.25	0.1399
308.375	0.1399
308.5	0.1391
308.625	0.1383
308.75	0.1407
308.875	0.1407
309.0	0.1383
309.125	0.1375
309.25	0.1375
309.375	0.1367
309.5	0.1375
309.625	0.1375
309.75	0.1415
309.875	0.1375
310.0	0.1375
310.125	0.1383
310.25	0.1367
310.375	0.1375
310.5	0.1375
310.625	0.1391
310.75	0.1383
310.875	0.1407
311.0	0.1367
311.125	0.1375
311.25	0.1383
311.375	0.1407
311.5	0.1367
311.625	0.1399
311.75	0.1391
311.875	0.1383
312.0	0.1375
312.125	0.1383
312.25	0.1391
312.375	0.1391
312.5	0.1391
312.625	0.1383
312.75	0.1391
312.875	0.1399
313.0	0.1399
313.125	0.1399
313.25	0.1391
313.375	0.1391
313.5	0.1367
313.625	0.1415
313.75	0.1383
313.875	0.1367
314.0	0.1367
314.125	0.1383
314.25	0.1415
314.375	0.1399
314.5	0.1383
314.625	0.1383
314.75	0.1391
314.875	0.1415
315.0	0.1383
315.125	0.1407
315.25	0.1399
315.375	0.1399
315.5	0.1383
315.625	0.1367
315.75	0.1383
315.875	0.1407
316.0	0.1415
316.125	0.1407
316.25	0.1383
316.375	0.1391
316.5	0.1407
316.625	0.1391
316.75	0.1383
316.875	0.1407
317.0	0.1383
317.125	0.1415
317.25	0.1407
317.375	0.1415
317.5	0.1399
317.625	0.1391
317.75	0.1415
317.875	0.143
318.0	0.1415
318.125	0.1407
318.25	0.1415
318.375	0.1415
318.5	0.1422
318.625	0.1415
318.75	0.1415
318.875	0.1399
319.0	0.1399
319.125	0.1415
319.25	0.1415
319.375	0.1415
319.5	0.1415
319.625	0.1415
319.75	0.1415
319.875	0.1422
320.0	0.1415
320.125	0.1383
320.25	0.1407
320.375	0.1415
320.5	0.1399
320.625	0.1415
320.75	0.1391
320.875	0.1407
321.0	0.1407
321.125	0.1415
321.25	0.1399
321.375	0.1407
321.5	0.1415
321.625	0.1415
321.75	0.1407
321.875	0.1415
322.0	0.1407
322.125	0.1415
322.25	0.1407
322.375	0.1415
322.5	0.1415
322.625	0.1415
322.75	0.1391
322.875	0.1415
323.0	0.1399
323.125	0.1415
323.25	0.1407
323.375	0.1391
323.5	0.1407
323.625	0.1383
323.75	0.1375
323.875	0.1391
324.0	0.1415
324.125	0.1415
324.25	0.1391
324.375	0.1391
324.5	0.1399
324.625	0.1399
324.75	0.1407
324.875	0.1415
325.0	0.1415
325.125	0.1415
325.25	0.1415
325.375	0.1415
325.5	0.1422
325.625	0.1415
325.75	0.1438
325.875	0.1415
326.0	0.1422
326.125	0.1422
326.25	0.1422
326.375	0.1438
326.5	0.1422
326.625	0.143
326.75	0.1415
326.875	0.143
327.0	0.1415
327.125	0.1422
327.25	0.1422
327.375	0.1415
327.5	0.1407
327.625	0.1422
327.75	0.1422
327.875	0.143
328.0	0.1415
328.125	0.143
328.25	0.1422
328.375	0.1438
328.5	0.1446
328.625	0.1438
328.75	0.1415
328.875	0.1422
329.0	0.1454
329.125	0.1454
329.25	0.143
329.375	0.1462
329.5	0.1446
329.625	0.1462
329.75	0.1438
329.875	0.1454
330.0	0.1462
330.125	0.1422
330.25	0.1454
330.375	0.1422
330.5	0.1422
330.625	0.1438
330.75	0.143
330.875	0.1438
331.0	0.1415
331.125	0.1415
331.25	0.1415
331.375	0.1422
331.5	0.1415
331.625	0.1438
331.75	0.1415
331.875	0.1415
332.0	0.1415
332.125	0.1415
332.25	0.1415
332.375	0.1415
332.5	0.1415
332.625	0.143
332.75	0.1415
332.875	0.1454
333.0	0.143
333.125	0.1422
333.25	0.1438
333.375	0.1438
333.5	0.1454
333.625	0.1422
333.75	0.1422
333.875	0.1454
334.0	0.1438
334.125	0.1446
334.25	0.1422
334.375	0.1438
334.5	0.1438
334.625	0.1438
334.75	0.1438
334.875	0.147
335.0	0.1462
335.125	0.1422
335.25	0.1446
335.375	0.1438
335.5	0.1454
335.625	0.1454
335.75	0.1454
335.875	0.1454
336.0	0.1446
336.125	0.1438
336.25	0.1446
336.375	0.1438
336.5	0.1438
336.625	0.1462
336.75	0.1415
336.875	0.1415
337.0	0.1438
337.125	0.1415
337.25	0.1438
337.375	0.1438
337.5	0.1446
337.625	0.1438
337.75	0.1446
337.875	0.1415
338.0	0.143
338.125	0.1438
338.25	0.143
338.375	0.1415
338.5	0.1407
338.625	0.1422
338.75	0.1415
338.875	0.1415
339.0	0.1446
339.125	0.1454
339.25	0.1454
339.375	0.1462
339.5	0.1454
339.625	0.1462
339.75	0.1501
339.875	0.1485
340.0	0.1477
340.125	0.1462
340.25	0.147
340.375	0.1485
340.5	0.1477
340.625	0.1462
340.75	0.1462
340.875	0.1462
341.0	0.1462
341.125	0.1462
341.25	0.147
341.375	0.1462
341.5	0.147
341.625	0.1462
341.75	0.1462
341.875	0.1477
342.0	0.1477
342.125	0.1493
342.25	0.1477
342.375	0.1462
342.5	0.147
342.625	0.147
342.75	0.1454
342.875	0.147
343.0	0.1462
343.125	0.1493
343.25	0.1477
343.375	0.1462
343.5	0.1462
343.625	0.1485
343.75	0.1462
343.875	0.1462
344.0	0.1462
344.125	0.1462
344.25	0.1477
344.375	0.1485
344.5	0.1485
344.625	0.1501
344.75	0.1462
344.875	0.147
345.0	0.1462
345.125	0.1493
345.25	0.1485
345.375	0.1477
345.5	0.147
345.625	0.1509
345.75	0.147
345.875	0.1509
346.0	0.1493
346.125	0.1509
346.25	0.1509
346.375	0.1501
346.5	0.1509
346.625	0.1493
346.75	0.1517
346.875	0.1509
347.0	0.1501
347.125	0.1509
347.25	0.1509
347.375	0.1485
347.5	0.1517
347.625	0.1509
347.75	0.1509
347.875	0.1509
348.0	0.1477
348.125	0.1509
348.25	0.1509
348.375	0.1509
348.5	0.1509
348.625	0.1517
348.75	0.1501
348.875	0.1509
349.0	0.1509
349.125	0.1509
349.25	0.1509
349.375	0.1509
349.5	0.1525
349.625	0.1509
349.75	0.1509
349.875	0.1517
350.0	0.1509
350.125	0.1509
350.25	0.1533
350.375	0.1517
350.5	0.1509
350.625	0.1509
350.75	0.1509
350.875	0.1509
351.0	0.1525
351.125	0.1509
351.25	0.1525
351.375	0.1509
351.5	0.1517
351.625	0.1509
351.75	0.1533
351.875	0.1509
352.0	0.1525
352.125	0.1509
352.25	0.1509
352.375	0.1509
352.5	0.1485
352.625	0.1501
352.75	0.1493
352.875	0.1509
353.0	0.1509
353.125	0.1493
353.25	0.1509
353.375	0.1509
353.5	0.1485
353.625	0.1485
353.75	0.1493
353.875	0.1477
354.0	0.147
354.125	0.147
354.25	0.1501
354.375	0.1501
354.5	0.1493
354.625	0.1477
354.75	0.1493
354.875	0.1485
355.0	0.147
355.125	0.1485
355.25	0.1509
355.375	0.1477
355.5	0.1501
355.625	0.1477
355.75	0.1509
355.875	0.1525
356.0	0.1525
356.125	0.1509
356.25	0.1525
356.375	0.1533
356.5	0.1517
356.625	0.1533
356.75	0.154
356.875	0.1517
357.0	0.1556
357.125	0.1556
357.25	0.1548
357.375	0.1548
357.5	0.154
357.625	0.1533
357.75	0.1556
357.875	0.1556
358.0	0.1556
358.125	0.1556
358.25	0.1556
358.375	0.1548
358.5	0.1556
358.625	0.154
358.75	0.1533
358.875	0.1509
359.0	0.154
359.125	0.1525
359.25	0.1525
359.375	0.1509
359.5	0.1509
359.625	0.1525
359.75	0.1525
359.875	0.1509
360.0	0.1509
360.125	0.1509
360.25	0.1509
360.375	0.1501
360.5	0.1533
360.625	0.1509
360.75	0.1509
360.875	0.1509
361.0	0.1517
361.125	0.1501
361.25	0.1509
361.375	0.1509
361.5	0.1501
361.625	0.1509
361.75	0.1493
361.875	0.147
362.0	0.1509
362.125	0.1501
362.25	0.147
362.375	0.1493
362.5	0.1462
362.625	0.1477
362.75	0.1462
362.875	0.1454
363.0	0.1462
363.125	0.1454
363.25	0.1477
363.375	0.1462
363.5	0.147
363.625	0.1485
363.75	0.1477
363.875	0.1485
364.0	0.1477
364.125	0.1509
364.25	0.1501
364.375	0.1517
364.5	0.1509
364.625	0.1509
364.75	0.1509
364.875	0.1509
365.0	0.1493
365.125	0.1509
365.25	0.1509
365.375	0.1509
365.5	0.1509
365.625	0.1509
365.75	0.1509
365.875	0.1517
366.0	0.1509
366.125	0.1517
366.25	0.1509
366.375	0.1509
366.5	0.1509
366.625	0.1533
366.75	0.1525
366.875	0.1509
367.0	0.1509
367.125	0.1509
367.25	0.1509
367.375	0.1493
367.5	0.1509
367.625	0.1501
367.75	0.1493
367.875	0.1501
368.0	0.1501
368.125	0.1509
368.25	0.1509
368.375	0.1509
368.5	0.1509
368.625	0.1509
368.75	0.1509
368.875	0.1509
369.0	0.1509
369.125	0.1517
369.25	0.1509
369.375	0.1556
369.5	0.1533
369.625	0.1517
369.75	0.154
369.875	0.154
370.0	0.1509
370.125	0.1533
370.25	0.1533
370.375	0.154
370.5	0.154
370.625	0.154
370.75	0.1533
370.875	0.1548
371.0	0.1548
371.125	0.1556
371.25	0.1548
371.375	0.1556
371.5	0.154
371.625	0.1533
371.75	0.1525
371.875	0.154
372.0	0.1517
372.125	0.1509
372.25	0.1509
372.375	0.1509
372.5	0.1509
372.625	0.1509
372.75	0.1462
372.875	0.1485
373.0	0.1477
373.125	0.1485
373.25	0.1462
373.375	0.1462
373.5	0.1454
373.625	0.1477
373.75	0.1477
373.875	0.1485
374.0	0.1501
374.125	0.1517
374.25	0.1517
374.375	0.1556
374.5	0.1556
374.625	0.1548
374.75	0.154
374.875	0.1556
375.0	0.1556
375.125	0.1564
375.25	0.1564
375.375	0.1564
375.5	0.1556
375.625	0.1548
375.75	0.1509
375.875	0.1509
376.0	0.1517
376.125	0.1509
376.25	0.1509
376.375	0.1509
376.5	0.1509
376.625	0.1509
376.75	0.1509
376.875	0.1493
377.0	0.1509
377.125	0.1517
377.25	0.1509
377.375	0.1525
377.5	0.1548
377.625	0.1556
377.75	0.1588
377.875	0.1595
378.0	0.1603
378.125	0.1643
378.25	0.1603
378.375	0.1611
378.5	0.1603
378.625	0.1627
378.75	0.165
378.875	0.1643
379.0	0.1643
379.125	0.1619
379.25	0.1603
379.375	0.1603
379.5	0.1619
379.625	0.1603
379.75	0.1619
379.875	0.1619
380.0	0.165
380.125	0.165
380.25	0.1635
380.375	0.165
380.5	0.1627
380.625	0.165
380.75	0.1619
380.875	0.1603
381.0	0.1627
381.125	0.165
381.25	0.165
381.375	0.165
381.5	0.1658
381.625	0.1674
381.75	0.165
381.875	0.1643
382.0	0.1635
382.125	0.1643
382.25	0.165
382.375	0.165
382.5	0.1643
382.625	0.165
382.75	0.165
382.875	0.1635
383.0	0.165
383.125	0.1674
383.25	0.1132
383.375	0.1737
383.5	0.1792
383.625	0.1753
383.75	0.1289
383.875	0.1407
384.0	0.1776
384.125	0.1658
384.25	0.1831
384.375	0.1658
384.5	0.1454
384.625	0.1226
384.75	0.1218
384.875	0.1124
385.0	0.121
385.125	0.1226
385.25	0.1218
385.375	0.121
385.5	0.1194
385.625	0.1194
385.75	0.1179
385.875	0.1187
386.0	0.1179
386.125	0.1187
386.25	0.1179
386.375	0.1202
386.5	0.1179
386.625	0.1194
386.75	0.1179
386.875	0.1179
387.0	0.1187
387.125	0.1179
387.25	0.1179
387.375	0.1171
387.5	0.1179
387.625	0.1171
387.75	0.1179
387.875	0.1179
388.0	0.1179
388.125	0.1171
388.25	0.1171
388.375	0.1171
388.5	0.1163
388.625	0.1179
388.75	0.1187
388.875	0.1179
389.0	0.1179
389.125	0.1171
389.25	0.1179
389.375	0.1179
389.5	0.1187
389.625	0.1194
389.75	0.1187
389.875	0.1187
390.0	0.1194
390.125	0.1179
390.25	0.1179
390.375	0.1179
390.5	0.1179
390.625	0.1194
390.75	0.121
390.875	0.1226
391.0	0.1226
391.125	0.1226
391.25	0.1234
391.375	0.1218
391.5	0.1194
391.625	0.1139
391.75	0.1132
391.875	0.1163
392.0	0.1147
392.125	0.1155
392.25	0.1179
392.375	0.1179
392.5	0.1187
392.625	0.1155
392.75	0.1155
392.875	0.1179
393.0	0.1179
393.125	0.1187
393.25	0.1163
393.375	0.1187
393.5	0.1179
393.625	0.1187
393.75	0.1194
393.875	0.1179
394.0	0.1179
394.125	0.1179
394.25	0.1179
394.375	0.121
394.5	0.1194
394.625	0.1226
394.75	0.1234
394.875	0.1226
395.0	0.121
395.125	0.1202
395.25	0.121
395.375	0.1226
395.5	0.1194
395.625	0.121
395.75	0.1194
395.875	0.1202
396.0	0.1187
396.125	0.1187
396.25	0.1194
396.375	0.1194
396.5	0.1187
396.625	0.1179
396.75	0.1194
396.875	0.1187
397.0	0.121
397.125	0.121
397.25	0.1226
397.375	0.1179
397.5	0.1163
397.625	0.1163
397.75	0.1171
397.875	0.1179
398.0	0.1179
398.125	0.1179
398.25	0.1202
398.375	0.1194
398.5	0.1179
398.625	0.1179
398.75	0.1163
398.875	0.1179
399.0	0.1194
399.125	0.1179
399.25	0.1179
399.375	0.1194
399.5	0.1202
399.625	0.1226
399.75	0.1226
399.875	0.1226
400.0	0.1226
400.125	0.1226
400.25	0.1226
400.375	0.1226
400.5	0.1242
400.625	0.1194
400.75	0.1226
400.875	0.1218
401.0	0.1218
401.125	0.1226
401.25	0.1226
401.375	0.1226
401.5	0.1226
401.625	0.1226
401.75	0.1226
401.875	0.1234
402.0	0.1226
402.125	0.121
402.25	0.1226
402.375	0.1226
402.5	0.1171
402.625	0.1139
402.75	0.1155
402.875	0.1202
403.0	0.1202
403.125	0.1179
403.25	0.1179
403.375	0.1179
403.5	0.1194
403.625	0.1179
403.75	0.1187
403.875	0.1171
404.0	0.1179
404.125	0.1187
404.25	0.1194
404.375	0.121
404.5	0.1226
404.625	0.1234
404.75	0.1226
404.875	0.1234
405.0	0.1234
405.125	0.121
405.25	0.1218
405.375	0.1234
405.5	0.1265
405.625	0.1226
405.75	0.1242
405.875	0.1234
406.0	0.1242
406.125	0.1226
406.25	0.1226
406.375	0.1218
406.5	0.1226
406.625	0.1226
406.75	0.1226
406.875	0.1226
407.0	0.1226
407.125	0.1226
407.25	0.1257
407.375	0.1226
407.5	0.1226
407.625	0.1226
407.75	0.1226
407.875	0.1257
408.0	0.1226
408.125	0.1234
408.25	0.1242
408.375	0.1226
408.5	0.1242
408.625	0.1257
408.75	0.1234
408.875	0.1257
409.0	0.1226
409.125	0.1242
409.25	0.1226
409.375	0.121
409.5	0.1226
409.625	0.1218
409.75	0.1226
409.875	0.1226
410.0	0.1218
410.125	0.1226
410.25	0.1234
410.375	0.1234
410.5	0.1265
410.625	0.125
410.75	0.1242
410.875	0.1226
411.0	0.1226
411.125	0.1234
411.25	0.1234
411.375	0.1257
411.5	0.1273
411.625	0.1242
411.75	0.1234
411.875	0.1226
412.0	0.1226
412.125	0.1234
412.25	0.1226
412.375	0.1242
412.5	0.1242
412.625	0.1242
412.75	0.1234
412.875	0.1226
413.0	0.1242
413.125	0.1257
413.25	0.125
413.375	0.1257
413.5	0.125
413.625	0.1234
413.75	0.1226
413.875	0.1234
414.0	0.1242
414.125	0.125
414.25	0.1273
414.375	0.125
414.5	0.1265
414.625	0.1226
414.75	0.1234
414.875	0.1234
415.0	0.1234
415.125	0.1257
415.25	0.125
415.375	0.1234
415.5	0.1265
415.625	0.1273
415.75	0.1273
415.875	0.1242
416.0	0.1226
416.125	0.1234
416.25	0.1265
416.375	0.1273
416.5	0.1257
416.625	0.1289
416.75	0.1265
416.875	0.1273
417.0	0.1273
417.125	0.1273
417.25	0.1281
417.375	0.1281
417.5	0.1273
417.625	0.1265
417.75	0.1273
417.875	0.1273
418.0	0.1273
418.125	0.1242
418.25	0.125
418.375	0.125
418.5	0.1242
418.625	0.1257
418.75	0.1273
418.875	0.1273
419.0	0.1257
419.125	0.1273
419.25	0.1289
419.375	0.1281
419.5	0.1281
419.625	0.1273
419.75	0.132
419.875	0.1265
420.0	0.1273
420.125	0.1265
420.25	0.1265
420.375	0.1273
420.5	0.1226
420.625	0.1273
420.75	0.1273
420.875	0.1297
421.0	0.1289
421.125	0.1289
421.25	0.1281
421.375	0.1281
421.5	0.1289
421.625	0.1289
421.75	0.1273
421.875	0.125
422.0	0.1273
422.125	0.1265
422.25	0.1273
422.375	0.1273
422.5	0.1281
422.625	0.1273
422.75	0.1273
422.875	0.1273
423.0	0.1265
423.125	0.1273
423.25	0.1265
423.375	0.1265
423.5	0.1273
423.625	0.1289
423.75	0.1281
423.875	0.1297
424.0	0.1273
424.125	0.1273
424.25	0.1273
424.375	0.1273
424.5	0.1273
424.625	0.1289
424.75	0.1273
424.875	0.1273
425.0	0.1297
425.125	0.1273
425.25	0.1273
425.375	0.1273
425.5	0.1273
425.625	0.1289
425.75	0.1305
425.875	0.1281
426.0	0.1281
426.125	0.1297
426.25	0.1305
426.375	0.132
426.5	0.132
426.625	0.1336
426.75	0.132
426.875	0.132
427.0	0.1312
427.125	0.1328
427.25	0.1305
427.375	0.1305
427.5	0.132
427.625	0.1289
427.75	0.1305
427.875	0.1289
428.0	0.1305
428.125	0.1336
428.25	0.1328
428.375	0.132
428.5	0.132
428.625	0.1336
428.75	0.132
428.875	0.1328
429.0	0.1312
429.125	0.132
429.25	0.1344
429.375	0.1328
429.5	0.1328
429.625	0.1328
429.75	0.1344
429.875	0.1344
430.0	0.1344
430.125	0.1352
430.25	0.1328
430.375	0.1328
430.5	0.1344
430.625	0.132
430.75	0.1328
430.875	0.132
431.0	0.1312
431.125	0.132
431.25	0.132
431.375	0.132
431.5	0.132
431.625	0.132
431.75	0.1312
431.875	0.132
432.0	0.132
432.125	0.1312
432.25	0.1312
432.375	0.132
432.5	0.1312
432.625	0.1328
432.75	0.132
432.875	0.1281
433.0	0.1305
433.125	0.132
433.25	0.132
433.375	0.1328
433.5	0.1305
433.625	0.1305
433.75	0.1305
433.875	0.132
434.0	0.1305
434.125	0.1281
434.25	0.1297
434.375	0.1305
434.5	0.132
434.625	0.1312
434.75	0.132
434.875	0.132
435.0	0.1328
435.125	0.132
435.25	0.132
435.375	0.1328
435.5	0.136
435.625	0.1352
435.75	0.136
435.875	0.1328
436.0	0.1336
436.125	0.136
436.25	0.136
436.375	0.1352
436.5	0.136
436.625	0.1367
436.75	0.1367
436.875	0.1328
437.0	0.1328
437.125	0.1336
437.25	0.136
437.375	0.1352
437.5	0.136
437.625	0.1336
437.75	0.1344
437.875	0.136
438.0	0.1367
438.125	0.136
438.25	0.136
438.375	0.1336
438.5	0.1336
438.625	0.1344
438.75	0.136
438.875	0.136
439.0	0.1344
439.125	0.1336
439.25	0.1344
439.375	0.1336
439.5	0.136
439.625	0.1352
439.75	0.1375
439.875	0.1375
440.0	0.1367
440.125	0.1375
440.25	0.1367
440.375	0.136
440.5	0.1344
440.625	0.136
440.75	0.1367
440.875	0.1352
441.0	0.1383
441.125	0.1352
441.25	0.1375
441.375	0.1367
441.5	0.1375
441.625	0.1375
441.75	0.1344
441.875	0.1367
442.0	0.1352
442.125	0.1375
442.25	0.1367
442.375	0.1367
442.5	0.1367
442.625	0.1367
442.75	0.1367
442.875	0.1352
443.0	0.136
443.125	0.1407
443.25	0.1383
443.375	0.1367
443.5	0.1367
443.625	0.1367
443.75	0.1367
443.875	0.1375
444.0	0.1375
444.125	0.1375
444.25	0.1367
444.375	0.1367
444.5	0.1375
444.625	0.1415
444.75	0.1415
444.875	0.1415
445.0	0.1399
445.125	0.1375
445.25	0.1383
445.375	0.1399
445.5	0.1367
445.625	0.1391
445.75	0.1407
445.875	0.1375
446.0	0.1375
446.125	0.1375
446.25	0.1415
446.375	0.1407
446.5	0.1399
446.625	0.1415
446.75	0.1375
446.875	0.1399
447.0	0.1415
447.125	0.1391
447.25	0.1415
447.375	0.1375
447.5	0.1367
447.625	0.1415
447.75	0.1415
447.875	0.1407
448.0	0.1407
448.125	0.1415
448.25	0.1391
448.375	0.1399
448.5	0.1383
448.625	0.1399
448.75	0.1415
448.875	0.1407
449.0	0.1407
449.125	0.1407
449.25	0.1407
449.375	0.1399
449.5	0.1415
449.625	0.1383
449.75	0.1399
449.875	0.1375
450.0	0.1375
450.125	0.1367
450.25	0.1367
450.375	0.1367
450.5	0.1375
450.625	0.1415
450.75	0.1407
450.875	0.1399
451.0	0.1367
451.125	0.1375
451.25	0.1375
451.375	0.1415
451.5	0.1415
451.625	0.1415
451.75	0.1415
451.875	0.1391
452.0	0.1391
452.125	0.1383
452.25	0.1383
452.375	0.1399
452.5	0.1399
452.625	0.1399
452.75	0.1415
452.875	0.1415
453.0	0.1415
453.125	0.1407
453.25	0.1415
453.375	0.1415
453.5	0.1422
453.625	0.1454
453.75	0.1446
453.875	0.1454
454.0	0.1438
454.125	0.1454
454.25	0.1454
454.375	0.1446
454.5	0.1422
454.625	0.143
454.75	0.1422
454.875	0.143
455.0	0.1446
455.125	0.1415
455.25	0.1407
455.375	0.1415
455.5	0.1407
455.625	0.1415
455.75	0.1438
455.875	0.1438
456.0	0.1454
456.125	0.1446
456.25	0.1454
456.375	0.143
456.5	0.1415
456.625	0.1415
456.75	0.1462
456.875	0.1407
457.0	0.1446
457.125	0.143
457.25	0.1422
457.375	0.143
457.5	0.1438
457.625	0.1422
457.75	0.1415
457.875	0.1415
458.0	0.1415
458.125	0.1446
458.25	0.1415
458.375	0.143
458.5	0.1446
458.625	0.1422
458.75	0.143
458.875	0.1454
459.0	0.143
459.125	0.1438
459.25	0.1454
459.375	0.143
459.5	0.1438
459.625	0.1422
459.75	0.143
459.875	0.1454
460.0	0.1454
460.125	0.1454
460.25	0.1446
460.375	0.1462
460.5	0.1462
460.625	0.1446
460.75	0.1462
460.875	0.1462
461.0	0.147
461.125	0.1477
461.25	0.1462
461.375	0.143
461.5	0.1462
461.625	0.1454
461.75	0.1462
461.875	0.1454
462.0	0.1462
462.125	0.1462
462.25	0.1462
462.375	0.1462
462.5	0.1454
462.625	0.1462
462.75	0.1462
462.875	0.1446
463.0	0.1462
463.125	0.1462
463.25	0.1446
463.375	0.1462
463.5	0.1462
463.625	0.1462
463.75	0.1454
463.875	0.1454
464.0	0.1446
464.125	0.1415
464.25	0.1438
464.375	0.1446
464.5	0.1462
464.625	0.1446
464.75	0.1446
464.875	0.143
465.0	0.1446
465.125	0.1454
465.25	0.1415
465.375	0.1415
465.5	0.1422
465.625	0.1407
465.75	0.1415
465.875	0.143
466.0	0.143
466.125	0.1462
466.25	0.1454
466.375	0.1462
466.5	0.1454
466.625	0.1462
466.75	0.1462
466.875	0.1462
467.0	0.1462
467.125	0.147
467.25	0.1493
467.375	0.1485
467.5	0.147
467.625	0.147
467.75	0.1477
467.875	0.1493
468.0	0.147
468.125	0.1462
468.25	0.1462
468.375	0.1462
468.5	0.1462
468.625	0.1477
468.75	0.1501
468.875	0.1485
469.0	0.1477
469.125	0.1485
469.25	0.1493
469.375	0.147
469.5	0.1485
469.625	0.1477
469.75	0.1485
469.875	0.1485
470.0	0.1477
470.125	0.147
470.25	0.1477
470.375	0.1477
470.5	0.1485
470.625	0.1485
470.75	0.1493
470.875	0.147
471.0	0.1501
471.125	0.1501
471.25	0.1509
471.375	0.1509
471.5	0.1485
471.625	0.1477
471.75	0.1493
471.875	0.1462
472.0	0.1477
472.125	0.147
472.25	0.147
472.375	0.1493
472.5	0.1485
472.625	0.1501
472.75	0.1509
472.875	0.1493
473.0	0.1462
473.125	0.147
473.25	0.147
473.375	0.1485
473.5	0.1477
473.625	0.1462
473.75	0.1462
473.875	0.1462
474.0	0.1477
474.125	0.1493
474.25	0.1477
474.375	0.1477
474.5	0.1493
474.625	0.1493
474.75	0.147
474.875	0.1477
475.0	0.147
475.125	0.1493
475.25	0.147
475.375	0.1454
475.5	0.1477
475.625	0.1477
475.75	0.1462
475.875	0.1462
476.0	0.1462
476.125	0.1462
476.25	0.1462
476.375	0.1462
476.5	0.1462
476.625	0.147
476.75	0.1462
476.875	0.1493
477.0	0.1509
477.125	0.1485
477.25	0.1485
477.375	0.1501
477.5	0.147
477.625	0.1501
477.75	0.1501
477.875	0.1501
478.0	0.1485
478.125	0.147
478.25	0.147
478.375	0.1493
478.5	0.1493
478.625	0.1493
478.75	0.1501
478.875	0.1493
479.0	0.1501
479.125	0.1525
479.25	0.1509
479.375	0.1493
479.5	0.147
479.625	0.1485
479.75	0.1477
479.875	0.1477
480.0	0.1477
480.125	0.1509
480.25	0.1509
480.375	0.1501
480.5	0.1517
480.625	0.1517
480.75	0.1517
480.875	0.1509
481.0	0.1509
481.125	0.1509
481.25	0.1509
481.375	0.1493
481.5	0.1509
481.625	0.1509
481.75	0.1509
481.875	0.1509
482.0	0.1525
482.125	0.1509
482.25	0.1509
482.375	0.1509
482.5	0.1533
482.625	0.1493
482.75	0.1525
482.875	0.1509
483.0	0.1517
483.125	0.1509
483.25	0.1509
483.375	0.1509
483.5	0.1509
483.625	0.154
483.75	0.1533
483.875	0.1493
484.0	0.1509
484.125	0.1533
484.25	0.1517
484.375	0.1509
484.5	0.1517
484.625	0.1525
484.75	0.1509
484.875	0.1525
485.0	0.1533
485.125	0.1525
485.25	0.1548
485.375	0.1517
485.5	0.1548
485.625	0.1525
485.75	0.1517
485.875	0.154
486.0	0.1509
486.125	0.1509
486.25	0.1517
486.375	0.1525
486.5	0.1517
486.625	0.1509
486.75	0.1509
486.875	0.1517
487.0	0.1517
487.125	0.1525
487.25	0.1525
487.375	0.1509
487.5	0.1509
487.625	0.1501
487.75	0.1509
487.875	0.1509
488.0	0.154
488.125	0.1509
488.25	0.1485
488.375	0.1493
488.5	0.1509
488.625	0.1525
488.75	0.1517
488.875	0.1548
489.0	0.1517
489.125	0.1517
489.25	0.1509
489.375	0.1525
489.5	0.1509
489.625	0.1509
489.75	0.1509
489.875	0.1517
490.0	0.154
490.125	0.154
490.25	0.1533
490.375	0.154
490.5	0.154
490.625	0.1533
490.75	0.154
490.875	0.1517
491.0	0.1533
491.125	0.1517
491.25	0.154
491.375	0.1564
491.5	0.1564
491.625	0.1548
491.75	0.1556
491.875	0.1548
492.0	0.1556
492.125	0.1548
492.25	0.1564
492.375	0.1556
492.5	0.1556
492.625	0.1556
492.75	0.1564
492.875	0.1556
493.0	0.1548
493.125	0.1548
493.25	0.1588
493.375	0.1556
493.5	0.1556
493.625	0.1588
493.75	0.1556
493.875	0.1556
494.0	0.1556
494.125	0.1548
494.25	0.1548
494.375	0.1627
494.5	0.1611
494.625	0.1619
494.75	0.1627
494.875	0.165
495.0	0.1658
495.125	0.1627
495.25	0.1635
495.375	0.1619
495.5	0.1627
495.625	0.1619
495.75	0.1603
495.875	0.1627
496.0	0.1619
496.125	0.1619
496.25	0.1619
496.375	0.1635
496.5	0.1643
496.625	0.1643
496.75	0.1627
496.875	0.1619
497.0	0.1603
497.125	0.165
497.25	0.165
497.375	0.1658
497.5	0.165
497.625	0.1643
497.75	0.1635
497.875	0.165
498.0	0.1666
498.125	0.165
498.25	0.1666
498.375	0.165
498.5	0.165
498.625	0.165
498.75	0.1674
498.875	0.1643
499.0	0.165
499.125	0.165
499.25	0.1674
499.375	0.165
499.5	0.165
499.625	0.165
499.75	0.165
499.875	0.1682
500.0	0.1682
500.125	0.1674
500.25	0.1682
500.375	0.169
500.5	0.1674
500.625	0.1698
500.75	0.1682
500.875	0.1682
501.0	0.1682
501.125	0.1658
501.25	0.169
501.375	0.1674
501.5	0.1682
501.625	0.1698
501.75	0.1698
501.875	0.1658
502.0	0.165
502.125	0.1666
502.25	0.1658
502.375	0.1556
502.5	0.1328
502.625	0.1187
502.75	0.1179
502.875	0.1509
503.0	0.1666
503.125	0.169
503.25	0.1698
503.375	0.1698
503.5	0.169
503.625	0.1682
503.75	0.1705
503.875	0.1674
504.0	0.1682
504.125	0.1698
504.25	0.169
504.375	0.1682
504.5	0.1666
504.625	0.1698
504.75	0.1682
504.875	0.1698
505.0	0.1674
505.125	0.169
505.25	0.169
505.375	0.1674
505.5	0.1666
505.625	0.1658
505.75	0.1682
505.875	0.1666
506.0	0.1658
506.125	0.165
506.25	0.165
506.375	0.1658
506.5	0.1666
506.625	0.1666
506.75	0.165
506.875	0.1666
507.0	0.1698
507.125	0.1698
507.25	0.1682
507.375	0.169
507.5	0.1698
507.625	0.169
507.75	0.165
507.875	0.1658
508.0	0.1682
508.125	0.1698
508.25	0.1698
508.375	0.1698
508.5	0.1698
508.625	0.1698
508.75	0.1698
508.875	0.1698
509.0	0.1698
509.125	0.169
509.25	0.1682
509.375	0.1698
509.5	0.1705
509.625	0.1698
509.75	0.1698
509.875	0.1698
510.0	0.1698
510.125	0.169
510.25	0.1713
510.375	0.1713
510.5	0.1698
510.625	0.1682
510.75	0.169
510.875	0.1698
511.0	0.1698
511.125	0.1705
511.25	0.1698
511.375	0.1713
511.5	0.1705
511.625	0.1698
511.75	0.1698
511.875	0.1698
512.0	0.169
512.125	0.1698
512.25	0.169
512.375	0.1698
512.5	0.1698
512.625	0.169
512.75	0.1698
512.875	0.1698
513.0	0.1705
513.125	0.1705
513.25	0.1713
513.375	0.1713
513.5	0.1713
513.625	0.1713
513.75	0.1713
513.875	0.1721
514.0	0.1705
514.125	0.1698
514.25	0.1729
514.375	0.1713
514.5	0.1745
514.625	0.1721
514.75	0.1729
514.875	0.1737
515.0	0.1737
515.125	0.1745
515.25	0.1745
515.375	0.1729
515.5	0.1745
515.625	0.1729
515.75	0.1729
515.875	0.1705
516.0	0.1737
516.125	0.1705
516.25	0.1713
516.375	0.1713
516.5	0.1698
516.625	0.1698
516.75	0.1698
516.875	0.1705
517.0	0.1698
517.125	0.1705
517.25	0.1721
517.375	0.1729
517.5	0.1737
517.625	0.1705
517.75	0.1737
517.875	0.1729
518.0	0.1721
518.125	0.1713
518.25	0.1737
518.375	0.1745
518.5	0.1745
518.625	0.1745
518.75	0.1721
518.875	0.1737
519.0	0.1698
519.125	0.1698
519.25	0.1721
519.375	0.1698
519.5	0.1705
519.625	0.1729
519.75	0.1713
519.875	0.1698
520.0	0.1705
520.125	0.1705
520.25	0.1698
520.375	0.1729
520.5	0.1698
520.625	0.1698
520.75	0.1745
520.875	0.1698
521.0	0.1721
521.125	0.1705
521.25	0.1721
521.375	0.1705
521.5	0.1698
521.625	0.1698
521.75	0.1698
521.875	0.1698
522.0	0.1721
522.125	0.1713
522.25	0.1713
522.375	0.1713
522.5	0.1721
522.625	0.1698
522.75	0.1698
522.875	0.1705
523.0	0.1713
523.125	0.1721
523.25	0.1737
523.375	0.1729
523.5	0.1721
523.625	0.1713
523.75	0.1705
523.875	0.1729
524.0	0.1745
524.125	0.1737
524.25	0.1745
524.375	0.1721
524.5	0.1658
524.625	0.1462
524.75	0.132
524.875	0.1407
525.0	0.1092
525.125	0.1061
525.25	0.1525
525.375	0.1627
525.5	0.1658
525.625	0.169
525.75	0.1627
525.875	0.143
526.0	0.1367
526.125	0.1367
526.25	0.1226
526.375	0.1155
526.5	0.1297
526.625	0.1367
526.75	0.1375
526.875	0.1391
527.0	0.1399
527.125	0.132
527.25	0.1281
527.375	0.1194
527.5	0.1061
527.625	0.1037
527.75	0.1202
527.875	0.132
528.0	0.1344
528.125	0.1352
528.25	0.1367
528.375	0.136
528.5	0.1328
528.625	0.1336
528.75	0.1336
528.875	0.132
529.0	0.1352
529.125	0.1336
529.25	0.1352
529.375	0.1328
529.5	0.1344
529.625	0.136
529.75	0.136
529.875	0.1328
530.0	0.1328
530.125	0.1344
530.25	0.1344
530.375	0.1328
530.5	0.1367
530.625	0.1352
530.75	0.1328
530.875	0.1336
531.0	0.1352
531.125	0.1367
531.25	0.1344
531.375	0.1336
531.5	0.1367
531.625	0.136
531.75	0.136
531.875	0.1344
532.0	0.1336
532.125	0.1328
532.25	0.1336
532.375	0.1328
532.5	0.1336
532.625	0.136
532.75	0.1336
532.875	0.1352
533.0	0.1367
533.125	0.1367
533.25	0.1367
533.375	0.1375
533.5	0.1367
533.625	0.1367
533.75	0.1367
533.875	0.1367
534.0	0.1407
534.125	0.1391
534.25	0.1422
534.375	0.1422
534.5	0.1415
534.625	0.1407
534.75	0.1415
534.875	0.1399
535.0	0.1415
535.125	0.1415
535.25	0.1391
535.375	0.1399
535.5	0.1415
535.625	0.1391
535.75	0.1407
535.875	0.1415
536.0	0.1415
536.125	0.1415
536.25	0.1407
536.375	0.1415
536.5	0.1399
536.625	0.1415
536.75	0.1407
536.875	0.1422
537.0	0.1422
537.125	0.1415
537.25	0.1422
537.375	0.1422
537.5	0.1415
537.625	0.143
537.75	0.1454
537.875	0.143
538.0	0.143
538.125	0.1407
538.25	0.1415
538.375	0.1415
538.5	0.1415
538.625	0.1415
538.75	0.1422
538.875	0.143
539.0	0.1462
539.125	0.1422
539.25	0.1415
539.375	0.1422
539.5	0.1415
539.625	0.1422
539.75	0.1415
539.875	0.1438
540.0	0.1415
540.125	0.1422
540.25	0.1399
540.375	0.1422
540.5	0.143
540.625	0.1415
540.75	0.1422
540.875	0.1422
541.0	0.1415
541.125	0.1415
541.25	0.143
541.375	0.1438
541.5	0.1422
541.625	0.1438
541.75	0.1422
541.875	0.1399
542.0	0.143
542.125	0.1415
542.25	0.1446
542.375	0.1415
542.5	0.1415
542.625	0.143
542.75	0.1415
542.875	0.143
543.0	0.1438
543.125	0.1415
543.25	0.1415
543.375	0.1422
543.5	0.1454
543.625	0.1438
543.75	0.143
543.875	0.1415
544.0	0.1415
544.125	0.1454
544.25	0.1422
544.375	0.1415
544.5	0.1415
544.625	0.1415
544.75	0.1407
544.875	0.1415
545.0	0.1446
545.125	0.1438
545.25	0.143
545.375	0.1422
545.5	0.143
545.625	0.1407
545.75	0.143
545.875	0.1415
546.0	0.143
546.125	0.1422
546.25	0.143
546.375	0.1415
546.5	0.143
546.625	0.1415
546.75	0.1415
546.875	0.1415
547.0	0.143
547.125	0.1438
547.25	0.1415
547.375	0.1422
547.5	0.1415
547.625	0.1422
547.75	0.143
547.875	0.143
548.0	0.1438
548.125	0.1454
548.25	0.1422
548.375	0.1446
548.5	0.1438
548.625	0.1438
548.75	0.1454
548.875	0.1454
549.0	0.1446
549.125	0.143
549.25	0.1446
549.375	0.1454
549.5	0.143
549.625	0.1438
549.75	0.143
549.875	0.143
550.0	0.1438
550.125	0.1454
550.25	0.1462
550.375	0.1477
550.5	0.1462
550.625	0.1462
550.75	0.147
550.875	0.1462
551.0	0.1462
551.125	0.1462
551.25	0.1462
551.375	0.1477
551.5	0.1462
551.625	0.147
551.75	0.1462
551.875	0.1438
552.0	0.1462
552.125	0.1438
552.25	0.1446
552.375	0.1446
552.5	0.1462
552.625	0.1462
552.75	0.1462
552.875	0.1462
553.0	0.1438
553.125	0.1454
553.25	0.1462
553.375	0.1462
553.5	0.1462
553.625	0.1462
553.75	0.1462
553.875	0.1446
554.0	0.1399
554.125	0.1202
554.25	0.1281
554.375	0.1415
554.5	0.143
554.625	0.1422
554.75	0.1462
554.875	0.1454
555.0	0.1438
555.125	0.1438
555.25	0.143
555.375	0.143
555.5	0.1438
555.625	0.1422
555.75	0.1399
555.875	0.1407
556.0	0.1391
556.125	0.1415
556.25	0.1446
556.375	0.143
556.5	0.1438
556.625	0.1446
556.75	0.1454
556.875	0.1454
557.0	0.1462
557.125	0.1485
557.25	0.1462
557.375	0.1462
557.5	0.1438
557.625	0.1462
557.75	0.1454
557.875	0.1462
558.0	0.1462
558.125	0.1462
558.25	0.147
558.375	0.1462
558.5	0.147
558.625	0.1462
558.75	0.147
558.875	0.1501
559.0	0.1477
559.125	0.1485
559.25	0.1501
559.375	0.147
559.5	0.147
559.625	0.1477
559.75	0.1462
559.875	0.1462
560.0	0.1462
560.125	0.1493
560.25	0.147
560.375	0.1462
560.5	0.1462
560.625	0.1462
560.75	0.1462
560.875	0.1462
561.0	0.1462
561.125	0.147
561.25	0.1462
561.375	0.1462
561.5	0.1422
561.625	0.1415
561.75	0.143
561.875	0.1477
562.0	0.1462
562.125	0.1462
562.25	0.1485
562.375	0.1462
562.5	0.1446
562.625	0.1462
562.75	0.1485
562.875	0.1462
563.0	0.1462
563.125	0.1454
563.25	0.1462
563.375	0.147
563.5	0.1485
563.625	0.1477
563.75	0.147
563.875	0.1462
564.0	0.1462
564.125	0.147
564.25	0.1462
564.375	0.1462
564.5	0.1454
564.625	0.1493
564.75	0.1462
564.875	0.147
565.0	0.1501
565.125	0.1462
565.25	0.1462
565.375	0.1477
565.5	0.1477
565.625	0.1462
565.75	0.1462
565.875	0.1462
566.0	0.147
566.125	0.1477
566.25	0.1462
566.375	0.1438
566.5	0.1446
566.625	0.1454
566.75	0.1454
566.875	0.1462
567.0	0.1462
567.125	0.1446
567.25	0.1454
567.375	0.1509
567.5	0.1462
567.625	0.1509
567.75	0.1501
567.875	0.1501
568.0	0.1493
568.125	0.1493
568.25	0.1509
568.375	0.1493
568.5	0.1509
568.625	0.1509
568.75	0.1477
568.875	0.1509
569.0	0.1485
569.125	0.1509
569.25	0.1485
569.375	0.1509
569.5	0.1509
569.625	0.1509
569.75	0.1493
569.875	0.1493
570.0	0.1485
570.125	0.1501
570.25	0.1493
570.375	0.1485
570.5	0.1462
570.625	0.1485
570.75	0.147
570.875	0.1493
571.0	0.1477
571.125	0.1509
571.25	0.1462
571.375	0.1493
571.5	0.1493
571.625	0.1462
571.75	0.1509
571.875	0.1509
572.0	0.1509
572.125	0.1501
572.25	0.1509
572.375	0.1501
572.5	0.1509
572.625	0.1509
572.75	0.1485
572.875	0.1509
573.0	0.1501
573.125	0.1509
573.25	0.154
573.375	0.1517
573.5	0.1517
573.625	0.1509
573.75	0.1517
573.875	0.1509
574.0	0.1493
574.125	0.1501
574.25	0.1493
574.375	0.1462
574.5	0.1501
574.625	0.1509
574.75	0.1501
574.875	0.147
575.0	0.1501
575.125	0.1501
575.25	0.1493
575.375	0.1525
575.5	0.1533
575.625	0.1525
575.75	0.1509
575.875	0.1509
576.0	0.1509
576.125	0.1509
576.25	0.154
576.375	0.1517
576.5	0.1509
576.625	0.1525
576.75	0.1533
576.875	0.1501
577.0	0.1501
577.125	0.1509
577.25	0.1493
577.375	0.1493
577.5	0.1517
577.625	0.1525
577.75	0.1533
577.875	0.1509
578.0	0.1509
578.125	0.1509
578.25	0.1485
578.375	0.1493
578.5	0.1509
578.625	0.1509
578.75	0.1517
578.875	0.1517
579.0	0.1525
579.125	0.1517
579.25	0.1477
579.375	0.1462
579.5	0.1493
579.625	0.1517
579.75	0.1493
579.875	0.1462
580.0	0.1477
580.125	0.1438
580.25	0.1391
580.375	0.1305
580.5	0.1242
580.625	0.125
580.75	0.1179
580.875	0.1218
581.0	0.1273
581.125	0.1179
581.25	0.121
581.375	0.125
581.5	0.1289
581.625	0.1383
581.75	0.1407
581.875	0.1383
582.0	0.1352
582.125	0.1383
582.25	0.1438
582.375	0.147
582.5	0.1454
582.625	0.1446
582.75	0.1462
582.875	0.1462
583.0	0.1462
583.125	0.1462
583.25	0.1462
583.375	0.1462
583.5	0.1454
583.625	0.1454
583.75	0.1446
583.875	0.1454
584.0	0.1462
584.125	0.1462
584.25	0.1446
584.375	0.1462
584.5	0.143
584.625	0.1422
584.75	0.1415
584.875	0.143
585.0	0.1446
585.125	0.1438
585.25	0.1462
585.375	0.143
585.5	0.1462
585.625	0.1462
585.75	0.1462
585.875	0.147
586.0	0.1462
586.125	0.1477
586.25	0.1454
586.375	0.1438
586.5	0.1422
586.625	0.1446
586.75	0.1462
586.875	0.1493
587.0	0.1462
587.125	0.147
587.25	0.1501
587.375	0.1509
587.5	0.147
587.625	0.1509
587.75	0.1485
587.875	0.1477
588.0	0.1462
588.125	0.1493
588.25	0.1462
588.375	0.147
588.5	0.1477
588.625	0.1454
588.75	0.1462
588.875	0.1462
589.0	0.1462
589.125	0.1462
589.25	0.1462
589.375	0.1462
589.5	0.1477
589.625	0.147
589.75	0.1462
589.875	0.1454
590.0	0.1477
590.125	0.1462
590.25	0.1462
590.375	0.1462
590.5	0.1462
590.625	0.1462
590.75	0.147
590.875	0.1501
591.0	0.1501
591.125	0.1509
591.25	0.1509
591.375	0.1493
591.5	0.1462
591.625	0.1509
591.75	0.1485
591.875	0.1509
592.0	0.1493
592.125	0.1462
592.25	0.1493
592.375	0.1462
592.5	0.1477
592.625	0.1493
592.75	0.1485
592.875	0.1462
593.0	0.1493
593.125	0.1485
593.25	0.1462
593.375	0.1493
593.5	0.1485
593.625	0.1477
593.75	0.1501
593.875	0.1509
594.0	0.1509
594.125	0.1509
594.25	0.1509
594.375	0.1509
594.5	0.1509
594.625	0.1509
594.75	0.1509
594.875	0.1517
595.0	0.1509
595.125	0.1509
595.25	0.1509
595.375	0.1525
595.5	0.1517
595.625	0.1517
595.75	0.1525
595.875	0.1525
596.0	0.1525
596.125	0.1509
596.25	0.154
596.375	0.1509
596.5	0.154
596.625	0.1509
596.75	0.1548
596.875	0.154
597.0	0.154
597.125	0.1509
597.25	0.1509
597.375	0.1525
597.5	0.1525
597.625	0.1533
597.75	0.1533
597.875	0.1548
598.0	0.1548
598.125	0.154
598.25	0.1501
598.375	0.1556
598.5	0.1525
598.625	0.1533
598.75	0.1548
598.875	0.1525
599.0	0.1517
599.125	0.1533
599.25	0.1509
599.375	0.1509
599.5	0.1525
599.625	0.1509
599.75	0.1509
599.875	0.1509
600.0	0.1477
600.125	0.1485
600.25	0.1509
600.375	0.154
600.5	0.1509
600.625	0.1517
600.75	0.1517
600.875	0.1501
601.0	0.1509
601.125	0.1525
601.25	0.1509
601.375	0.1509
601.5	0.1501
601.625	0.1501
601.75	0.154
601.875	0.1525
602.0	0.1509
602.125	0.1517
602.25	0.154
602.375	0.1533
602.5	0.154
602.625	0.1548
602.75	0.1564
602.875	0.1525
603.0	0.1548
603.125	0.1556
603.25	0.1533
603.375	0.154
603.5	0.1533
603.625	0.154
603.75	0.1548
603.875	0.1533
604.0	0.154
604.125	0.1548
604.25	0.1548
604.375	0.1556
604.5	0.1556
604.625	0.1556
604.75	0.1525
604.875	0.1556
605.0	0.154
605.125	0.1533
605.25	0.1525
605.375	0.1533
605.5	0.1556
605.625	0.1525
605.75	0.1509
605.875	0.1509
606.0	0.1509
606.125	0.1525
606.25	0.1509
606.375	0.1509
606.5	0.1517
606.625	0.1509
606.75	0.1509
606.875	0.1509
607.0	0.1509
607.125	0.1517
607.25	0.1525
607.375	0.1517
607.5	0.1525
607.625	0.1517
607.75	0.1525
607.875	0.1509
608.0	0.1509
608.125	0.1509
608.25	0.1525
608.375	0.1525
608.5	0.1548
608.625	0.1509
608.75	0.1509
608.875	0.1509
609.0	0.1509
609.125	0.1509
609.25	0.1525
609.375	0.1509
609.5	0.1501
609.625	0.1509
609.75	0.1509
609.875	0.1509
610.0	0.1517
610.125	0.1509
610.25	0.1517
610.375	0.1517
610.5	0.154
610.625	0.1548
610.75	0.1525
610.875	0.1548
611.0	0.1517
611.125	0.1517
611.25	0.1525
611.375	0.154
611.5	0.1548
611.625	0.1517
611.75	0.1525
611.875	0.1509
612.0	0.1517
612.125	0.1517
612.25	0.1525
612.375	0.1533
612.5	0.1509
612.625	0.1501
612.75	0.1509
612.875	0.1525
613.0	0.1517
613.125	0.1517
613.25	0.1517
613.375	0.1509
613.5	0.1509
613.625	0.1509
613.75	0.1509
613.875	0.1517
614.0	0.1485
614.125	0.1509
614.25	0.1501
614.375	0.1509
614.5	0.1509
614.625	0.1509
614.75	0.1533
614.875	0.1517
615.0	0.1517
615.125	0.1509
615.25	0.1525
615.375	0.1517
615.5	0.1501
615.625	0.1517
615.75	0.1509
615.875	0.1509
616.0	0.1509
616.125	0.1509
616.25	0.1501
616.375	0.1517
616.5	0.1509
616.625	0.1509
616.75	0.1501
616.875	0.1501
617.0	0.1509
617.125	0.1517
617.25	0.1509
617.375	0.1509
617.5	0.1517
617.625	0.1509
617.75	0.1509
617.875	0.1509
618.0	0.1525
618.125	0.1517
618.25	0.1517
618.375	0.154
618.5	0.1548
618.625	0.1517
618.75	0.1517
618.875	0.1533
619.0	0.1533
619.125	0.1525
619.25	0.1548
619.375	0.1509
619.5	0.1517
619.625	0.1509
619.75	0.1533
619.875	0.1517
620.0	0.1509
620.125	0.1509
620.25	0.1517
620.375	0.1525
620.5	0.1533
620.625	0.1556
620.75	0.1533
620.875	0.1556
621.0	0.1525
621.125	0.1533
621.25	0.1548
621.375	0.1556
621.5	0.154
621.625	0.1556
621.75	0.1556
621.875	0.1556
622.0	0.1556
622.125	0.154
622.25	0.1548
622.375	0.1548
622.5	0.154
622.625	0.1517
622.75	0.1548
622.875	0.1525
623.0	0.154
623.125	0.1533
623.25	0.1525
623.375	0.1509
623.5	0.154
623.625	0.154
623.75	0.1509
623.875	0.1517
624.0	0.1509
624.125	0.1517
624.25	0.1533
624.375	0.154
624.5	0.1509
624.625	0.1556
624.75	0.154
624.875	0.1548
625.0	0.1564
625.125	0.1556
625.25	0.1548
625.375	0.1548
625.5	0.1509
625.625	0.1533
625.75	0.1548
625.875	0.1548
626.0	0.1556
626.125	0.154
626.25	0.154
626.375	0.1556
626.5	0.1556
626.625	0.1525
626.75	0.1525
626.875	0.1493
627.0	0.1517
627.125	0.1509
627.25	0.1509
627.375	0.1533
627.5	0.1517
627.625	0.1509
627.75	0.1509
627.875	0.1509
628.0	0.1517
628.125	0.1517
628.25	0.1517
628.375	0.1509
628.5	0.1501
628.625	0.1501
628.75	0.147
628.875	0.147
629.0	0.1485
629.125	0.147
629.25	0.1446
629.375	0.1462
629.5	0.1509
629.625	0.1509
629.75	0.1525
629.875	0.1525
630.0	0.1509
630.125	0.1509
630.25	0.1509
630.375	0.1509
630.5	0.1509
630.625	0.1517
630.75	0.1509
630.875	0.1509
631.0	0.1509
631.125	0.1509
631.25	0.1509
631.375	0.1501
631.5	0.1509
631.625	0.1509
631.75	0.1517
631.875	0.1509
632.0	0.1501
632.125	0.1509
632.25	0.1509
632.375	0.1509
632.5	0.1485
632.625	0.1509
632.75	0.1501
632.875	0.147
633.0	0.1477
633.125	0.1485
633.25	0.1493
633.375	0.1501
633.5	0.1501
633.625	0.1462
633.75	0.1485
633.875	0.1501
634.0	0.1493
634.125	0.1485
634.25	0.1462
634.375	0.1493
634.5	0.1509
634.625	0.1509
634.75	0.1493
634.875	0.1485
635.0	0.147
635.125	0.1462
635.25	0.1477
635.375	0.147
635.5	0.1462
635.625	0.1462
635.75	0.1493
635.875	0.147
636.0	0.1485
636.125	0.1462
636.25	0.1477
636.375	0.1509
636.5	0.1501
636.625	0.1509
636.75	0.1509
636.875	0.1501
637.0	0.1525
637.125	0.1509
637.25	0.1509
637.375	0.1525
637.5	0.1509
637.625	0.1509
637.75	0.1509
637.875	0.1525
638.0	0.1533
638.125	0.1509
638.25	0.1517
638.375	0.1509
638.5	0.1525
638.625	0.1517
638.75	0.1525
638.875	0.1548
639.0	0.1533
639.125	0.1533
639.25	0.1533
639.375	0.1517
639.5	0.1509
639.625	0.1509
639.75	0.1548
639.875	0.1556
640.0	0.1533
640.125	0.1525
640.25	0.1548
640.375	0.154
640.5	0.1556
640.625	0.154
640.75	0.154
640.875	0.1517
641.0	0.1493
641.125	0.1509
641.25	0.1509
641.375	0.1509
641.5	0.1509
641.625	0.1509
641.75	0.1517
641.875	0.1525
642.0	0.1509
642.125	0.1509
642.25	0.1509
642.375	0.1509
642.5	0.1517
642.625	0.1517
642.75	0.1509
642.875	0.1509
643.0	0.1501
643.125	0.1533
643.25	0.1525
643.375	0.1509
643.5	0.1509
643.625	0.1509
643.75	0.1517
643.875	0.1509
644.0	0.1509
644.125	0.1509
644.25	0.1509
644.375	0.1548
644.5	0.1517
644.625	0.1509
644.75	0.1509
644.875	0.1509
645.0	0.1501
645.125	0.1517
645.25	0.1509
645.375	0.1501
645.5	0.1517
645.625	0.1517
645.75	0.1509
645.875	0.1509
646.0	0.1509
646.125	0.1509
646.25	0.1509
646.375	0.1509
646.5	0.1517
646.625	0.1525
646.75	0.1509
646.875	0.1509
647.0	0.1509
647.125	0.1525
647.25	0.1509
647.375	0.1556
647.5	0.1525
647.625	0.1509
647.75	0.1493
647.875	0.1509
648.0	0.1509
648.125	0.1493
648.25	0.1525
648.375	0.154
648.5	0.1533
648.625	0.1556
648.75	0.1556
648.875	0.1556
649.0	0.1548
649.125	0.154
649.25	0.154
649.375	0.1533
649.5	0.1533
649.625	0.1509
649.75	0.1509
649.875	0.1493
650.0	0.1509
650.125	0.1517
650.25	0.1533
650.375	0.1509
650.5	0.1509
650.625	0.1509
650.75	0.1501
650.875	0.1533
651.0	0.1509
651.125	0.1509
651.25	0.1517
651.375	0.1509
651.5	0.1525
651.625	0.1509
651.75	0.1509
651.875	0.1509
652.0	0.1509
652.125	0.1509
652.25	0.1509
652.375	0.1517
652.5	0.1517
652.625	0.1525
652.75	0.1509
652.875	0.1509
653.0	0.1509
653.125	0.1477
653.25	0.1509
653.375	0.1509
653.5	0.1493
653.625	0.1517
653.75	0.147
653.875	0.147
654.0	0.1493
654.125	0.1477
654.25	0.147
654.375	0.1462
654.5	0.1485
654.625	0.1462
654.75	0.1485
654.875	0.1485
655.0	0.1501
655.125	0.1501
655.25	0.1509
655.375	0.1485
655.5	0.1485
655.625	0.1438
655.75	0.143
655.875	0.1454
656.0	0.1454
656.125	0.1462
656.25	0.1493
656.375	0.1493
656.5	0.1485
656.625	0.1517
656.75	0.1509
656.875	0.1509
657.0	0.1509
657.125	0.1477
657.25	0.1485
657.375	0.1462
657.5	0.1438
657.625	0.1462
657.75	0.1493
657.875	0.1485
658.0	0.147
658.125	0.1462
658.25	0.1477
658.375	0.1477
658.5	0.1462
658.625	0.1454
658.75	0.1462
658.875	0.1485
659.0	0.1485
659.125	0.147
659.25	0.1485
659.375	0.1509
659.5	0.1501
659.625	0.147
659.75	0.147
659.875	0.1462
660.0	0.147
660.125	0.147
660.25	0.1454
660.375	0.1454
660.5	0.143
660.625	0.1446
660.75	0.1462
660.875	0.1454
661.0	0.143
661.125	0.1422
661.25	0.1438
661.375	0.143
661.5	0.1422
661.625	0.1415
661.75	0.143
661.875	0.1446
662.0	0.1462
662.125	0.1438
662.25	0.1454
662.375	0.1462
662.5	0.1446
662.625	0.1462
662.75	0.1462
662.875	0.1462
663.0	0.1462
663.125	0.1462
663.25	0.1462
663.375	0.1462
663.5	0.1462
663.625	0.147
663.75	0.1462
663.875	0.143
664.0	0.1462
664.125	0.1446
664.25	0.1462
664.375	0.1454
664.5	0.1462
664.625	0.1477
664.75	0.1462
664.875	0.1462
665.0	0.1462
665.125	0.1462
665.25	0.1462
665.375	0.1462
665.5	0.1493
665.625	0.1462
665.75	0.1462
665.875	0.1462
666.0	0.1462
666.125	0.147
666.25	0.147
666.375	0.1454
666.5	0.143
666.625	0.1446
666.75	0.1462
666.875	0.147
667.0	0.1462
667.125	0.1454
667.25	0.1454
667.375	0.1462
667.5	0.143
667.625	0.1415
667.75	0.143
667.875	0.1454
668.0	0.1438
668.125	0.1438
668.25	0.1462
668.375	0.1454
668.5	0.1446
668.625	0.1462
668.75	0.147
668.875	0.1462
669.0	0.1462
669.125	0.1462
669.25	0.1493
669.375	0.143
669.5	0.1226
669.625	0.1234
669.75	0.1391
669.875	0.147
670.0	0.1462
670.125	0.147
670.25	0.1462
670.375	0.1454
670.5	0.1462
670.625	0.1462
670.75	0.1438
670.875	0.1462
671.0	0.1462
671.125	0.147
671.25	0.1485
671.375	0.1462
671.5	0.147
671.625	0.1462
671.75	0.1462
671.875	0.1438
672.0	0.1454
672.125	0.1462
672.25	0.147
672.375	0.1446
672.5	0.1446
672.625	0.1446
672.75	0.1422
672.875	0.1446
673.0	0.1462
673.125	0.1446
673.25	0.1462
673.375	0.1446
673.5	0.1462
673.625	0.1422
673.75	0.143
673.875	0.1462
674.0	0.143
674.125	0.1462
674.25	0.1462
674.375	0.1438
674.5	0.1415
674.625	0.1415
674.75	0.1415
674.875	0.1383
675.0	0.1422
675.125	0.1415
675.25	0.1422
675.375	0.1422
675.5	0.1415
675.625	0.1399
675.75	0.1422
675.875	0.1391
676.0	0.1391
676.125	0.1391
676.25	0.1415
676.375	0.1407
676.5	0.1391
676.625	0.1415
676.75	0.1399
676.875	0.1375
677.0	0.1383
677.125	0.1383
677.25	0.1415
677.375	0.1415
677.5	0.1375
677.625	0.1383
677.75	0.1383
677.875	0.1399
678.0	0.1399
678.125	0.1415
678.25	0.1415
678.375	0.1438
678.5	0.1415
678.625	0.1415
678.75	0.143
678.875	0.1422
679.0	0.1407
679.125	0.1446
679.25	0.1446
679.375	0.1415
679.5	0.143
679.625	0.1415
679.75	0.1446
679.875	0.1422
680.0	0.1422
680.125	0.1415
680.25	0.143
680.375	0.1438
680.5	0.143
680.625	0.143
680.75	0.1446
680.875	0.1415
681.0	0.1422
681.125	0.1422
681.25	0.143
681.375	0.1415
681.5	0.143
681.625	0.1415
681.75	0.1415
681.875	0.1415
682.0	0.1415
682.125	0.1415
682.25	0.1415
682.375	0.1454
682.5	0.143
682.625	0.1454
682.75	0.1438
682.875	0.1446
683.0	0.1415
683.125	0.1438
683.25	0.1438
683.375	0.143
683.5	0.1454
683.625	0.1454
683.75	0.1415
683.875	0.143
684.0	0.1399
684.125	0.1375
684.25	0.1391
684.375	0.1391
684.5	0.1415
684.625	0.1407
684.75	0.1415
684.875	0.1415
685.0	0.1399
685.125	0.1375
685.25	0.1399
685.375	0.1399
685.5	0.1407
685.625	0.1407
685.75	0.1407
685.875	0.1407
686.0	0.1383
686.125	0.1415
686.25	0.1399
686.375	0.1399
686.5	0.1399
686.625	0.1407
686.75	0.1399
686.875	0.1391
687.0	0.1367
687.125	0.1415
687.25	0.1367
687.375	0.1375
687.5	0.136
687.625	0.1352
687.75	0.1367
687.875	0.1367
688.0	0.1367
688.125	0.1367
688.25	0.1352
688.375	0.1344
688.5	0.1367
688.625	0.1375
688.75	0.1367
688.875	0.1367
689.0	0.1367
689.125	0.1336
689.25	0.1352
689.375	0.1367
689.5	0.1367
689.625	0.1367
689.75	0.136
689.875	0.1367
690.0	0.1375
690.125	0.1336
690.25	0.1367
690.375	0.1367
690.5	0.1352
690.625	0.1352
690.75	0.1344
690.875	0.1367
691.0	0.1399
691.125	0.1383
691.25	0.1367
691.375	0.1352
691.5	0.1336
691.625	0.132
691.75	0.1352
691.875	0.1352
692.0	0.136
692.125	0.1375
692.25	0.1391
692.375	0.1399
692.5	0.1391
692.625	0.1407
692.75	0.1352
692.875	0.1367
693.0	0.1383
693.125	0.1367
693.25	0.1375
693.375	0.1383
693.5	0.1344
693.625	0.1367
693.75	0.136
693.875	0.1375
694.0	0.1344
694.125	0.1367
694.25	0.1367
694.375	0.1367
694.5	0.1352
694.625	0.1383
694.75	0.1375
694.875	0.1367
695.0	0.1367
695.125	0.1367
695.25	0.1367
695.375	0.1367
695.5	0.1383
695.625	0.1383
695.75	0.1367
695.875	0.1367
696.0	0.1367
696.125	0.136
696.25	0.1375
696.375	0.136
696.5	0.1375
696.625	0.1367
696.75	0.1367
696.875	0.1375
697.0	0.1375
697.125	0.1367
697.25	0.1367
697.375	0.1367
697.5	0.1336
697.625	0.1375
697.75	0.1344
697.875	0.1328
698.0	0.132
698.125	0.1328
698.25	0.132
698.375	0.1328
698.5	0.136
698.625	0.1336
698.75	0.1328
698.875	0.1336
699.0	0.1352
699.125	0.1344
699.25	0.1344
699.375	0.132
699.5	0.136
699.625	0.1328
699.75	0.1352
699.875	0.1367
700.0	0.136
700.125	0.1367
700.25	0.1375
700.375	0.1367
700.5	0.1383
700.625	0.1383
700.75	0.1367
700.875	0.1367
701.0	0.1399
701.125	0.1367
701.25	0.1367
701.375	0.1383
701.5	0.1367
701.625	0.1367
701.75	0.1367
701.875	0.1367
702.0	0.1407
702.125	0.1391
702.25	0.1375
702.375	0.1367
702.5	0.136
702.625	0.136
702.75	0.1344
702.875	0.1367
703.0	0.1367
703.125	0.1383
703.25	0.1367
703.375	0.1367
703.5	0.136
703.625	0.136
703.75	0.1367
703.875	0.1367
704.0	0.1352
704.125	0.136
704.25	0.1352
704.375	0.1352
704.5	0.1344
704.625	0.1344
704.75	0.1352
704.875	0.1352
705.0	0.1344
705.125	0.1367
705.25	0.1367
705.375	0.1367
705.5	0.1352
705.625	0.1336
705.75	0.1352
705.875	0.132
706.0	0.132
706.125	0.1352
706.25	0.132
706.375	0.132
706.5	0.1297
706.625	0.132
706.75	0.1328
706.875	0.132
707.0	0.136
707.125	0.1367
707.25	0.136
707.375	0.136
707.5	0.1344
707.625	0.136
707.75	0.132
707.875	0.132
708.0	0.132
708.125	0.132
708.25	0.132
708.375	0.1305
708.5	0.132
708.625	0.1297
708.75	0.132
708.875	0.1312
709.0	0.1336
709.125	0.1336
709.25	0.1336
709.375	0.1328
709.5	0.1312
709.625	0.132
709.75	0.1312
709.875	0.1281
710.0	0.132
710.125	0.1328
710.25	0.132
710.375	0.1312
710.5	0.1305
710.625	0.1328
710.75	0.1344
710.875	0.1352
711.0	0.1336
711.125	0.1344
711.25	0.132
711.375	0.132
711.5	0.1328
711.625	0.132
711.75	0.1344
711.875	0.1312
712.0	0.132
712.125	0.1352
712.25	0.1336
712.375	0.1336
712.5	0.1328
712.625	0.1328
712.75	0.1352
712.875	0.1328
713.0	0.132
713.125	0.1344
713.25	0.132
713.375	0.1352
713.5	0.136
713.625	0.1336
713.75	0.132
713.875	0.132
714.0	0.1297
714.125	0.132
714.25	0.1352
714.375	0.1312
714.5	0.132
714.625	0.1312
714.75	0.1305
714.875	0.1297
715.0	0.1312
715.125	0.1312
715.25	0.1328
715.375	0.132
715.5	0.132
715.625	0.1336
715.75	0.1344
715.875	0.1336
716.0	0.1336
716.125	0.1336
716.25	0.132
716.375	0.1328
716.5	0.132
716.625	0.132
716.75	0.1312
716.875	0.1305
717.0	0.132
717.125	0.1305
717.25	0.1297
717.375	0.1289
717.5	0.1281
717.625	0.1305
717.75	0.1312
717.875	0.1312
718.0	0.1312
718.125	0.132
718.25	0.1312
718.375	0.1328
718.5	0.1328
718.625	0.132
718.75	0.1312
718.875	0.132
719.0	0.1328
719.125	0.1297
719.25	0.132
719.375	0.1305
719.5	0.1297
719.625	0.132
719.75	0.1344
719.875	0.1336
720.0	0.1328
720.125	0.132
720.25	0.132
720.375	0.132
720.5	0.1328
720.625	0.1344
720.75	0.1344
720.875	0.1336
721.0	0.1312
721.125	0.1312
721.25	0.1328
721.375	0.1336
721.5	0.1336
721.625	0.1344
721.75	0.132
721.875	0.132
722.0	0.1336
722.125	0.1352
722.25	0.1352
722.375	0.1367
722.5	0.1336
722.625	0.1328
722.75	0.1328
722.875	0.1344
723.0	0.1328
723.125	0.1336
723.25	0.136
723.375	0.132
723.5	0.132
723.625	0.1344
723.75	0.132
723.875	0.1336
724.0	0.1328
724.125	0.132
724.25	0.132
724.375	0.132
724.5	0.1336
724.625	0.132
724.75	0.132
724.875	0.1375
725.0	0.1367
725.125	0.1336
725.25	0.1344
725.375	0.1367
725.5	0.1367
725.625	0.1367
725.75	0.1352
725.875	0.1336
726.0	0.1328
726.125	0.1328
726.25	0.1312
726.375	0.1305
726.5	0.1312
726.625	0.1289
726.75	0.1312
726.875	0.1312
727.0	0.1312
727.125	0.1328
727.25	0.1328
727.375	0.1367
727.5	0.1344
727.625	0.1336
727.75	0.136
727.875	0.1328
728.0	0.1312
728.125	0.132
728.25	0.1312
728.375	0.132
728.5	0.132
728.625	0.132
728.75	0.1328
728.875	0.1328
729.0	0.1344
729.125	0.132
729.25	0.1312
729.375	0.136
729.5	0.1352
729.625	0.1367
729.75	0.136
729.875	0.1336
730.0	0.1336
730.125	0.1336
730.25	0.1367
730.375	0.1336
730.5	0.1328
730.625	0.132
730.75	0.1352
730.875	0.1367
731.0	0.136
731.125	0.1344
731.25	0.1336
731.375	0.1336
731.5	0.136
731.625	0.1352
731.75	0.1352
731.875	0.1352
732.0	0.1367
732.125	0.1352
732.25	0.1367
732.375	0.1352
732.5	0.1367
732.625	0.1383
732.75	0.1367
732.875	0.1367
733.0	0.1367
733.125	0.1352
733.25	0.136
733.375	0.1367
733.5	0.1367
733.625	0.1375
733.75	0.1367
733.875	0.1367
734.0	0.1367
734.125	0.136
734.25	0.1336
734.375	0.132
734.5	0.1367
734.625	0.1344
734.75	0.136
734.875	0.1328
735.0	0.1336
735.125	0.1336
735.25	0.1367
735.375	0.1367
735.5	0.1367
735.625	0.1383
735.75	0.1367
735.875	0.1367
736.0	0.1399
736.125	0.1391
736.25	0.1367
736.375	0.1375
736.5	0.1415
736.625	0.1375
736.75	0.1391
736.875	0.1399
737.0	0.1407
737.125	0.1391
737.25	0.1415
737.375	0.143
737.5	0.143
737.625	0.1415
737.75	0.1399
737.875	0.1391
738.0	0.1391
738.125	0.1399
738.25	0.1407
738.375	0.1407
738.5	0.1391
738.625	0.1415
738.75	0.1383
738.875	0.1375
739.0	0.1415
739.125	0.1415
739.25	0.1415
739.375	0.1399
739.5	0.1415
739.625	0.1415
739.75	0.1399
739.875	0.1422
740.0	0.1415
740.125	0.143
740.25	0.1399
740.375	0.1422
740.5	0.1438
740.625	0.1454
740.75	0.1422
740.875	0.1438
741.0	0.1438
741.125	0.1407
741.25	0.1462
741.375	0.143
741.5	0.1422
741.625	0.1415
741.75	0.1438
741.875	0.143
742.0	0.1438
742.125	0.1415
742.25	0.1454
742.375	0.1462
742.5	0.1446
742.625	0.1462
742.75	0.1446
742.875	0.1446
743.0	0.1462
743.125	0.1446
743.25	0.1454
743.375	0.1477
743.5	0.1462
743.625	0.1446
743.75	0.1462
743.875	0.147
744.0	0.147
744.125	0.1462
744.25	0.1438
744.375	0.1289
744.5	0.121
744.625	0.1336
744.75	0.1477
744.875	0.1477
745.0	0.1462
745.125	0.1367
745.25	0.1336
745.375	0.1297
745.5	0.121
745.625	0.1132
745.75	0.1155
745.875	0.1242
746.0	0.1132
746.125	0.1234
746.25	0.1415
746.375	0.1438
746.5	0.1462
746.625	0.1312
746.75	0.1053
746.875	0.099
747.0	0.099
747.125	0.099
747.25	0.0974
747.375	0.1006
747.5	0.1006
747.625	0.099
747.75	0.1037
747.875	0.099
748.0	0.0982
748.125	0.0974
748.25	0.099
748.375	0.0998
748.5	0.0998
748.625	0.099
748.75	0.1022
748.875	0.1037
749.0	0.1029
749.125	0.1029
749.25	0.1029
749.375	0.1022
749.5	0.1053
749.625	0.1045
749.75	0.1037
749.875	0.0998
750.0	0.1006
750.125	0.1037
750.25	0.1061
750.375	0.1069
750.5	0.1084
750.625	0.1132
750.75	0.1124
750.875	0.1124
751.0	0.1092
751.125	0.11
751.25	0.1084
751.375	0.1092
751.5	0.1132
751.625	0.1132
751.75	0.1108
751.875	0.11
752.0	0.1108
752.125	0.1084
752.25	0.1077
752.375	0.1084
752.5	0.1084
752.625	0.1084
752.75	0.1084
752.875	0.1084
753.0	0.1084
753.125	0.11
753.25	0.1084
753.375	0.1077
753.5	0.1092
753.625	0.1077
753.75	0.1084
753.875	0.1084
754.0	0.11
754.125	0.11
754.25	0.1108
754.375	0.11
754.5	0.1108
754.625	0.1084
754.75	0.1092
754.875	0.1108
755.0	0.1108
755.125	0.1132
755.25	0.1132
755.375	0.11
755.5	0.1092
755.625	0.1092
755.75	0.1124
755.875	0.1132
756.0	0.1116
756.125	0.1132
756.25	0.1132
756.375	0.1108
756.5	0.1116
756.625	0.1084
756.75	0.11
756.875	0.1132
757.0	0.1132
757.125	0.1132
757.25	0.1132
757.375	0.1139
757.5	0.1139
757.625	0.1132
757.75	0.1139
757.875	0.1132
758.0	0.1124
758.125	0.1163
758.25	0.1132
758.375	0.1116
758.5	0.1132
758.625	0.1132
758.75	0.1132
758.875	0.1124
759.0	0.1155
759.125	0.1132
759.25	0.1132
759.375	0.1155
759.5	0.1132
759.625	0.1132
759.75	0.1116
759.875	0.1084
760.0	0.1124
760.125	0.1147
760.25	0.1132
760.375	0.1155
760.5	0.1139
760.625	0.1139
760.75	0.1132
760.875	0.1139
761.0	0.1132
761.125	0.1132
761.25	0.1116
761.375	0.1092
761.5	0.1124
761.625	0.1132
761.75	0.1132
761.875	0.1132
762.0	0.1116
762.125	0.1108
762.25	0.11
762.375	0.1132
762.5	0.1124
762.625	0.1116
762.75	0.11
762.875	0.11
763.0	0.1124
763.125	0.1139
763.25	0.1132
763.375	0.1132
763.5	0.1116
763.625	0.1108
763.75	0.1132
763.875	0.1108
764.0	0.11
764.125	0.1116
764.25	0.1116
764.375	0.1132
764.5	0.1124
764.625	0.1132
764.75	0.1108
764.875	0.1108
765.0	0.1084
765.125	0.1092
765.25	0.1108
765.375	0.1092
765.5	0.11
765.625	0.1124
765.75	0.11
765.875	0.1092
766.0	0.11
766.125	0.1084
766.25	0.11
766.375	0.1116
766.5	0.1108
766.625	0.1132
766.75	0.1124
766.875	0.11
767.0	0.1132
767.125	0.1132
767.25	0.1132
767.375	0.1132
767.5	0.1132
767.625	0.1108
767.75	0.1132
767.875	0.1132
768.0	0.1139
768.125	0.1124
768.25	0.1132
768.375	0.1132
768.5	0.1139
768.625	0.1147
768.75	0.1139
768.875	0.1132
769.0	0.1147
769.125	0.1147
769.25	0.1139
769.375	0.1132
769.5	0.1171
769.625	0.1147
769.75	0.1163
769.875	0.1132
770.0	0.1132
770.125	0.1132
770.25	0.1163
770.375	0.1155
770.5	0.1132
770.625	0.1147
770.75	0.1132
770.875	0.1139
771.0	0.1116
771.125	0.1132
771.25	0.1155
771.375	0.1132
771.5	0.1139
771.625	0.1147
771.75	0.1163
771.875	0.1139
772.0	0.1163
772.125	0.1155
772.25	0.1139
772.375	0.1132
772.5	0.1171
772.625	0.1132
772.75	0.1139
772.875	0.1139
773.0	0.1155
773.125	0.1132
773.25	0.1139
773.375	0.1132
773.5	0.1132
773.625	0.1132
773.75	0.1132
773.875	0.1132
774.0	0.1132
774.125	0.1132
774.25	0.1132
774.375	0.1132
774.5	0.1139
774.625	0.1132
774.75	0.1132
774.875	0.1132
775.0	0.1155
775.125	0.1163
775.25	0.1132
775.375	0.1132
775.5	0.1155
775.625	0.1147
775.75	0.1132
775.875	0.1147
776.0	0.1132
776.125	0.1132
776.25	0.1155
776.375	0.1132
776.5	0.1139
776.625	0.1132
776.75	0.1132
776.875	0.1163
777.0	0.1132
777.125	0.1139
777.25	0.1132
777.375	0.1139
777.5	0.1132
777.625	0.1132
777.75	0.1132
777.875	0.1147
778.0	0.1124
778.125	0.1139
778.25	0.1132
778.375	0.1132
778.5	0.1132
778.625	0.1139
778.75	0.1132
778.875	0.1139
779.0	0.1139
779.125	0.1132
779.25	0.1155
779.375	0.1108
779.5	0.1155
779.625	0.1139
779.75	0.1147
779.875	0.1171
780.0	0.1139
780.125	0.1132
780.25	0.1132
780.375	0.1132
780.5	0.1155
780.625	0.1132
780.75	0.1139
780.875	0.1179
781.0	0.1147
781.125	0.1139
781.25	0.1179
781.375	0.1155
781.5	0.1171
781.625	0.1155
781.75	0.1155
781.875	0.1171
782.0	0.1163
782.125	0.1155
782.25	0.1147
782.375	0.1163
782.5	0.1155
782.625	0.1179
782.75	0.1171
782.875	0.1171
783.0	0.1171
783.125	0.1179
783.25	0.1147
783.375	0.1171
783.5	0.1179
783.625	0.1179
783.75	0.1194
783.875	0.1179
784.0	0.1187
784.125	0.1187
784.25	0.1179
784.375	0.1194
784.5	0.1171
784.625	0.1194
784.75	0.1171
784.875	0.1179
785.0	0.1179
785.125	0.1179
785.25	0.1187
785.375	0.1179
785.5	0.1179
785.625	0.1179
785.75	0.1179
785.875	0.1179
786.0	0.1179
786.125	0.1179
786.25	0.1179
786.375	0.1187
786.5	0.1179
786.625	0.1163
786.75	0.1179
786.875	0.1179
787.0	0.1163
787.125	0.1187
787.25	0.1179
787.375	0.1194
787.5	0.1179
787.625	0.1202
787.75	0.1187
787.875	0.1163
788.0	0.1163
788.125	0.1147
788.25	0.1132
788.375	0.1155
788.5	0.1132
788.625	0.1139
788.75	0.1147
788.875	0.1132
789.0	0.1132
789.125	0.1139
789.25	0.1155
789.375	0.1147
789.5	0.1147
789.625	0.1147
789.75	0.1139
789.875	0.1155
790.0	0.1171
790.125	0.1179
790.25	0.1132
790.375	0.1155
790.5	0.1132
790.625	0.1139
790.75	0.1163
790.875	0.1171
791.0	0.1179
791.125	0.1155
791.25	0.1179
791.375	0.1155
791.5	0.1179
791.625	0.1163
791.75	0.1139
791.875	0.1132
792.0	0.1139
792.125	0.1155
792.25	0.1163
792.375	0.1147
792.5	0.1147
792.625	0.1139
792.75	0.1171
792.875	0.1132
793.0	0.1179
793.125	0.1179
793.25	0.1202
793.375	0.1179
793.5	0.1187
793.625	0.1179
793.75	0.1179
793.875	0.1171
794.0	0.1155
794.125	0.1155
794.25	0.1155
794.375	0.1171
794.5	0.1179
794.625	0.1163
794.75	0.1155
794.875	0.1155
795.0	0.1179
795.125	0.1147
795.25	0.1163
795.375	0.1147
795.5	0.1155
795.625	0.1147
795.75	0.1139
795.875	0.1132
796.0	0.1147
796.125	0.1171
796.25	0.1155
796.375	0.1155
796.5	0.1147
796.625	0.1132
796.75	0.1155
796.875	0.1179
797.0	0.1179
797.125	0.1147
797.25	0.1139
797.375	0.1139
797.5	0.1163
797.625	0.1155
797.75	0.1132
797.875	0.1132
798.0	0.1124
798.125	0.1132
798.25	0.1155
798.375	0.1132
798.5	0.1139
798.625	0.1132
798.75	0.1108
798.875	0.1124
799.0	0.1132
799.125	0.1124
799.25	0.1132
799.375	0.1124
799.5	0.1132
799.625	0.1132
799.75	0.1132
799.875	0.1132
800.0	0.1132
800.125	0.1116
800.25	0.1132
800.375	0.1147
800.5	0.1132
800.625	0.1132
800.75	0.1139
800.875	0.1132
801.0	0.1132
801.125	0.1132
801.25	0.1132
801.375	0.1147
801.5	0.1132
801.625	0.1132
801.75	0.1147
801.875	0.1155
802.0	0.1139
802.125	0.1132
802.25	0.1163
802.375	0.1116
802.5	0.1132
802.625	0.1124
802.75	0.1116
802.875	0.11
803.0	0.11
803.125	0.1092
803.25	0.1116
803.375	0.1116
803.5	0.1132
803.625	0.1139
803.75	0.1147
803.875	0.1155
804.0	0.1132
804.125	0.1124
804.25	0.1116
804.375	0.11
804.5	0.1132
804.625	0.1132
804.75	0.1116
804.875	0.1108
805.0	0.1132
805.125	0.1132
805.25	0.1132
805.375	0.1132
805.5	0.11
805.625	0.1132
805.75	0.1139
805.875	0.1132
806.0	0.1132
806.125	0.1132
806.25	0.11
806.375	0.1092
806.5	0.1092
806.625	0.1116
806.75	0.1132
806.875	0.1132
807.0	0.1116
807.125	0.1116
807.25	0.11
807.375	0.11
807.5	0.1084
807.625	0.1092
807.75	0.1132
807.875	0.1084
808.0	0.1116
808.125	0.1108
808.25	0.1084
808.375	0.11
808.5	0.1092
808.625	0.11
808.75	0.1092
808.875	0.1108
809.0	0.1092
809.125	0.1116
809.25	0.1132
809.375	0.11
809.5	0.11
809.625	0.1108
809.75	0.1116
809.875	0.1116
810.0	0.1132
810.125	0.1132
810.25	0.11
810.375	0.1132
810.5	0.1163
810.625	0.1124
810.75	0.1108
810.875	0.1132
811.0	0.1116
811.125	0.1124
811.25	0.1132
811.375	0.1132
811.5	0.11
811.625	0.1084
811.75	0.1069
811.875	0.1084
812.0	0.1108
812.125	0.1084
812.25	0.1069
812.375	0.1108
812.5	0.1108
812.625	0.1077
812.75	0.1084
812.875	0.1084
813.0	0.1077
813.125	0.1069
813.25	0.1045
813.375	0.1084
813.5	0.1084
813.625	0.1077
813.75	0.1084
813.875	0.1053
814.0	0.1084
814.125	0.11
814.25	0.1084
814.375	0.1084
814.5	0.1084
814.625	0.1084
814.75	0.1108
814.875	0.1155
815.0	0.1116
815.125	0.1132
815.25	0.1139
815.375	0.1139
815.5	0.1116
815.625	0.1116
815.75	0.1108
815.875	0.1132
816.0	0.1108
816.125	0.11
816.25	0.1108
816.375	0.1132
816.5	0.1132
816.625	0.1124
816.75	0.1108
816.875	0.1092
817.0	0.1108
817.125	0.11
817.25	0.1116
817.375	0.1147
817.5	0.1147
817.625	0.1139
817.75	0.1108
817.875	0.1132
818.0	0.1116
818.125	0.1084
818.25	0.1092
818.375	0.1108
818.5	0.1084
818.625	0.1132
818.75	0.11
818.875	0.11
819.0	0.1084
819.125	0.1116
819.25	0.1116
819.375	0.1132
819.5	0.1132
819.625	0.11
819.75	0.1084
819.875	0.11
820.0	0.11
820.125	0.1092
820.25	0.1108
820.375	0.1108
820.5	0.1092
820.625	0.1077
820.75	0.1053
820.875	0.1084
821.0	0.1084
821.125	0.1077
821.25	0.1092
821.375	0.1084
821.5	0.1084
821.625	0.1092
821.75	0.1132
821.875	0.1108
822.0	0.1084
822.125	0.11
822.25	0.1139
822.375	0.1132
822.5	0.1108
822.625	0.1139
822.75	0.1139
822.875	0.1132
823.0	0.1155
823.125	0.11
823.25	0.1132
823.375	0.1108
823.5	0.11
823.625	0.1092
823.75	0.1132
823.875	0.1124
824.0	0.11
824.125	0.1092
824.25	0.1108
824.375	0.11
824.5	0.1084
824.625	0.1084
824.75	0.11
824.875	0.1069
825.0	0.1084
825.125	0.1108
825.25	0.1124
825.375	0.1092
825.5	0.1108
825.625	0.1116
825.75	0.1092
825.875	0.1084
826.0	0.1147
826.125	0.1155
826.25	0.1179
826.375	0.1171
826.5	0.1132
826.625	0.1139
826.75	0.1155
826.875	0.1155
827.0	0.1179
827.125	0.1179
827.25	0.1132
827.375	0.1147
827.5	0.1163
827.625	0.1132
827.75	0.1179
827.875	0.1171
828.0	0.1163
828.125	0.1147
828.25	0.1163
828.375	0.1163
828.5	0.1147
828.625	0.1147
828.75	0.1155
828.875	0.1147
829.0	0.1139
829.125	0.1155
829.25	0.1155
829.375	0.1163
829.5	0.1147
829.625	0.1139
829.75	0.1139
829.875	0.1124
830.0	0.1147
830.125	0.1077
830.25	0.1069
830.375	0.1061
830.5	0.11
830.625	0.1092
830.75	0.1084
830.875	0.11
831.0	0.1084
831.125	0.1084
831.25	0.11
831.375	0.1061
831.5	0.1069
831.625	0.1077
831.75	0.11
831.875	0.1084
832.0	0.1124
832.125	0.1092
832.25	0.1084
832.375	0.1077
832.5	0.11
832.625	0.1092
832.75	0.1084
832.875	0.1069
833.0	0.1084
833.125	0.1084
833.25	0.1084
833.375	0.1092
833.5	0.11
833.625	0.1108
833.75	0.11
833.875	0.11
834.0	0.1084
834.125	0.1061
834.25	0.1061
834.375	0.1092
834.5	0.1084
834.625	0.11
834.75	0.1084
834.875	0.1084
835.0	0.1084
835.125	0.1084
835.25	0.1061
835.375	0.1037
835.5	0.1061
835.625	0.1108
835.75	0.1077
835.875	0.1124
836.0	0.11
836.125	0.1053
836.25	0.1077
836.375	0.1061
836.5	0.1037
836.625	0.1061
836.75	0.1092
836.875	0.1045
837.0	0.1077
837.125	0.1084
837.25	0.1084
837.375	0.1069
837.5	0.1069
837.625	0.1084
837.75	0.1084
837.875	0.1077
838.0	0.1084
838.125	0.1069
838.25	0.11
838.375	0.1053
838.5	0.1092
838.625	0.1108
838.75	0.1084
838.875	0.1108
839.0	0.1084
839.125	0.1116
839.25	0.1084
839.375	0.11
839.5	0.11
839.625	0.11
839.75	0.1092
839.875	0.1116
840.0	0.1077
840.125	0.1084
840.25	0.1069
840.375	0.1069
840.5	0.1084
840.625	0.1077
840.75	0.1084
840.875	0.1084
841.0	0.1084
841.125	0.1116
841.25	0.1061
841.375	0.1084
841.5	0.1108
841.625	0.11
841.75	0.1108
841.875	0.1084
842.0	0.11
842.125	0.1084
842.25	0.1077
842.375	0.1077
842.5	0.1077
842.625	0.1084
842.75	0.1061
842.875	0.1084
843.0	0.1108
843.125	0.1108
843.25	0.1116
843.375	0.1069
843.5	0.1053
843.625	0.1092
843.75	0.1116
843.875	0.1092
844.0	0.1084
844.125	0.1077
844.25	0.1077
844.375	0.1053
844.5	0.1061
844.625	0.1069
844.75	0.1069
844.875	0.1045
845.0	0.1045
845.125	0.1037
845.25	0.1077
845.375	0.1061
845.5	0.1061
845.625	0.1084
845.75	0.1069
845.875	0.1045
846.0	0.1037
846.125	0.1061
846.25	0.1045
846.375	0.1069
846.5	0.1069
846.625	0.1045
846.75	0.1077
846.875	0.1077
847.0	0.1092
847.125	0.1069
847.25	0.11
847.375	0.1092
847.5	0.1116
847.625	0.1092
847.75	0.1077
847.875	0.1084
848.0	0.1092
848.125	0.1092
848.25	0.1084
848.375	0.1077
848.5	0.1084
848.625	0.11
848.75	0.1069
848.875	0.1069
849.0	0.1045
849.125	0.1045
849.25	0.1069
849.375	0.1077
849.5	0.1077
849.625	0.1084
849.75	0.1124
849.875	0.1132
850.0	0.1108
850.125	0.11
850.25	0.1084
850.375	0.11
850.5	0.11
850.625	0.1061
850.75	0.1077
850.875	0.1108
851.0	0.1061
851.125	0.1084
851.25	0.1045
851.375	0.1116
851.5	0.1108
851.625	0.11
851.75	0.1108
851.875	0.1069
852.0	0.1084
852.125	0.11
852.25	0.1132
852.375	0.1124
852.5	0.1053
852.625	0.1092
852.75	0.1116
852.875	0.11
853.0	0.1084
853.125	0.1084
853.25	0.1092
853.375	0.1108
853.5	0.1092
853.625	0.11
853.75	0.1084
853.875	0.1053
854.0	0.1092
854.125	0.11
854.25	0.1053
854.375	0.1037
854.5	0.1037
854.625	0.1022
854.75	0.1069
854.875	0.1029
855.0	0.1037
855.125	0.1037
855.25	0.1037
855.375	0.1053
855.5	0.1061
855.625	0.1037
855.75	0.1037
855.875	0.1053
856.0	0.1045
856.125	0.1022
856.25	0.1022
856.375	0.1029
856.5	0.1053
856.625	0.1022
856.75	0.099
856.875	0.1053
857.0	0.1014
857.125	0.1045
857.25	0.0998
857.375	0.1029
857.5	0.1022
857.625	0.1029
857.75	0.1037
857.875	0.1037
858.0	0.1029
858.125	0.1037
858.25	0.1037
858.375	0.1037
858.5	0.1022
858.625	0.1029
858.75	0.1045
858.875	0.1029
859.0	0.1045
859.125	0.1037
859.25	0.1037
859.375	0.1037
859.5	0.1022
859.625	0.1053
859.75	0.1077
859.875	0.099
860.0	0.1014
860.125	0.099
860.25	0.1014
860.375	0.1014
860.5	0.1022
860.625	0.0998
860.75	0.1014
860.875	0.1014
861.0	0.1022
861.125	0.1037
861.25	0.0998
861.375	0.0998
861.5	0.099
861.625	0.099
861.75	0.099
861.875	0.1014
862.0	0.099
862.125	0.0966
862.25	0.0998
862.375	0.1045
862.5	0.1037
862.625	0.1006
862.75	0.1014
862.875	0.1037
863.0	0.1037
863.125	0.1037
863.25	0.1006
863.375	0.1084
863.5	0.1061
863.625	0.1029
863.75	0.099
863.875	0.0998
864.0	0.1029
864.125	0.0982
864.25	0.0998
864.375	0.1029
864.5	0.1006
864.625	0.1029
864.75	0.1053
864.875	0.1045
865.0	0.0998
865.125	0.099
865.25	0.099
865.375	0.1022
865.5	0.1029
865.625	0.1037
865.75	0.1037
865.875	0.1037
866.0	0.1029
866.125	0.1061
866.25	0.1045
866.375	0.1037
866.5	0.1022
866.625	0.1029
866.75	0.1029
866.875	0.1006
867.0	0.1022
867.125	0.1037
867.25	0.1061
867.375	0.1029
867.5	0.1014
867.625	0.099
867.75	0.0998
867.875	0.099
868.0	0.1037
868.125	0.1006
868.25	0.1006
868.375	0.099
868.5	0.099
868.625	0.0982
868.75	0.099
868.875	0.1006
869.0	0.0998
869.125	0.099
869.25	0.1006
869.375	0.0966
869.5	0.0966
869.625	0.099
869.75	0.0982
869.875	0.1037
870.0	0.1029
870.125	0.1022
870.25	0.1014
870.375	0.0974
870.5	0.0998
870.625	0.099
870.75	0.1014
870.875	0.1029
871.0	0.1006
871.125	0.1014
871.25	0.1037
871.375	0.1037
871.5	0.1037
871.625	0.1029
871.75	0.1006
871.875	0.1014
872.0	0.099
872.125	0.1037
872.25	0.1014
872.375	0.1045
872.5	0.1061
872.625	0.1037
872.75	0.1029
872.875	0.1045
873.0	0.1045
873.125	0.1069
873.25	0.1061
873.375	0.1022
873.5	0.1022
873.625	0.1006
873.75	0.1006
873.875	0.1022
874.0	0.0998
874.125	0.1037
874.25	0.1037
874.375	0.1037
874.5	0.1037
874.625	0.1029
874.75	0.1029
874.875	0.1037
875.0	0.1022
875.125	0.1029
875.25	0.1029
875.375	0.1037
875.5	0.1037
875.625	0.1029
875.75	0.1029
875.875	0.1029
876.0	0.1006
876.125	0.1014
876.25	0.099
876.375	0.099
876.5	0.099
876.625	0.099
876.75	0.0998
876.875	0.0998
877.0	0.1037
877.125	0.1014
877.25	0.1037
877.375	0.1061
877.5	0.1037
877.625	0.1037
877.75	0.1045
877.875	0.1037
878.0	0.1037
878.125	0.1037
878.25	0.1037
878.375	0.1006
878.5	0.1006
878.625	0.1022
878.75	0.1037
878.875	0.1045
879.0	0.1037
879.125	0.1029
879.25	0.1045
879.375	0.1037
879.5	0.1037
879.625	0.1037
879.75	0.1045
879.875	0.1037
880.0	0.1037
880.125	0.099
880.25	0.1006
880.375	0.099
880.5	0.1014
880.625	0.099
880.75	0.1029
880.875	0.099
881.0	0.1029
881.125	0.1014
881.25	0.1022
881.375	0.1037
881.5	0.1022
881.625	0.1037
881.75	0.1037
881.875	0.1014
882.0	0.1045
882.125	0.1037
882.25	0.1006
882.375	0.099
882.5	0.1029
882.625	0.1045
882.75	0.1037
882.875	0.1037
883.0	0.1022
883.125	0.1037
883.25	0.1037
883.375	0.1014
883.5	0.1022
883.625	0.0998
883.75	0.0982
883.875	0.099
884.0	0.1014
884.125	0.1022
884.25	0.0998
884.375	0.1006
884.5	0.0982
884.625	0.1014
884.75	0.1014
884.875	0.1022
885.0	0.0998
885.125	0.1014
885.25	0.1037
885.375	0.1029
885.5	0.1037
885.625	0.1037
885.75	0.1037
885.875	0.1037
886.0	0.1037
886.125	0.1037
886.25	0.1045
886.375	0.1053
886.5	0.1029
886.625	0.1014
886.75	0.0998
886.875	0.1014
887.0	0.1037
887.125	0.1037
887.25	0.1037
887.375	0.1029
887.5	0.1029
887.625	0.1037
887.75	0.1022
887.875	0.1045
888.0	0.1037
888.125	0.1022
888.25	0.1022
888.375	0.099
888.5	0.0998
888.625	0.1022
888.75	0.1037
888.875	0.1069
889.0	0.1037
889.125	0.1029
889.25	0.1037
889.375	0.1022
889.5	0.1014
889.625	0.1014
889.75	0.0998
889.875	0.1029
890.0	0.1014
890.125	0.0998
890.25	0.0982
890.375	0.1014
890.5	0.1029
890.625	0.099
890.75	0.099
890.875	0.1022
891.0	0.1014
891.125	0.1037
891.25	0.1037
891.375	0.1053
891.5	0.1045
891.625	0.1037
891.75	0.1014
891.875	0.1006
892.0	0.1029
892.125	0.1053
892.25	0.1053
892.375	0.1061
892.5	0.1037
892.625	0.1029
892.75	0.1037
892.875	0.1037
893.0	0.1022
893.125	0.1029
893.25	0.1022
893.375	0.1029
893.5	0.0998
893.625	0.1022
893.75	0.099
893.875	0.099
894.0	0.1022
894.125	0.1037
894.25	0.1006
894.375	0.1029
894.5	0.1014
894.625	0.0998
894.75	0.1029
894.875	0.1006
895.0	0.099
895.125	0.1022
895.25	0.1014
895.375	0.1014
895.5	0.1029
895.625	0.1037
895.75	0.1006
895.875	0.1037
896.0	0.1037
896.125	0.1037
896.25	0.1045
896.375	0.1014
896.5	0.1037
896.625	0.1029
896.75	0.1037
896.875	0.1045
897.0	0.1014
897.125	0.1029
897.25	0.1037
897.375	0.1037
897.5	0.1045
897.625	0.1029
897.75	0.1037
897.875	0.1029
898.0	0.1069
898.125	0.1092
898.25	0.1037
898.375	0.1037
898.5	0.1037
898.625	0.1053
898.75	0.1022
898.875	0.1045
899.0	0.1006
899.125	0.1037
899.25	0.1022
899.375	0.0974
899.5	0.1014
899.625	0.1014
899.75	0.1022
899.875	0.1037
