900.0	0.1179
899.875	0.1194
899.75	0.1194
899.625	0.1179
899.5	0.1226
899.375	0.1194
899.25	0.121
899.125	0.1234
899.0	0.1226
898.875	0.121
898.75	0.121
898.625	0.1226
898.5	0.1218
898.375	0.1226
898.25	0.1226
898.125	0.1226
898.0	0.1226
897.875	0.1226
897.75	0.1179
897.625	0.1194
897.5	0.1179
897.375	0.1163
897.25	0.1179
897.125	0.1179
897.0	0.1171
896.875	0.1179
896.75	0.1179
896.625	0.1163
896.5	0.1179
896.375	0.1187
896.25	0.1179
896.125	0.1179
896.0	0.1179
895.875	0.1194
895.75	0.1179
895.625	0.1179
895.5	0.1202
895.375	0.1202
895.25	0.1179
895.125	0.1179
895.0	0.1155
894.875	0.1163
894.75	0.1179
894.625	0.1187
894.5	0.1171
894.375	0.1179
894.25	0.1179
894.125	0.1187
894.0	0.1179
893.875	0.1163
893.75	0.1179
893.625	0.1155
893.5	0.1171
893.375	0.1179
893.25	0.1179
893.125	0.1132
893.0	0.1163
892.875	0.1179
892.75	0.1218
892.625	0.1226
892.5	0.1234
892.375	0.1281
892.25	0.1312
892.125	0.1344
892.0	0.1234
891.875	0.1147
891.75	0.1179
891.625	0.1155
891.5	0.1179
891.375	0.1194
891.25	0.1163
891.125	0.1155
891.0	0.121
890.875	0.1194
890.75	0.1179
890.625	0.1179
890.5	0.1163
890.375	0.1171
890.25	0.1163
890.125	0.1155
890.0	0.1132
889.875	0.1084
889.75	0.1116
889.625	0.1132
889.5	0.11
889.375	0.1108
889.25	0.1116
889.125	0.1132
889.0	0.1163
888.875	0.1132
888.75	0.1147
888.625	0.1139
888.5	0.1163
888.375	0.1155
888.25	0.1179
888.125	0.1171
888.0	0.1163
887.875	0.1139
887.75	0.1155
887.625	0.1147
887.5	0.1163
887.375	0.1155
887.25	0.1155
887.125	0.1132
887.0	0.1132
886.875	0.1139
886.75	0.1155
886.625	0.1163
886.5	0.1132
886.375	0.11
886.25	0.1132
886.125	0.1171
886.0	0.1147
885.875	0.1132
885.75	0.1132
885.625	0.1108
885.5	0.1084
885.375	0.1084
885.25	0.1116
885.125	0.1132
885.0	0.1132
884.875	0.1132
884.75	0.1132
884.625	0.1132
884.5	0.1132
884.375	0.1139
884.25	0.1147
884.125	0.1132
884.0	0.1171
883.875	0.1171
883.75	0.1139
883.625	0.1132
883.5	0.1132
883.375	0.1132
883.25	0.1139
883.125	0.1147
883.0	0.1147
882.875	0.1155
882.75	0.1163
882.625	0.1155
882.5	0.1132
882.375	0.1155
882.25	0.1179
882.125	0.1155
882.0	0.1163
881.875	0.1147
881.75	0.1132
881.625	0.1147
881.5	0.1132
881.375	0.1132
881.25	0.1171
881.125	0.1163
881.0	0.1155
880.875	0.1132
880.75	0.1139
880.625	0.1132
880.5	0.1132
880.375	0.11
880.25	0.1132
880.125	0.1163
880.0	0.1163
879.875	0.1132
879.75	0.1124
879.625	0.1139
879.5	0.1139
879.375	0.1155
879.25	0.1171
879.125	0.1132
879.0	0.1132
878.875	0.1132
878.75	0.1155
878.625	0.1139
878.5	0.1171
878.375	0.1179
878.25	0.1179
878.125	0.1179
878.0	0.1171
877.875	0.1179
877.75	0.1179
877.625	0.1171
877.5	0.1155
877.375	0.1147
877.25	0.1132
877.125	0.1147
877.0	0.1163
876.875	0.1163
876.75	0.1179
876.625	0.1139
876.5	0.1132
876.375	0.1163
876.25	0.1132
876.125	0.1139
876.0	0.1139
875.875	0.1132
875.75	0.1132
875.625	0.1139
875.5	0.1139
875.375	0.1163
875.25	0.1155
875.125	0.1163
875.0	0.1171
874.875	0.1155
874.75	0.1132
874.625	0.1155
874.5	0.1124
874.375	0.1116
874.25	0.1139
874.125	0.1155
874.0	0.1147
873.875	0.1132
873.75	0.1108
873.625	0.1147
873.5	0.1108
873.375	0.1108
873.25	0.1116
873.125	0.11
873.0	0.1132
872.875	0.1132
872.75	0.1132
872.625	0.1124
872.5	0.1132
872.375	0.1139
872.25	0.1132
872.125	0.1132
872.0	0.1108
871.875	0.1124
871.75	0.11
871.625	0.1108
871.5	0.11
871.375	0.1084
871.25	0.1116
871.125	0.1132
871.0	0.1132
870.875	0.1108
870.75	0.1124
870.625	0.1132
870.5	0.1139
870.375	0.1132
870.25	0.1132
870.125	0.1147
870.0	0.1132
869.875	0.1132
869.75	0.1147
869.625	0.1132
869.5	0.1124
869.375	0.1116
869.25	0.11
869.125	0.1108
869.0	0.1132
868.875	0.1132
868.75	0.1139
868.625	0.1124
868.5	0.1092
868.375	0.1092
868.25	0.1132
868.125	0.1155
868.0	0.1147
867.875	0.1155
867.75	0.1171
867.625	0.1179
867.5	0.1179
867.375	0.1163
867.25	0.1155
867.125	0.1171
867.0	0.1163
866.875	0.1147
866.75	0.1139
866.625	0.1132
866.5	0.1139
866.375	0.1163
866.25	0.1132
866.125	0.1163
866.0	0.1132
865.875	0.1132
865.75	0.1171
865.625	0.1155
865.5	0.1171
865.375	0.1179
865.25	0.1147
865.125	0.1132
865.0	0.1147
864.875	0.1139
864.75	0.1155
864.625	0.1187
864.5	0.1179
864.375	0.1163
864.25	0.1155
864.125	0.1163
864.0	0.1171
863.875	0.1171
863.75	0.1147
863.625	0.1171
863.5	0.1171
863.375	0.1139
863.25	0.1155
863.125	0.1155
863.0	0.1179
862.875	0.1179
862.75	0.1179
862.625	0.1163
862.5	0.1132
862.375	0.1179
862.25	0.1163
862.125	0.1132
862.0	0.1147
861.875	0.1139
861.75	0.1147
861.625	0.1124
861.5	0.1132
861.375	0.1132
861.25	0.1108
861.125	0.1132
861.0	0.11
860.875	0.1132
860.75	0.1147
860.625	0.1132
860.5	0.1132
860.375	0.1116
860.25	0.1139
860.125	0.1108
860.0	0.1132
859.875	0.1124
859.75	0.1147
859.625	0.1124
859.5	0.11
859.375	0.1132
859.25	0.1147
859.125	0.1132
859.0	0.1124
858.875	0.1124
858.75	0.1139
858.625	0.1155
858.5	0.1124
858.375	0.1132
858.25	0.1139
858.125	0.1132
858.0	0.1139
857.875	0.1132
857.75	0.1139
857.625	0.1179
857.5	0.1139
857.375	0.1155
857.25	0.1179
857.125	0.1155
857.0	0.1132
856.875	0.1132
856.75	0.1147
856.625	0.1171
856.5	0.1139
856.375	0.1139
856.25	0.1139
856.125	0.1132
856.0	0.1155
855.875	0.1147
855.75	0.1132
855.625	0.1132
855.5	0.1147
855.375	0.1155
855.25	0.1171
855.125	0.1179
855.0	0.1155
854.875	0.1171
854.75	0.1132
854.625	0.1179
854.5	0.1179
854.375	0.1163
854.25	0.1132
854.125	0.1179
854.0	0.1171
853.875	0.1155
853.75	0.1132
853.625	0.1132
853.5	0.1139
853.375	0.1147
853.25	0.1147
853.125	0.1132
853.0	0.1124
852.875	0.1147
852.75	0.1132
852.625	0.1124
852.5	0.1116
852.375	0.1139
852.25	0.1116
852.125	0.1132
852.0	0.1132
851.875	0.1132
851.75	0.1132
851.625	0.1132
851.5	0.1132
851.375	0.1132
851.25	0.1139
851.125	0.1155
851.0	0.1147
850.875	0.1139
850.75	0.1179
850.625	0.121
850.5	0.1226
850.375	0.1242
850.25	0.1257
850.125	0.1234
850.0	0.1132
849.875	0.1077
849.75	0.1163
849.625	0.1194
849.5	0.1194
849.375	0.1084
849.25	0.1084
849.125	0.11
849.0	0.1124
848.875	0.11
848.75	0.1124
848.625	0.1084
848.5	0.1084
848.375	0.1084
848.25	0.1084
848.125	0.1084
848.0	0.1092
847.875	0.1084
847.75	0.1084
847.625	0.1092
847.5	0.1132
847.375	0.1132
847.25	0.1108
847.125	0.1132
847.0	0.1132
846.875	0.1116
846.75	0.1132
846.625	0.1132
846.5	0.1139
846.375	0.1132
846.25	0.1124
846.125	0.1116
846.0	0.1124
845.875	0.1022
845.75	0.1014
845.625	0.1108
845.5	0.11
845.375	0.1116
845.25	0.1084
845.125	0.1116
845.0	0.1116
844.875	0.1132
844.75	0.1147
844.625	0.1139
844.5	0.1132
844.375	0.1132
844.25	0.1132
844.125	0.1147
844.0	0.1132
843.875	0.1147
843.75	0.1132
843.625	0.1163
843.5	0.1132
843.375	0.11
843.25	0.1124
843.125	0.1116
843.0	0.1132
842.875	0.1132
842.75	0.1132
842.625	0.1132
842.5	0.1132
842.375	0.1132
842.25	0.1132
842.125	0.1124
842.0	0.1132
841.875	0.1147
841.75	0.1132
841.625	0.1124
841.5	0.1124
841.375	0.1139
841.25	0.1132
841.125	0.1132
841.0	0.1132
840.875	0.1132
840.75	0.1132
840.625	0.1139
840.5	0.1155
840.375	0.1155
840.25	0.1155
840.125	0.1132
840.0	0.1147
839.875	0.1139
839.75	0.1147
839.625	0.1132
839.5	0.1179
839.375	0.1132
839.25	0.1155
839.125	0.1155
839.0	0.1171
838.875	0.1147
838.75	0.1179
838.625	0.1132
838.5	0.1132
838.375	0.1171
838.25	0.1179
838.125	0.1187
838.0	0.1179
837.875	0.1155
837.75	0.1147
837.625	0.1139
837.5	0.1132
837.375	0.1139
837.25	0.1139
837.125	0.1132
837.0	0.1132
836.875	0.11
836.75	0.1132
836.625	0.1132
836.5	0.1124
836.375	0.1132
836.25	0.1124
836.125	0.1116
836.0	0.1124
835.875	0.1116
835.75	0.1124
835.625	0.1132
835.5	0.1132
835.375	0.1132
835.25	0.1132
835.125	0.1155
835.0	0.1132
834.875	0.1179
834.75	0.1139
834.625	0.1155
834.5	0.1171
834.375	0.1163
834.25	0.1171
834.125	0.1163
834.0	0.1171
833.875	0.1139
833.75	0.1132
833.625	0.1147
833.5	0.1163
833.375	0.1179
833.25	0.1163
833.125	0.1155
833.0	0.1139
832.875	0.1139
832.75	0.1132
832.625	0.1163
832.5	0.1139
832.375	0.1116
832.25	0.1163
832.125	0.1171
832.0	0.1139
831.875	0.1132
831.75	0.1139
831.625	0.1124
831.5	0.1132
831.375	0.1132
831.25	0.1155
831.125	0.1171
831.0	0.1179
830.875	0.1179
830.75	0.1132
830.625	0.1132
830.5	0.1132
830.375	0.1155
830.25	0.1139
830.125	0.1132
830.0	0.1132
829.875	0.1139
829.75	0.1132
829.625	0.1147
829.5	0.1132
829.375	0.1139
829.25	0.1171
829.125	0.1132
829.0	0.1155
828.875	0.1155
828.75	0.1147
828.625	0.1171
828.5	0.1171
828.375	0.1163
828.25	0.1139
828.125	0.1147
828.0	0.1132
827.875	0.1132
827.75	0.1132
827.625	0.1132
827.5	0.1132
827.375	0.1132
827.25	0.1132
827.125	0.1132
827.0	0.11
826.875	0.1124
826.75	0.1132
826.625	0.1139
826.5	0.1132
826.375	0.1124
826.25	0.1139
826.125	0.1132
826.0	0.1124
825.875	0.11
825.75	0.1116
825.625	0.1139
825.5	0.1132
825.375	0.1132
825.25	0.1132
825.125	0.1132
825.0	0.1147
824.875	0.1124
824.75	0.1108
824.625	0.1108
824.5	0.1132
824.375	0.1132
824.25	0.1116
824.125	0.1147
824.0	0.1139
823.875	0.1132
823.75	0.1124
823.625	0.1124
823.5	0.1124
823.375	0.1108
823.25	0.11
823.125	0.11
823.0	0.1116
822.875	0.1092
822.75	0.1124
822.625	0.1116
822.5	0.1124
822.375	0.11
822.25	0.1132
822.125	0.1116
822.0	0.11
821.875	0.1077
821.75	0.11
821.625	0.1108
821.5	0.1116
821.375	0.1116
821.25	0.1132
821.125	0.1139
821.0	0.1132
820.875	0.11
820.75	0.1124
820.625	0.1108
820.5	0.1132
820.375	0.1155
820.25	0.1139
820.125	0.1139
820.0	0.1139
819.875	0.1132
819.75	0.1147
819.625	0.11
819.5	0.1147
819.375	0.1171
819.25	0.1132
819.125	0.1132
819.0	0.1116
818.875	0.1108
818.75	0.1108
818.625	0.11
818.5	0.1124
818.375	0.1155
818.25	0.1132
818.125	0.1124
818.0	0.1147
817.875	0.1179
817.75	0.1139
817.625	0.1155
817.5	0.1132
817.375	0.1179
817.25	0.1179
817.125	0.1179
817.0	0.1179
816.875	0.1179
816.75	0.1187
816.625	0.1187
816.5	0.1163
816.375	0.1179
816.25	0.1171
816.125	0.1179
816.0	0.1179
815.875	0.121
815.75	0.1171
815.625	0.1179
815.5	0.1147
815.375	0.1179
815.25	0.1179
815.125	0.1171
815.0	0.1171
814.875	0.1179
814.75	0.1179
814.625	0.1194
814.5	0.1194
814.375	0.1194
814.25	0.1202
814.125	0.1218
814.0	0.1226
813.875	0.1226
813.75	0.1226
813.625	0.1187
813.5	0.1179
813.375	0.1179
813.25	0.121
813.125	0.1179
813.0	0.1179
812.875	0.1194
812.75	0.1187
812.625	0.1202
812.5	0.121
812.375	0.1187
812.25	0.1171
812.125	0.1179
812.0	0.1179
811.875	0.1171
811.75	0.1163
811.625	0.1179
811.5	0.1187
811.375	0.1155
811.25	0.1179
811.125	0.1132
811.0	0.1139
810.875	0.1132
810.75	0.1132
810.625	0.1139
810.5	0.1116
810.375	0.1132
810.25	0.1132
810.125	0.1132
810.0	0.1132
809.875	0.1132
809.75	0.1132
809.625	0.1116
809.5	0.1116
809.375	0.1092
809.25	0.1124
809.125	0.1132
809.0	0.1132
808.875	0.1132
808.75	0.1132
808.625	0.1132
808.5	0.1132
808.375	0.1147
808.25	0.1108
808.125	0.1084
808.0	0.1132
807.875	0.1124
807.75	0.1132
807.625	0.1139
807.5	0.1179
807.375	0.1171
807.25	0.1155
807.125	0.1187
807.0	0.1155
806.875	0.1163
806.75	0.1155
806.625	0.1179
806.5	0.1163
806.375	0.1155
806.25	0.1171
806.125	0.11
806.0	0.1132
805.875	0.1116
805.75	0.1124
805.625	0.1132
805.5	0.1132
805.375	0.1147
805.25	0.1139
805.125	0.1132
805.0	0.1116
804.875	0.1116
804.75	0.1132
804.625	0.1108
804.5	0.1124
804.375	0.1124
804.25	0.1092
804.125	0.1124
804.0	0.1092
803.875	0.1108
803.75	0.1092
803.625	0.1084
803.5	0.1116
803.375	0.11
803.25	0.1124
803.125	0.1116
803.0	0.1147
802.875	0.1124
802.75	0.1084
802.625	0.1132
802.5	0.1132
802.375	0.1147
802.25	0.1132
802.125	0.1147
802.0	0.1171
801.875	0.1163
801.75	0.1179
801.625	0.1171
801.5	0.1139
801.375	0.1155
801.25	0.1132
801.125	0.1132
801.0	0.1132
800.875	0.1124
800.75	0.1132
800.625	0.1139
800.5	0.1147
800.375	0.1124
800.25	0.1116
800.125	0.1116
800.0	0.11
799.875	0.1116
799.75	0.1132
799.625	0.1084
799.5	0.11
799.375	0.1116
799.25	0.1124
799.125	0.1132
799.0	0.1139
798.875	0.1155
798.75	0.1163
798.625	0.1179
798.5	0.1171
798.375	0.1132
798.25	0.1171
798.125	0.1147
798.0	0.1139
797.875	0.1179
797.75	0.1155
797.625	0.1155
797.5	0.1163
797.375	0.1147
797.25	0.1171
797.125	0.1179
797.0	0.1171
796.875	0.1179
796.75	0.1179
796.625	0.1171
796.5	0.1163
796.375	0.1194
796.25	0.1187
796.125	0.1179
796.0	0.1163
795.875	0.1179
795.75	0.1179
795.625	0.1171
795.5	0.1187
795.375	0.1179
795.25	0.1179
795.125	0.1187
795.0	0.1194
794.875	0.1179
794.75	0.121
794.625	0.1202
794.5	0.121
794.375	0.1194
794.25	0.1179
794.125	0.1171
794.0	0.1163
793.875	0.1179
793.75	0.1155
793.625	0.1132
793.5	0.1163
793.375	0.1132
793.25	0.1179
793.125	0.1179
793.0	0.1155
792.875	0.1147
792.75	0.1155
792.625	0.1139
792.5	0.1163
792.375	0.1147
792.25	0.1155
792.125	0.1171
792.0	0.1139
791.875	0.1171
791.75	0.1163
791.625	0.1139
791.5	0.1163
791.375	0.1171
791.25	0.1163
791.125	0.1179
791.0	0.1132
790.875	0.1155
790.75	0.1163
790.625	0.1155
790.5	0.1155
790.375	0.1163
790.25	0.1132
790.125	0.1155
790.0	0.1132
789.875	0.1171
789.75	0.1171
789.625	0.1155
789.5	0.1132
789.375	0.1179
789.25	0.1139
789.125	0.1147
789.0	0.1147
788.875	0.1139
788.75	0.1179
788.625	0.1139
788.5	0.1171
788.375	0.1171
788.25	0.1171
788.125	0.1179
788.0	0.1155
787.875	0.1139
787.75	0.1163
787.625	0.1171
787.5	0.1155
787.375	0.1132
787.25	0.1155
787.125	0.1155
787.0	0.1147
786.875	0.1132
786.75	0.1155
786.625	0.1163
786.5	0.1163
786.375	0.1171
786.25	0.1132
786.125	0.1139
786.0	0.1179
785.875	0.1179
785.75	0.1132
785.625	0.1124
785.5	0.1139
785.375	0.1179
785.25	0.1147
785.125	0.1163
785.0	0.1147
784.875	0.1147
784.75	0.1139
784.625	0.1147
784.5	0.1132
784.375	0.1139
784.25	0.1132
784.125	0.1171
784.0	0.1163
783.875	0.1155
783.75	0.1171
783.625	0.1155
783.5	0.1155
783.375	0.1163
783.25	0.1179
783.125	0.1139
783.0	0.1132
782.875	0.1132
782.75	0.1155
782.625	0.1155
782.5	0.1132
782.375	0.1139
782.25	0.1147
782.125	0.1147
782.0	0.1155
781.875	0.1155
781.75	0.1147
781.625	0.1163
781.5	0.1179
781.375	0.1132
781.25	0.1147
781.125	0.1147
781.0	0.1139
780.875	0.1132
780.75	0.1132
780.625	0.1147
780.5	0.1163
780.375	0.1179
780.25	0.1163
780.125	0.1163
780.0	0.1171
779.875	0.1132
779.75	0.1132
779.625	0.1132
779.5	0.1132
779.375	0.1163
779.25	0.1171
779.125	0.1132
779.0	0.1124
778.875	0.1108
778.75	0.1132
778.625	0.1132
778.5	0.1139
778.375	0.1147
778.25	0.1139
778.125	0.1171
778.0	0.1147
777.875	0.1132
777.75	0.1132
777.625	0.1147
777.5	0.1155
777.375	0.1171
777.25	0.1179
777.125	0.1187
777.0	0.1163
776.875	0.1171
776.75	0.1163
776.625	0.1155
776.5	0.1139
776.375	0.1139
776.25	0.1132
776.125	0.1132
776.0	0.1139
775.875	0.1132
775.75	0.1132
775.625	0.1139
775.5	0.1179
775.375	0.1155
775.25	0.1132
775.125	0.1171
775.0	0.1147
774.875	0.1132
774.75	0.1132
774.625	0.1147
774.5	0.1132
774.375	0.1124
774.25	0.1132
774.125	0.1139
774.0	0.1139
773.875	0.1124
773.75	0.1155
773.625	0.1132
773.5	0.1124
773.375	0.1132
773.25	0.1132
773.125	0.1171
773.0	0.1155
772.875	0.1139
772.75	0.1124
772.625	0.1163
772.5	0.1147
772.375	0.1139
772.25	0.1132
772.125	0.1124
772.0	0.1139
771.875	0.1139
771.75	0.1116
771.625	0.1132
771.5	0.1132
771.375	0.1139
771.25	0.1139
771.125	0.1132
771.0	0.1132
770.875	0.1163
770.75	0.1155
770.625	0.1155
770.5	0.1179
770.375	0.1147
770.25	0.1132
770.125	0.1163
770.0	0.1147
769.875	0.1132
769.75	0.1132
769.625	0.1116
769.5	0.1124
769.375	0.1124
769.25	0.1132
769.125	0.1124
769.0	0.1139
768.875	0.1132
768.75	0.1116
768.625	0.1124
768.5	0.1124
768.375	0.1132
768.25	0.1124
768.125	0.1132
768.0	0.1132
767.875	0.1132
767.75	0.1132
767.625	0.1132
767.5	0.1132
767.375	0.1132
767.25	0.1132
767.125	0.1139
767.0	0.1124
766.875	0.1132
766.75	0.1132
766.625	0.1116
766.5	0.1116
766.375	0.1132
766.25	0.1124
766.125	0.1139
766.0	0.1124
765.875	0.11
765.75	0.11
765.625	0.1132
765.5	0.1124
765.375	0.1132
765.25	0.1116
765.125	0.1124
765.0	0.1132
764.875	0.1132
764.75	0.1132
764.625	0.1147
764.5	0.1132
764.375	0.1132
764.25	0.1116
764.125	0.1116
764.0	0.1132
763.875	0.1171
763.75	0.1163
763.625	0.1155
763.5	0.1179
763.375	0.1132
763.25	0.1132
763.125	0.1171
763.0	0.1139
762.875	0.1171
762.75	0.1139
762.625	0.1132
762.5	0.1132
762.375	0.1147
762.25	0.1147
762.125	0.1155
762.0	0.1171
761.875	0.1155
761.75	0.1171
761.625	0.1171
761.5	0.1147
761.375	0.1132
761.25	0.1116
761.125	0.1132
761.0	0.1124
760.875	0.1132
760.75	0.1139
760.625	0.1132
760.5	0.1132
760.375	0.1132
760.25	0.1132
760.125	0.1116
760.0	0.1124
759.875	0.1147
759.75	0.1147
759.625	0.1171
759.5	0.1155
759.375	0.1139
759.25	0.1124
759.125	0.1132
759.0	0.1132
758.875	0.1139
758.75	0.1139
758.625	0.1147
758.5	0.1132
758.375	0.1155
758.25	0.1202
758.125	0.1147
758.0	0.1139
757.875	0.1187
757.75	0.1155
757.625	0.1147
757.5	0.1132
757.375	0.1132
757.25	0.1132
757.125	0.1124
757.0	0.1147
756.875	0.1132
756.75	0.1139
756.625	0.1132
756.5	0.1132
756.375	0.1139
756.25	0.1171
756.125	0.1163
756.0	0.1132
755.875	0.1163
755.75	0.1147
755.625	0.1171
755.5	0.1139
755.375	0.1139
755.25	0.1163
755.125	0.1179
755.0	0.1179
754.875	0.1179
754.75	0.1132
754.625	0.1108
754.5	0.1108
754.375	0.1124
754.25	0.11
754.125	0.1084
754.0	0.1084
753.875	0.1084
753.75	0.1132
753.625	0.1132
753.5	0.1132
753.375	0.1132
753.25	0.1132
753.125	0.1116
753.0	0.1116
752.875	0.1116
752.75	0.1116
752.625	0.11
752.5	0.1124
752.375	0.11
752.25	0.1108
752.125	0.11
752.0	0.1108
751.875	0.1116
751.75	0.1108
751.625	0.1116
751.5	0.1132
751.375	0.1139
751.25	0.1116
751.125	0.1124
751.0	0.11
750.875	0.1124
750.75	0.1139
750.625	0.1124
750.5	0.1124
750.375	0.1124
750.25	0.1132
750.125	0.1132
750.0	0.1116
749.875	0.1124
749.75	0.1132
749.625	0.1132
749.5	0.1116
749.375	0.1124
749.25	0.1132
749.125	0.1116
749.0	0.1108
748.875	0.1092
748.75	0.11
748.625	0.1124
748.5	0.1132
748.375	0.1139
748.25	0.1132
748.125	0.1132
748.0	0.1116
747.875	0.1147
747.75	0.1132
747.625	0.1139
747.5	0.1155
747.375	0.1132
747.25	0.1132
747.125	0.1124
747.0	0.1116
746.875	0.1108
746.75	0.1092
746.625	0.1061
746.5	0.1077
746.375	0.1092
746.25	0.1108
746.125	0.1092
746.0	0.1077
745.875	0.1116
745.75	0.11
745.625	0.1092
745.5	0.1092
745.375	0.11
745.25	0.1084
745.125	0.11
745.0	0.1108
744.875	0.11
744.75	0.1084
744.625	0.1077
744.5	0.1045
744.375	0.1037
744.25	0.1092
744.125	0.1084
744.0	0.1077
743.875	0.1053
743.75	0.1037
743.625	0.1084
743.5	0.1069
743.375	0.1061
743.25	0.1077
743.125	0.1084
743.0	0.1092
742.875	0.11
742.75	0.1053
742.625	0.1092
742.5	0.1069
742.375	0.1084
742.25	0.1045
742.125	0.11
742.0	0.1092
741.875	0.1132
741.75	0.1108
741.625	0.1077
741.5	0.1132
741.375	0.1147
741.25	0.1132
741.125	0.1116
741.0	0.1147
740.875	0.1116
740.75	0.1139
740.625	0.1155
740.5	0.1132
740.375	0.1139
740.25	0.1132
740.125	0.1116
740.0	0.1124
739.875	0.1132
739.75	0.1132
739.625	0.1108
739.5	0.1163
739.375	0.1132
739.25	0.1132
739.125	0.1092
739.0	0.1132
738.875	0.1124
738.75	0.1092
738.625	0.1116
738.5	0.1155
738.375	0.1132
738.25	0.1132
738.125	0.1139
738.0	0.1132
737.875	0.1132
737.75	0.1139
737.625	0.1132
737.5	0.1147
737.375	0.1147
737.25	0.1132
737.125	0.1171
737.0	0.1132
736.875	0.1108
736.75	0.1139
736.625	0.1124
736.5	0.1132
736.375	0.11
736.25	0.1077
736.125	0.1061
736.0	0.1053
735.875	0.1084
735.75	0.1077
735.625	0.1108
735.5	0.1092
735.375	0.1092
735.25	0.1124
735.125	0.1132
735.0	0.1132
734.875	0.1132
734.75	0.1092
734.625	0.1132
734.5	0.1116
734.375	0.1132
734.25	0.1139
734.125	0.1132
734.0	0.1139
733.875	0.1147
733.75	0.1084
733.625	0.1155
733.5	0.1147
733.375	0.1155
733.25	0.1147
733.125	0.1132
733.0	0.1139
732.875	0.1116
732.75	0.1124
732.625	0.1116
732.5	0.11
732.375	0.1139
732.25	0.1132
732.125	0.1147
732.0	0.1147
731.875	0.1132
731.75	0.1132
731.625	0.1132
731.5	0.1147
731.375	0.1155
731.25	0.1132
731.125	0.1171
731.0	0.1147
730.875	0.1139
730.75	0.1132
730.625	0.1139
730.5	0.1163
730.375	0.1163
730.25	0.1155
730.125	0.1132
730.0	0.1132
729.875	0.1124
729.75	0.1124
729.625	0.1139
729.5	0.1139
729.375	0.1132
729.25	0.1116
729.125	0.1108
729.0	0.1132
728.875	0.1163
728.75	0.1147
728.625	0.1179
728.5	0.1139
728.375	0.1139
728.25	0.1155
728.125	0.1147
728.0	0.1179
727.875	0.1171
727.75	0.1163
727.625	0.1132
727.5	0.1139
727.375	0.1155
727.25	0.1194
727.125	0.1171
727.0	0.1132
726.875	0.1132
726.75	0.1147
726.625	0.1171
726.5	0.1147
726.375	0.1155
726.25	0.1163
726.125	0.1132
726.0	0.1171
725.875	0.1163
725.75	0.1171
725.625	0.1179
725.5	0.1202
725.375	0.1155
725.25	0.1147
725.125	0.1155
725.0	0.1163
724.875	0.1132
724.75	0.1147
724.625	0.1147
724.5	0.1171
724.375	0.1187
724.25	0.1194
724.125	0.1194
724.0	0.1187
723.875	0.1108
723.75	0.1108
723.625	0.1116
723.5	0.1202
723.375	0.1305
723.25	0.1336
723.125	0.1187
723.0	0.1179
722.875	0.1194
722.75	0.1194
722.625	0.1226
722.5	0.1273
722.375	0.1163
722.25	0.1084
722.125	0.132
722.0	0.1344
721.875	0.132
721.75	0.1328
721.625	0.132
721.5	0.1312
721.375	0.132
721.25	0.1305
721.125	0.1242
721.0	0.1147
720.875	0.1132
720.75	0.1092
720.625	0.1139
720.5	0.1187
720.375	0.121
720.25	0.1226
720.125	0.1187
720.0	0.121
719.875	0.1226
719.75	0.1202
719.625	0.1194
719.5	0.1218
719.375	0.1194
719.25	0.1273
719.125	0.125
719.0	0.1218
718.875	0.121
718.75	0.121
718.625	0.1218
718.5	0.1234
718.375	0.1242
718.25	0.1218
718.125	0.1218
718.0	0.1202
717.875	0.121
717.75	0.125
717.625	0.1265
717.5	0.1265
717.375	0.1234
717.25	0.1257
717.125	0.1218
717.0	0.1226
716.875	0.1226
716.75	0.1226
716.625	0.1226
716.5	0.1226
716.375	0.1257
716.25	0.1265
716.125	0.125
716.0	0.1218
715.875	0.1218
715.75	0.1202
715.625	0.1226
715.5	0.1226
715.375	0.1226
715.25	0.1226
715.125	0.1218
715.0	0.1226
714.875	0.1226
714.75	0.1226
714.625	0.1218
714.5	0.1218
714.375	0.1226
714.25	0.1226
714.125	0.1179
714.0	0.1179
713.875	0.1226
713.75	0.1218
713.625	0.1226
713.5	0.1226
713.375	0.1226
713.25	0.1226
713.125	0.1218
713.0	0.1194
712.875	0.1179
712.75	0.1194
712.625	0.121
712.5	0.1226
712.375	0.1202
712.25	0.1226
712.125	0.121
712.0	0.1202
711.875	0.1226
711.75	0.1226
711.625	0.1226
711.5	0.1226
711.375	0.1187
711.25	0.1202
711.125	0.1226
711.0	0.1194
710.875	0.121
710.75	0.1226
710.625	0.121
710.5	0.1218
710.375	0.1187
710.25	0.121
710.125	0.1226
710.0	0.1226
709.875	0.1226
709.75	0.1226
709.625	0.1226
709.5	0.1218
709.375	0.1226
709.25	0.1226
709.125	0.1226
709.0	0.1226
708.875	0.1218
708.75	0.1226
708.625	0.1218
708.5	0.1171
708.375	0.1194
708.25	0.1226
708.125	0.1218
708.0	0.1218
707.875	0.121
707.75	0.1242
707.625	0.1234
707.5	0.1187
707.375	0.1202
707.25	0.1187
707.125	0.1202
707.0	0.121
706.875	0.1179
706.75	0.121
706.625	0.1194
706.5	0.1194
706.375	0.1194
706.25	0.1187
706.125	0.1194
706.0	0.1218
705.875	0.1218
705.75	0.1226
705.625	0.121
705.5	0.1218
705.375	0.1202
705.25	0.121
705.125	0.1226
705.0	0.1226
704.875	0.1226
704.75	0.121
704.625	0.1226
704.5	0.1202
704.375	0.1179
704.25	0.1226
704.125	0.1187
704.0	0.1226
703.875	0.1218
703.75	0.1218
703.625	0.1226
703.5	0.1226
703.375	0.1226
703.25	0.1242
703.125	0.1226
703.0	0.121
702.875	0.1179
702.75	0.1218
702.625	0.1202
702.5	0.1218
702.375	0.1226
702.25	0.1226
702.125	0.1218
702.0	0.1218
701.875	0.1226
701.75	0.1218
701.625	0.121
701.5	0.1226
701.375	0.1218
701.25	0.1226
701.125	0.1218
701.0	0.1226
700.875	0.1226
700.75	0.1242
700.625	0.1242
700.5	0.1226
700.375	0.1226
700.25	0.1234
700.125	0.1226
700.0	0.121
699.875	0.1218
699.75	0.1226
699.625	0.1226
699.5	0.1226
699.375	0.1226
699.25	0.1226
699.125	0.1226
699.0	0.121
698.875	0.121
698.75	0.1226
698.625	0.1179
698.5	0.1179
698.375	0.1187
698.25	0.1218
698.125	0.1218
698.0	0.1194
697.875	0.1194
697.75	0.1226
697.625	0.1226
697.5	0.1226
697.375	0.1226
697.25	0.1226
697.125	0.1226
697.0	0.121
696.875	0.1226
696.75	0.1226
696.625	0.1218
696.5	0.1218
696.375	0.1226
696.25	0.1218
696.125	0.1218
696.0	0.1226
695.875	0.1226
695.75	0.1187
695.625	0.1163
695.5	0.1147
695.375	0.1179
695.25	0.1187
695.125	0.121
695.0	0.1202
694.875	0.1179
694.75	0.1179
694.625	0.1179
694.5	0.1179
694.375	0.1202
694.25	0.1187
694.125	0.1194
694.0	0.1226
693.875	0.1226
693.75	0.1202
693.625	0.1187
693.5	0.1218
693.375	0.1226
693.25	0.1218
693.125	0.1226
693.0	0.125
692.875	0.1226
692.75	0.1218
692.625	0.1218
692.5	0.1226
692.375	0.1226
692.25	0.1226
692.125	0.1226
692.0	0.1218
691.875	0.1226
691.75	0.1226
691.625	0.1226
691.5	0.1218
691.375	0.1194
691.25	0.1202
691.125	0.121
691.0	0.1218
690.875	0.1226
690.75	0.1187
690.625	0.1218
690.5	0.1202
690.375	0.1202
690.25	0.1226
690.125	0.1202
690.0	0.1218
689.875	0.1218
689.75	0.1179
689.625	0.1171
689.5	0.1179
689.375	0.1226
689.25	0.1242
689.125	0.1202
689.0	0.1218
688.875	0.1226
688.75	0.1226
688.625	0.1218
688.5	0.1218
688.375	0.121
688.25	0.1242
688.125	0.1234
688.0	0.1242
687.875	0.1257
687.75	0.1257
687.625	0.1273
687.5	0.1226
687.375	0.1226
687.25	0.1226
687.125	0.1226
687.0	0.121
686.875	0.1202
686.75	0.1179
686.625	0.1187
686.5	0.1202
686.375	0.121
686.25	0.1226
686.125	0.1226
686.0	0.1187
685.875	0.1179
685.75	0.1179
685.625	0.1218
685.5	0.1202
685.375	0.1226
685.25	0.1234
685.125	0.1226
685.0	0.121
684.875	0.1297
684.75	0.1226
684.625	0.1242
684.5	0.1226
684.375	0.1202
684.25	0.1218
684.125	0.1187
684.0	0.121
683.875	0.1218
683.75	0.1194
683.625	0.1226
683.5	0.1202
683.375	0.1234
683.25	0.1242
683.125	0.1226
683.0	0.1226
682.875	0.1226
682.75	0.1218
682.625	0.1226
682.5	0.1234
682.375	0.1242
682.25	0.1242
682.125	0.121
682.0	0.121
681.875	0.1218
681.75	0.121
681.625	0.1194
681.5	0.1179
681.375	0.1179
681.25	0.121
681.125	0.1218
681.0	0.1226
680.875	0.1226
680.75	0.121
680.625	0.1202
680.5	0.121
680.375	0.121
680.25	0.1226
680.125	0.1226
680.0	0.1226
679.875	0.1226
679.75	0.1226
679.625	0.125
679.5	0.1194
679.375	0.1226
679.25	0.1226
679.125	0.1226
679.0	0.1226
678.875	0.1226
678.75	0.1226
678.625	0.1226
678.5	0.1226
678.375	0.1194
678.25	0.1179
678.125	0.1194
678.0	0.1187
677.875	0.1202
677.75	0.1187
677.625	0.1226
677.5	0.1242
677.375	0.1234
677.25	0.1218
677.125	0.1242
677.0	0.121
676.875	0.121
676.75	0.121
676.625	0.121
676.5	0.1257
676.375	0.1242
676.25	0.1234
676.125	0.1226
676.0	0.1226
675.875	0.1226
675.75	0.1226
675.625	0.1234
675.5	0.1226
675.375	0.1202
675.25	0.1194
675.125	0.1187
675.0	0.1218
674.875	0.121
674.75	0.1179
674.625	0.1202
674.5	0.121
674.375	0.1218
674.25	0.121
674.125	0.1226
674.0	0.1226
673.875	0.1226
673.75	0.1226
673.625	0.1226
673.5	0.1226
673.375	0.1218
673.25	0.1226
673.125	0.1234
673.0	0.1273
672.875	0.1226
672.75	0.1218
672.625	0.1226
672.5	0.1226
672.375	0.1226
672.25	0.1226
672.125	0.1226
672.0	0.1226
671.875	0.1187
671.75	0.1179
671.625	0.1163
671.5	0.1226
671.375	0.1226
671.25	0.1226
671.125	0.1218
671.0	0.1218
670.875	0.1218
670.75	0.1179
670.625	0.1179
670.5	0.1187
670.375	0.1194
670.25	0.1179
670.125	0.1179
670.0	0.1179
669.875	0.1163
669.75	0.1187
669.625	0.1187
669.5	0.1179
669.375	0.1163
669.25	0.1179
669.125	0.1179
669.0	0.1163
668.875	0.1171
668.75	0.1179
668.625	0.1179
668.5	0.1202
668.375	0.1226
668.25	0.1187
668.125	0.1226
668.0	0.1234
667.875	0.1218
667.75	0.1202
667.625	0.1234
667.5	0.1226
667.375	0.121
667.25	0.1226
667.125	0.1218
667.0	0.1234
666.875	0.1257
666.75	0.1344
666.625	0.1344
666.5	0.1226
666.375	0.1297
666.25	0.132
666.125	0.1367
666.0	0.1352
665.875	0.1367
665.75	0.1367
665.625	0.1367
665.5	0.1367
665.375	0.1344
665.25	0.1344
665.125	0.1367
665.0	0.1367
664.875	0.1367
664.75	0.1367
664.625	0.1391
664.5	0.1367
664.375	0.1391
664.25	0.136
664.125	0.1367
664.0	0.1399
663.875	0.1375
663.75	0.136
663.625	0.1415
663.5	0.1399
663.375	0.1415
663.25	0.1415
663.125	0.1375
663.0	0.1367
662.875	0.1352
662.75	0.1383
662.625	0.1375
662.5	0.1367
662.375	0.1352
662.25	0.132
662.125	0.132
662.0	0.1352
661.875	0.1336
661.75	0.132
661.625	0.1305
661.5	0.1265
661.375	0.1202
661.25	0.125
661.125	0.1265
661.0	0.121
660.875	0.1155
660.75	0.1179
660.625	0.1257
660.5	0.1305
660.375	0.1305
660.25	0.1328
660.125	0.1336
660.0	0.1265
659.875	0.1281
659.75	0.1226
659.625	0.1257
659.5	0.1328
659.375	0.1328
659.25	0.1336
659.125	0.132
659.0	0.132
658.875	0.1328
658.75	0.132
658.625	0.136
658.5	0.1344
658.375	0.1352
658.25	0.1328
658.125	0.132
658.0	0.1336
657.875	0.1336
657.75	0.1344
657.625	0.1336
657.5	0.1328
657.375	0.1328
657.25	0.1328
657.125	0.1352
657.0	0.1328
656.875	0.1344
656.75	0.1336
656.625	0.1328
656.5	0.136
656.375	0.132
656.25	0.1336
656.125	0.1344
656.0	0.136
655.875	0.1352
655.75	0.1336
655.625	0.1367
655.5	0.1344
655.375	0.132
655.25	0.132
655.125	0.132
655.0	0.1336
654.875	0.1367
654.75	0.1367
654.625	0.1352
654.5	0.1352
654.375	0.1312
654.25	0.132
654.125	0.1312
654.0	0.132
653.875	0.132
653.75	0.1312
653.625	0.1312
653.5	0.1289
653.375	0.1297
653.25	0.1344
653.125	0.1352
653.0	0.1344
652.875	0.1328
652.75	0.1328
652.625	0.132
652.5	0.1297
652.375	0.1305
652.25	0.1336
652.125	0.1328
652.0	0.136
651.875	0.1367
651.75	0.1383
651.625	0.1344
651.5	0.1375
651.375	0.1375
651.25	0.1422
651.125	0.1422
651.0	0.1407
650.875	0.1415
650.75	0.1407
650.625	0.1415
650.5	0.1415
650.375	0.1415
650.25	0.1399
650.125	0.1367
650.0	0.1367
649.875	0.1375
649.75	0.1367
649.625	0.1367
649.5	0.1399
649.375	0.1415
649.25	0.136
649.125	0.1391
649.0	0.1367
648.875	0.1383
648.75	0.1367
648.625	0.1367
648.5	0.1367
648.375	0.1383
648.25	0.1407
648.125	0.1399
648.0	0.1415
647.875	0.1407
647.75	0.1407
647.625	0.1415
647.5	0.1422
647.375	0.1383
647.25	0.1399
647.125	0.1407
647.0	0.1415
646.875	0.1415
646.75	0.1415
646.625	0.1422
646.5	0.1407
646.375	0.1367
646.25	0.1407
646.125	0.1367
646.0	0.1367
645.875	0.1367
645.75	0.1391
645.625	0.1415
645.5	0.1415
645.375	0.1399
645.25	0.1391
645.125	0.1399
645.0	0.1407
644.875	0.1415
644.75	0.1383
644.625	0.1367
644.5	0.136
644.375	0.1375
644.25	0.1367
644.125	0.1367
644.0	0.1367
643.875	0.1367
643.75	0.1367
643.625	0.1375
643.5	0.1383
643.375	0.1383
643.25	0.1383
643.125	0.1344
643.0	0.136
642.875	0.1367
642.75	0.1399
642.625	0.1367
642.5	0.1391
642.375	0.1383
642.25	0.136
642.125	0.1375
642.0	0.1391
641.875	0.1391
641.75	0.136
641.625	0.1391
641.5	0.1407
641.375	0.1415
641.25	0.1415
641.125	0.1415
641.0	0.1375
640.875	0.1399
640.75	0.1399
640.625	0.1367
640.5	0.1407
640.375	0.1415
640.25	0.1415
640.125	0.1415
640.0	0.143
639.875	0.1438
639.75	0.1438
639.625	0.1415
639.5	0.1438
639.375	0.147
639.25	0.1462
639.125	0.1446
639.0	0.1446
638.875	0.1422
638.75	0.1415
638.625	0.1462
638.5	0.1462
638.375	0.143
638.25	0.143
638.125	0.1454
638.0	0.1446
637.875	0.143
637.75	0.1454
637.625	0.1462
637.5	0.1462
637.375	0.1462
637.25	0.147
637.125	0.1446
637.0	0.1438
636.875	0.1446
636.75	0.143
636.625	0.1415
636.5	0.1415
636.375	0.1446
636.25	0.1415
636.125	0.1407
636.0	0.1438
635.875	0.1422
635.75	0.1415
635.625	0.1415
635.5	0.1415
635.375	0.1415
635.25	0.1312
635.125	0.1194
635.0	0.1163
634.875	0.1367
634.75	0.1415
634.625	0.1422
634.5	0.1462
634.375	0.1446
634.25	0.1438
634.125	0.1446
634.0	0.1438
633.875	0.1415
633.75	0.1438
633.625	0.1454
633.5	0.1438
633.375	0.143
633.25	0.1415
633.125	0.1407
633.0	0.1391
632.875	0.1415
632.75	0.1454
632.625	0.1422
632.5	0.1415
632.375	0.143
632.25	0.1422
632.125	0.143
632.0	0.143
631.875	0.1446
631.75	0.1462
631.625	0.1462
631.5	0.1493
631.375	0.1462
631.25	0.1462
631.125	0.1462
631.0	0.1462
630.875	0.1462
630.75	0.1462
630.625	0.1438
630.5	0.1454
630.375	0.1454
630.25	0.1462
630.125	0.1446
630.0	0.1446
629.875	0.1415
629.75	0.1415
629.625	0.1415
629.5	0.1415
629.375	0.1415
629.25	0.143
629.125	0.143
629.0	0.1422
628.875	0.1462
628.75	0.1422
628.625	0.1415
628.5	0.1438
628.375	0.1446
628.25	0.1415
628.125	0.1454
628.0	0.1462
627.875	0.147
627.75	0.1454
627.625	0.1446
627.5	0.1454
627.375	0.1422
627.25	0.143
627.125	0.1415
627.0	0.1407
626.875	0.143
626.75	0.1415
626.625	0.1391
626.5	0.1422
626.375	0.1407
626.25	0.1422
626.125	0.1415
626.0	0.1415
625.875	0.1407
625.75	0.1407
625.625	0.143
625.5	0.1415
625.375	0.1415
625.25	0.1391
625.125	0.1391
625.0	0.1407
624.875	0.1415
624.75	0.1407
624.625	0.143
624.5	0.1422
624.375	0.1438
624.25	0.1446
624.125	0.1438
624.0	0.1415
623.875	0.1415
623.75	0.1415
623.625	0.1422
623.5	0.1422
623.375	0.1399
623.25	0.1391
623.125	0.1415
623.0	0.1415
622.875	0.1415
622.75	0.143
622.625	0.1415
622.5	0.1422
622.375	0.1438
622.25	0.1462
622.125	0.1415
622.0	0.1422
621.875	0.1422
621.75	0.1454
621.625	0.1446
621.5	0.1446
621.375	0.143
621.25	0.1462
621.125	0.147
621.0	0.1438
620.875	0.1462
620.75	0.143
620.625	0.1454
620.5	0.143
620.375	0.1438
620.25	0.1454
620.125	0.1438
620.0	0.1454
619.875	0.1462
619.75	0.1462
619.625	0.1462
619.5	0.1462
619.375	0.1462
619.25	0.1454
619.125	0.1446
619.0	0.143
618.875	0.1446
618.75	0.1462
618.625	0.1438
618.5	0.1462
618.375	0.1462
618.25	0.1462
618.125	0.1477
618.0	0.1454
617.875	0.1462
617.75	0.1477
617.625	0.1462
617.5	0.147
617.375	0.1509
617.25	0.1462
617.125	0.1477
617.0	0.147
616.875	0.1485
616.75	0.1501
616.625	0.1501
616.5	0.1485
616.375	0.147
616.25	0.1485
616.125	0.147
616.0	0.1462
615.875	0.1485
615.75	0.1501
615.625	0.1485
615.5	0.1509
615.375	0.1509
615.25	0.147
615.125	0.1509
615.0	0.1501
614.875	0.1509
614.75	0.1493
614.625	0.1493
614.5	0.1485
614.375	0.1509
614.25	0.1454
614.125	0.1415
614.0	0.1407
613.875	0.1509
613.75	0.1501
613.625	0.1509
613.5	0.1509
613.375	0.1493
613.25	0.1509
613.125	0.1501
613.0	0.1462
612.875	0.1477
612.75	0.1493
612.625	0.1462
612.5	0.147
612.375	0.1493
612.25	0.1493
612.125	0.1485
612.0	0.1477
611.875	0.1485
611.75	0.1509
611.625	0.1501
611.5	0.1525
611.375	0.1509
611.25	0.1509
611.125	0.1509
611.0	0.1509
610.875	0.1509
610.75	0.1509
610.625	0.1493
610.5	0.1509
610.375	0.1501
610.25	0.1493
610.125	0.1485
610.0	0.1501
609.875	0.1501
609.75	0.1501
609.625	0.1501
609.5	0.1509
609.375	0.1509
609.25	0.1509
609.125	0.1462
609.0	0.1462
608.875	0.1438
608.75	0.1438
608.625	0.1462
608.5	0.1462
608.375	0.1477
608.25	0.1462
608.125	0.1462
608.0	0.1462
607.875	0.143
607.75	0.1415
607.625	0.143
607.5	0.1422
607.375	0.1415
607.25	0.1462
607.125	0.1477
607.0	0.1438
606.875	0.1422
606.75	0.1438
606.625	0.1454
606.5	0.147
606.375	0.1462
606.25	0.143
606.125	0.1446
606.0	0.1438
605.875	0.1485
605.75	0.1485
605.625	0.1493
605.5	0.1501
605.375	0.1501
605.25	0.1485
605.125	0.1493
605.0	0.1477
604.875	0.1517
604.75	0.1509
604.625	0.1509
604.5	0.147
604.375	0.1501
604.25	0.1517
604.125	0.1533
604.0	0.1556
603.875	0.1533
603.75	0.1548
603.625	0.1533
603.5	0.1517
603.375	0.154
603.25	0.1525
603.125	0.1548
603.0	0.1509
602.875	0.1509
602.75	0.1509
602.625	0.1509
602.5	0.1509
602.375	0.1509
602.25	0.1509
602.125	0.1509
602.0	0.1509
601.875	0.1509
601.75	0.1533
601.625	0.1556
601.5	0.1533
601.375	0.1509
601.25	0.154
601.125	0.1509
601.0	0.1509
600.875	0.1501
600.75	0.1509
600.625	0.1501
600.5	0.1509
600.375	0.1509
600.25	0.1509
600.125	0.1533
600.0	0.1548
599.875	0.1556
599.75	0.154
599.625	0.1525
599.5	0.1533
599.375	0.1556
599.25	0.154
599.125	0.1556
599.0	0.1556
598.875	0.1525
598.75	0.1548
598.625	0.1533
598.5	0.1525
598.375	0.158
598.25	0.1556
598.125	0.1517
598.0	0.1509
597.875	0.1533
597.75	0.1548
597.625	0.1525
597.5	0.1525
597.375	0.1564
597.25	0.1548
597.125	0.154
597.0	0.1533
596.875	0.1564
596.75	0.1556
596.625	0.1556
596.5	0.1564
596.375	0.1533
596.25	0.1556
596.125	0.1556
596.0	0.1556
595.875	0.1556
595.75	0.1556
595.625	0.1556
595.5	0.1517
595.375	0.1525
595.25	0.1517
595.125	0.1525
595.0	0.1533
594.875	0.1517
594.75	0.1509
594.625	0.1548
594.5	0.1572
594.375	0.1564
594.25	0.1588
594.125	0.158
594.0	0.1548
593.875	0.1548
593.75	0.1588
593.625	0.1611
593.5	0.158
593.375	0.1572
593.25	0.1595
593.125	0.1611
593.0	0.1595
592.875	0.1619
592.75	0.1603
592.625	0.1603
592.5	0.1595
592.375	0.1556
592.25	0.1595
592.125	0.1572
592.0	0.1564
591.875	0.1556
591.75	0.1603
591.625	0.1556
591.5	0.1556
591.375	0.1564
591.25	0.1556
591.125	0.1556
591.0	0.1572
590.875	0.158
590.75	0.158
590.625	0.1595
590.5	0.1572
590.375	0.158
590.25	0.158
590.125	0.1564
590.0	0.158
589.875	0.1556
589.75	0.1556
589.625	0.1556
589.5	0.1548
589.375	0.1556
589.25	0.1556
589.125	0.1564
589.0	0.1556
588.875	0.1564
588.75	0.158
588.625	0.1556
588.5	0.1548
588.375	0.154
588.25	0.1548
588.125	0.1525
588.0	0.1525
587.875	0.1509
587.75	0.1548
587.625	0.1556
587.5	0.1556
587.375	0.1564
587.25	0.1556
587.125	0.1556
587.0	0.1556
586.875	0.1564
586.75	0.1556
586.625	0.1564
586.5	0.1564
586.375	0.1556
586.25	0.1556
586.125	0.1556
586.0	0.1556
585.875	0.1572
585.75	0.1556
585.625	0.1556
585.5	0.1548
585.375	0.1564
585.25	0.1556
585.125	0.1548
585.0	0.1564
584.875	0.1564
584.75	0.1556
584.625	0.158
584.5	0.158
584.375	0.1595
584.25	0.1556
584.125	0.1572
584.0	0.1588
583.875	0.1603
583.75	0.158
583.625	0.1572
583.5	0.1595
583.375	0.158
583.25	0.158
583.125	0.1572
583.0	0.158
582.875	0.1603
582.75	0.158
582.625	0.158
582.5	0.1564
582.375	0.1595
582.25	0.1603
582.125	0.1588
582.0	0.1572
581.875	0.1595
581.75	0.1603
581.625	0.1603
581.5	0.1588
581.375	0.1603
581.25	0.1588
581.125	0.158
581.0	0.1595
580.875	0.1588
580.75	0.1548
580.625	0.1572
580.5	0.1588
580.375	0.1572
580.25	0.1556
580.125	0.1556
580.0	0.1588
579.875	0.1603
579.75	0.1588
579.625	0.1556
579.5	0.1556
579.375	0.1548
579.25	0.1588
579.125	0.1603
579.0	0.1588
578.875	0.1603
578.75	0.158
578.625	0.1572
578.5	0.1603
578.375	0.1588
578.25	0.1603
578.125	0.1603
578.0	0.1603
577.875	0.1572
577.75	0.1556
577.625	0.1556
577.5	0.1556
577.375	0.1533
577.25	0.1525
577.125	0.1533
577.0	0.1548
576.875	0.1556
576.75	0.1509
576.625	0.1556
576.5	0.1533
576.375	0.1525
576.25	0.1533
576.125	0.154
576.0	0.1509
575.875	0.1517
575.75	0.1533
575.625	0.1548
575.5	0.1564
575.375	0.1556
575.25	0.1556
575.125	0.1556
575.0	0.154
574.875	0.1525
574.75	0.1525
574.625	0.1525
574.5	0.1517
574.375	0.1501
574.25	0.1509
574.125	0.1509
574.0	0.1509
573.875	0.1556
573.75	0.1556
573.625	0.1564
573.5	0.1564
573.375	0.1564
573.25	0.158
573.125	0.154
573.0	0.1533
572.875	0.154
572.75	0.1556
572.625	0.1548
572.5	0.1533
572.375	0.1525
572.25	0.1509
572.125	0.1517
572.0	0.1525
571.875	0.1517
571.75	0.1533
571.625	0.1533
571.5	0.1533
571.375	0.1556
571.25	0.1556
571.125	0.1517
571.0	0.1556
570.875	0.1509
570.75	0.1509
570.625	0.1556
570.5	0.1572
570.375	0.1556
570.25	0.1556
570.125	0.1564
570.0	0.1556
569.875	0.1525
569.75	0.1525
569.625	0.1548
569.5	0.1556
569.375	0.1517
569.25	0.154
569.125	0.1525
569.0	0.1509
568.875	0.1509
568.75	0.1509
568.625	0.1509
568.5	0.1509
568.375	0.154
568.25	0.1533
568.125	0.1509
568.0	0.1525
567.875	0.1525
567.75	0.1533
567.625	0.1517
567.5	0.1548
567.375	0.154
567.25	0.1556
567.125	0.158
567.0	0.1572
566.875	0.1556
566.75	0.1588
566.625	0.1572
566.5	0.1556
566.375	0.1548
566.25	0.1556
566.125	0.1595
566.0	0.1595
565.875	0.1572
565.75	0.1556
565.625	0.1556
565.5	0.1556
565.375	0.158
565.25	0.1548
565.125	0.154
565.0	0.1548
564.875	0.1556
564.75	0.158
564.625	0.1627
564.5	0.1588
564.375	0.1603
564.25	0.158
564.125	0.1533
564.0	0.1485
563.875	0.1493
563.75	0.1485
563.625	0.136
563.5	0.132
563.375	0.1037
563.25	0.1022
563.125	0.1077
563.0	0.11
562.875	0.1108
562.75	0.11
562.625	0.1069
562.5	0.1084
562.375	0.1116
562.25	0.1124
562.125	0.1132
562.0	0.1132
561.875	0.1116
561.75	0.1132
561.625	0.1132
561.5	0.1132
561.375	0.1132
561.25	0.1108
561.125	0.1124
561.0	0.1132
560.875	0.1124
560.75	0.1077
560.625	0.1108
560.5	0.1069
560.375	0.1116
560.25	0.1132
560.125	0.1132
560.0	0.1139
559.875	0.1132
559.75	0.1132
559.625	0.1147
559.5	0.1155
559.375	0.1132
559.25	0.1108
559.125	0.1132
559.0	0.1155
558.875	0.1132
558.75	0.11
558.625	0.1116
558.5	0.1108
558.375	0.1132
558.25	0.1132
558.125	0.1108
558.0	0.1116
557.875	0.1116
557.75	0.1116
557.625	0.1132
557.5	0.1092
557.375	0.1092
557.25	0.1116
557.125	0.11
557.0	0.1132
556.875	0.1116
556.75	0.1132
556.625	0.1124
556.5	0.1139
556.375	0.1132
556.25	0.1124
556.125	0.1132
556.0	0.1124
555.875	0.1132
555.75	0.1155
555.625	0.1116
555.5	0.1132
555.375	0.1139
555.25	0.1132
555.125	0.1132
555.0	0.1132
554.875	0.1124
554.75	0.11
554.625	0.11
554.5	0.1116
554.375	0.1116
554.25	0.11
554.125	0.1108
554.0	0.1084
553.875	0.11
553.75	0.1132
553.625	0.1132
553.5	0.1132
553.375	0.1139
553.25	0.1132
553.125	0.1139
553.0	0.1124
552.875	0.1108
552.75	0.1108
552.625	0.1132
552.5	0.1116
552.375	0.1155
552.25	0.1147
552.125	0.1132
552.0	0.1132
551.875	0.1108
551.75	0.1108
551.625	0.1124
551.5	0.1116
551.375	0.1139
551.25	0.1187
551.125	0.1179
551.0	0.1187
550.875	0.1187
550.75	0.1132
550.625	0.1147
550.5	0.1139
550.375	0.1163
550.25	0.1179
550.125	0.1179
550.0	0.1179
549.875	0.1179
549.75	0.1179
549.625	0.1147
549.5	0.1163
549.375	0.1147
549.25	0.1132
549.125	0.1132
549.0	0.1171
548.875	0.1163
548.75	0.1163
548.625	0.1179
548.5	0.1171
548.375	0.1171
548.25	0.1155
548.125	0.1139
548.0	0.1163
547.875	0.1163
547.75	0.1155
547.625	0.1163
547.5	0.1163
547.375	0.1179
547.25	0.1163
547.125	0.1171
547.0	0.1163
546.875	0.1179
546.75	0.1179
546.625	0.1179
546.5	0.1179
546.375	0.1179
546.25	0.1171
546.125	0.1179
546.0	0.1179
545.875	0.1179
545.75	0.1187
545.625	0.1179
545.5	0.1179
545.375	0.1179
545.25	0.1163
545.125	0.1171
545.0	0.1179
544.875	0.1179
544.75	0.1187
544.625	0.1179
544.5	0.1163
544.375	0.1179
544.25	0.1179
544.125	0.1179
544.0	0.1179
543.875	0.1179
543.75	0.1194
543.625	0.1179
543.5	0.1179
543.375	0.1194
543.25	0.1202
543.125	0.1171
543.0	0.1187
542.875	0.1202
542.75	0.1202
542.625	0.1194
542.5	0.121
542.375	0.1194
542.25	0.1187
542.125	0.1194
542.0	0.1179
541.875	0.1147
541.75	0.1147
541.625	0.1187
541.5	0.1179
541.375	0.1194
541.25	0.121
541.125	0.121
541.0	0.1226
540.875	0.1187
540.75	0.1179
540.625	0.1187
540.5	0.1171
540.375	0.1179
540.25	0.1163
540.125	0.1179
540.0	0.1179
539.875	0.1139
539.75	0.1132
539.625	0.1171
539.5	0.1194
539.375	0.1147
539.25	0.1139
539.125	0.1132
539.0	0.1147
538.875	0.1132
538.75	0.1132
538.625	0.1132
538.5	0.1179
538.375	0.1171
538.25	0.1171
538.125	0.1171
538.0	0.1202
537.875	0.1202
537.75	0.1202
537.625	0.1179
537.5	0.1179
537.375	0.1171
537.25	0.1163
537.125	0.1171
537.0	0.1194
536.875	0.1171
536.75	0.1179
536.625	0.1218
536.5	0.1187
536.375	0.1179
536.25	0.1179
536.125	0.1179
536.0	0.1179
535.875	0.1179
535.75	0.1179
535.625	0.1202
535.5	0.1226
535.375	0.1218
535.25	0.1179
535.125	0.1218
535.0	0.1218
534.875	0.1226
534.75	0.1226
534.625	0.1202
534.5	0.1187
534.375	0.1179
534.25	0.1171
534.125	0.1179
534.0	0.1179
533.875	0.1179
533.75	0.1179
533.625	0.1179
533.5	0.1187
533.375	0.1179
533.25	0.1194
533.125	0.1179
533.0	0.1187
532.875	0.1179
532.75	0.1179
532.625	0.1179
532.5	0.1187
532.375	0.1226
532.25	0.121
532.125	0.1155
532.0	0.1179
531.875	0.121
531.75	0.1179
531.625	0.1179
531.5	0.1179
531.375	0.1187
531.25	0.1171
531.125	0.1179
531.0	0.1179
530.875	0.1179
530.75	0.1179
530.625	0.1179
530.5	0.1187
530.375	0.1226
530.25	0.1202
530.125	0.1202
530.0	0.1202
529.875	0.1187
529.75	0.1202
529.625	0.121
529.5	0.1226
529.375	0.1202
529.25	0.1179
529.125	0.1194
529.0	0.1226
528.875	0.1234
528.75	0.1187
528.625	0.1179
528.5	0.1179
528.375	0.1187
528.25	0.1179
528.125	0.1179
528.0	0.1187
527.875	0.1187
527.75	0.1202
527.625	0.1179
527.5	0.1202
527.375	0.1226
527.25	0.1187
527.125	0.1194
527.0	0.1171
526.875	0.1187
526.75	0.121
526.625	0.1187
526.5	0.1218
526.375	0.1218
526.25	0.1218
526.125	0.1202
526.0	0.121
525.875	0.1218
525.75	0.121
525.625	0.1234
525.5	0.1234
525.375	0.1257
525.25	0.1234
525.125	0.125
525.0	0.125
524.875	0.121
524.75	0.1218
524.625	0.1226
524.5	0.1257
524.375	0.1226
524.25	0.125
524.125	0.125
524.0	0.1226
523.875	0.1242
523.75	0.1265
523.625	0.1226
523.5	0.1226
523.375	0.1218
523.25	0.125
523.125	0.1257
523.0	0.1265
522.875	0.1257
522.75	0.1281
522.625	0.1273
522.5	0.1273
522.375	0.1265
522.25	0.1273
522.125	0.125
522.0	0.1257
521.875	0.1265
521.75	0.1242
521.625	0.1273
521.5	0.1289
521.375	0.1273
521.25	0.1289
521.125	0.1297
521.0	0.1265
520.875	0.1273
520.75	0.1242
520.625	0.1273
520.5	0.1273
520.375	0.1273
520.25	0.1257
520.125	0.1242
520.0	0.1273
519.875	0.1273
519.75	0.1305
519.625	0.1281
519.5	0.1289
519.375	0.1289
519.25	0.125
519.125	0.1273
519.0	0.1273
518.875	0.1273
518.75	0.1281
518.625	0.1281
518.5	0.1273
518.375	0.1305
518.25	0.1312
518.125	0.1273
518.0	0.1273
517.875	0.1265
517.75	0.1281
517.625	0.1265
517.5	0.1273
517.375	0.1289
517.25	0.1273
517.125	0.1273
517.0	0.1265
516.875	0.125
516.75	0.1226
516.625	0.1242
516.5	0.1226
516.375	0.1234
516.25	0.1273
516.125	0.1273
516.0	0.1281
515.875	0.1281
515.75	0.1273
515.625	0.1273
515.5	0.1281
515.375	0.1273
515.25	0.1265
515.125	0.1265
515.0	0.1289
514.875	0.1289
514.75	0.1281
514.625	0.1265
514.5	0.1273
514.375	0.1273
514.25	0.1265
514.125	0.1265
514.0	0.1273
513.875	0.1273
513.75	0.1234
513.625	0.1226
513.5	0.1265
513.375	0.1265
513.25	0.1257
513.125	0.1273
513.0	0.1289
512.875	0.1257
512.75	0.1281
512.625	0.1289
512.5	0.1273
512.375	0.1265
512.25	0.125
512.125	0.1265
512.0	0.1242
511.875	0.1336
511.75	0.132
511.625	0.1336
511.5	0.1352
511.375	0.1352
511.25	0.1336
511.125	0.1336
511.0	0.1367
510.875	0.1352
510.75	0.1344
510.625	0.1367
510.5	0.1328
510.375	0.132
510.25	0.1367
510.125	0.1352
510.0	0.1344
509.875	0.132
509.75	0.1328
509.625	0.132
509.5	0.1312
509.375	0.132
509.25	0.132
509.125	0.1273
509.0	0.1273
508.875	0.1305
508.75	0.1328
508.625	0.132
508.5	0.1305
508.375	0.1289
508.25	0.1273
508.125	0.132
508.0	0.132
507.875	0.1336
507.75	0.132
507.625	0.132
507.5	0.136
507.375	0.1344
507.25	0.1328
507.125	0.132
507.0	0.132
506.875	0.1312
506.75	0.1289
506.625	0.1312
506.5	0.1336
506.375	0.132
506.25	0.1305
506.125	0.132
506.0	0.1328
505.875	0.1352
505.75	0.1336
505.625	0.1328
505.5	0.1344
505.375	0.132
505.25	0.132
505.125	0.1328
505.0	0.1367
504.875	0.1367
504.75	0.1367
504.625	0.1352
504.5	0.1352
504.375	0.1344
504.25	0.1367
504.125	0.1367
504.0	0.1375
503.875	0.1367
503.75	0.1391
503.625	0.1391
503.5	0.1367
503.375	0.1352
503.25	0.1367
503.125	0.1352
503.0	0.1352
502.875	0.1352
502.75	0.1352
502.625	0.136
502.5	0.1367
502.375	0.1367
502.25	0.1407
502.125	0.1375
502.0	0.1367
501.875	0.132
501.75	0.1344
501.625	0.1328
501.5	0.1328
501.375	0.136
501.25	0.1367
501.125	0.1375
501.0	0.1407
500.875	0.1383
500.75	0.1336
500.625	0.1367
500.5	0.1344
500.375	0.1375
500.25	0.1367
500.125	0.1367
500.0	0.1383
499.875	0.1367
499.75	0.136
499.625	0.1352
499.5	0.1367
499.375	0.1367
499.25	0.1336
499.125	0.1281
499.0	0.1273
498.875	0.121
498.75	0.1179
498.625	0.1226
498.5	0.1226
498.375	0.1234
498.25	0.1226
498.125	0.1218
498.0	0.1218
497.875	0.1234
497.75	0.125
497.625	0.1234
497.5	0.1242
497.375	0.1242
497.25	0.1234
497.125	0.1242
497.0	0.1226
496.875	0.125
496.75	0.1265
496.625	0.125
496.5	0.1273
496.375	0.1265
496.25	0.1273
496.125	0.1242
496.0	0.125
495.875	0.1273
495.75	0.125
495.625	0.1273
495.5	0.1273
495.375	0.1273
495.25	0.1273
495.125	0.1312
495.0	0.1281
494.875	0.1273
494.75	0.1273
494.625	0.1273
494.5	0.1273
494.375	0.1297
494.25	0.1305
494.125	0.1297
494.0	0.1265
493.875	0.1265
493.75	0.1265
493.625	0.1273
493.5	0.1265
493.375	0.1281
493.25	0.1242
493.125	0.1297
493.0	0.1281
492.875	0.1281
492.75	0.1289
492.625	0.1265
492.5	0.1265
492.375	0.1281
492.25	0.1273
492.125	0.1273
492.0	0.1257
491.875	0.1265
491.75	0.1289
491.625	0.1281
491.5	0.1273
491.375	0.1273
491.25	0.1289
491.125	0.1289
491.0	0.1281
490.875	0.1273
490.75	0.1273
490.625	0.132
490.5	0.1312
490.375	0.1297
490.25	0.1273
490.125	0.1281
490.0	0.1273
489.875	0.1273
489.75	0.1305
489.625	0.1289
489.5	0.1281
489.375	0.1281
489.25	0.1265
489.125	0.1273
489.0	0.1265
488.875	0.1273
488.75	0.1312
488.625	0.1273
488.5	0.1312
488.375	0.1289
488.25	0.1297
488.125	0.1289
488.0	0.132
487.875	0.1305
487.75	0.1297
487.625	0.1226
487.5	0.1092
487.375	0.1139
487.25	0.1194
487.125	0.1297
487.0	0.1312
486.875	0.132
486.75	0.1305
486.625	0.1312
486.5	0.1297
486.375	0.1265
486.25	0.1265
486.125	0.1281
486.0	0.1305
485.875	0.1289
485.75	0.1273
485.625	0.1289
485.5	0.1289
485.375	0.1281
485.25	0.132
485.125	0.1312
485.0	0.1312
484.875	0.1312
484.75	0.1312
484.625	0.1281
484.5	0.1273
484.375	0.1281
484.25	0.1273
484.125	0.1273
484.0	0.1297
483.875	0.1281
483.75	0.125
483.625	0.1187
483.5	0.1273
483.375	0.1281
483.25	0.1312
483.125	0.1297
483.0	0.1312
482.875	0.1297
482.75	0.1273
482.625	0.1281
482.5	0.1297
482.375	0.132
482.25	0.1297
482.125	0.1328
482.0	0.1336
481.875	0.1312
481.75	0.1312
481.625	0.1289
481.5	0.1297
481.375	0.1273
481.25	0.1273
481.125	0.132
481.0	0.1312
480.875	0.1273
480.75	0.1297
480.625	0.1273
480.5	0.1273
480.375	0.1273
480.25	0.1297
480.125	0.1297
480.0	0.1289
479.875	0.132
479.75	0.132
479.625	0.1328
479.5	0.1336
479.375	0.136
479.25	0.1367
479.125	0.1328
479.0	0.1367
478.875	0.136
478.75	0.1226
478.625	0.11
478.5	0.1045
478.375	0.1194
478.25	0.1344
478.125	0.1367
478.0	0.1367
477.875	0.1367
477.75	0.1367
477.625	0.1336
477.5	0.1367
477.375	0.1352
477.25	0.1367
477.125	0.1399
477.0	0.1367
476.875	0.1344
476.75	0.136
476.625	0.1352
476.5	0.1344
476.375	0.1336
476.25	0.132
476.125	0.1352
476.0	0.1336
475.875	0.1328
475.75	0.1336
475.625	0.136
475.5	0.132
475.375	0.1352
475.25	0.1375
475.125	0.1367
475.0	0.1367
474.875	0.1375
474.75	0.1367
474.625	0.1336
474.5	0.1344
474.375	0.132
474.25	0.132
474.125	0.1305
474.0	0.1352
473.875	0.1367
473.75	0.1367
473.625	0.1367
473.5	0.1367
473.375	0.1367
473.25	0.136
473.125	0.132
473.0	0.1383
472.875	0.1367
472.75	0.1375
472.625	0.1367
472.5	0.1352
472.375	0.1367
472.25	0.1367
472.125	0.136
472.0	0.136
471.875	0.1375
471.75	0.1375
471.625	0.1391
471.5	0.1367
471.375	0.1367
471.25	0.1367
471.125	0.1336
471.0	0.1344
470.875	0.1344
470.75	0.132
470.625	0.132
470.5	0.132
470.375	0.1328
470.25	0.132
470.125	0.1305
470.0	0.132
469.875	0.1367
469.75	0.1367
469.625	0.1383
469.5	0.1375
469.375	0.1367
469.25	0.136
469.125	0.1367
469.0	0.1367
468.875	0.1352
468.75	0.1352
468.625	0.1367
468.5	0.136
468.375	0.1367
468.25	0.1352
468.125	0.132
468.0	0.1352
467.875	0.1352
467.75	0.1367
467.625	0.1367
467.5	0.1367
467.375	0.1383
467.25	0.1367
467.125	0.1367
467.0	0.136
466.875	0.1367
466.75	0.136
466.625	0.1375
466.5	0.1367
466.375	0.1383
466.25	0.1367
466.125	0.1375
466.0	0.1328
465.875	0.136
465.75	0.1344
465.625	0.136
465.5	0.132
465.375	0.1328
465.25	0.1336
465.125	0.132
465.0	0.136
464.875	0.132
464.75	0.1352
464.625	0.1344
464.5	0.1336
464.375	0.1336
464.25	0.1352
464.125	0.1415
464.0	0.1407
463.875	0.1367
463.75	0.1367
463.625	0.1367
463.5	0.1391
463.375	0.1407
463.25	0.1367
463.125	0.1375
463.0	0.1383
462.875	0.1367
462.75	0.1422
462.625	0.143
462.5	0.1383
462.375	0.1391
462.25	0.1367
462.125	0.1407
462.0	0.1415
461.875	0.1415
461.75	0.1415
461.625	0.1375
461.5	0.1375
461.375	0.1415
461.25	0.1407
461.125	0.1415
461.0	0.1422
460.875	0.1415
460.75	0.1415
460.625	0.1454
460.5	0.1422
460.375	0.1415
460.25	0.1422
460.125	0.1415
460.0	0.1415
459.875	0.1415
459.75	0.1422
459.625	0.1415
459.5	0.143
459.375	0.143
459.25	0.1407
459.125	0.1438
459.0	0.1438
458.875	0.1415
458.75	0.1415
458.625	0.1415
458.5	0.1415
458.375	0.1399
458.25	0.1407
458.125	0.1422
458.0	0.143
457.875	0.1446
457.75	0.1462
457.625	0.147
457.5	0.1415
457.375	0.1462
457.25	0.1422
457.125	0.1438
457.0	0.1415
456.875	0.1422
456.75	0.1415
456.625	0.1415
456.5	0.1415
456.375	0.1383
456.25	0.1415
456.125	0.1438
456.0	0.1415
455.875	0.1407
455.75	0.1415
455.625	0.1399
455.5	0.1415
455.375	0.1415
455.25	0.1415
455.125	0.1415
455.0	0.1462
454.875	0.1454
454.75	0.1438
454.625	0.1446
454.5	0.143
454.375	0.1415
454.25	0.1422
454.125	0.1415
454.0	0.1415
453.875	0.1399
453.75	0.1399
453.625	0.1399
453.5	0.1399
453.375	0.143
453.25	0.1415
453.125	0.1438
453.0	0.1415
452.875	0.1399
452.75	0.1399
452.625	0.1399
452.5	0.143
452.375	0.1446
452.25	0.143
452.125	0.1415
452.0	0.1438
451.875	0.1438
451.75	0.147
451.625	0.1454
451.5	0.1446
451.375	0.1509
451.25	0.1509
451.125	0.1501
451.0	0.1509
450.875	0.1509
450.75	0.1509
450.625	0.1493
450.5	0.1462
450.375	0.1454
450.25	0.1462
450.125	0.147
450.0	0.1454
449.875	0.1454
449.75	0.1446
449.625	0.147
449.5	0.1501
449.375	0.147
449.25	0.147
449.125	0.143
449.0	0.1438
448.875	0.147
448.75	0.1462
448.625	0.1462
448.5	0.1462
448.375	0.1509
448.25	0.1509
448.125	0.1462
448.0	0.1462
447.875	0.1477
447.75	0.1509
447.625	0.1509
447.5	0.1509
447.375	0.1509
447.25	0.1485
447.125	0.1509
447.0	0.1509
446.875	0.1509
446.75	0.1509
446.625	0.1509
446.5	0.1509
446.375	0.1509
446.25	0.1493
446.125	0.1509
446.0	0.1485
445.875	0.1485
445.75	0.1501
445.625	0.1525
445.5	0.1485
445.375	0.1533
445.25	0.1509
445.125	0.1517
445.0	0.1517
444.875	0.1509
444.75	0.1509
444.625	0.1501
444.5	0.1509
444.375	0.1509
444.25	0.1517
444.125	0.1509
444.0	0.1509
443.875	0.1493
443.75	0.1509
443.625	0.1517
443.5	0.154
443.375	0.1556
443.25	0.1525
443.125	0.154
443.0	0.1548
442.875	0.1525
442.75	0.1548
442.625	0.1517
442.5	0.1548
442.375	0.1564
442.25	0.1525
442.125	0.1509
442.0	0.1525
441.875	0.1564
441.75	0.1556
441.625	0.154
441.5	0.1548
441.375	0.1556
441.25	0.1548
441.125	0.1572
441.0	0.1564
440.875	0.1564
440.75	0.158
440.625	0.1588
440.5	0.1611
440.375	0.1603
440.25	0.158
440.125	0.1611
440.0	0.1611
439.875	0.1603
439.75	0.1603
439.625	0.1603
439.5	0.1603
439.375	0.1595
439.25	0.1603
439.125	0.1595
439.0	0.1603
438.875	0.1603
438.75	0.1603
438.625	0.1643
438.5	0.1635
438.375	0.1603
438.25	0.1611
438.125	0.1603
438.0	0.1635
437.875	0.165
437.75	0.1643
437.625	0.1611
437.5	0.1611
437.375	0.1619
437.25	0.1611
437.125	0.1643
437.0	0.1603
436.875	0.1627
436.75	0.165
436.625	0.1635
436.5	0.1666
436.375	0.1635
436.25	0.165
436.125	0.165
436.0	0.165
435.875	0.165
435.75	0.165
435.625	0.165
435.5	0.1643
435.375	0.1635
435.25	0.165
435.125	0.1603
435.0	0.1643
434.875	0.165
434.75	0.1658
434.625	0.1627
434.5	0.165
434.375	0.1658
434.25	0.1666
434.125	0.1666
434.0	0.1666
433.875	0.1698
433.75	0.1698
433.625	0.1682
433.5	0.1682
433.375	0.165
433.25	0.165
433.125	0.1666
433.0	0.1674
432.875	0.165
432.75	0.1698
432.625	0.169
432.5	0.1698
432.375	0.1682
432.25	0.1698
432.125	0.1682
432.0	0.1698
431.875	0.1698
431.75	0.1713
431.625	0.1705
431.5	0.1698
431.375	0.1729
431.25	0.1729
431.125	0.1729
431.0	0.1745
430.875	0.1721
430.75	0.1698
430.625	0.1698
430.5	0.1698
430.375	0.1721
430.25	0.1721
430.125	0.1753
430.0	0.1721
429.875	0.1721
429.75	0.1721
429.625	0.1737
429.5	0.1729
429.375	0.1698
429.25	0.1698
429.125	0.1698
429.0	0.1713
428.875	0.1698
428.75	0.1666
428.625	0.165
428.5	0.1501
428.375	0.121
428.25	0.1375
428.125	0.1721
428.0	0.1737
427.875	0.1721
427.75	0.1705
427.625	0.1729
427.5	0.1745
427.375	0.1698
427.25	0.1745
427.125	0.1737
427.0	0.1713
426.875	0.1745
426.75	0.1745
426.625	0.1745
426.5	0.1753
426.375	0.1745
426.25	0.1761
426.125	0.1745
426.0	0.1729
425.875	0.1745
425.75	0.1721
425.625	0.1705
425.5	0.1698
425.375	0.1721
425.25	0.1705
425.125	0.1705
425.0	0.1737
424.875	0.1737
424.75	0.1737
424.625	0.1737
424.5	0.1737
424.375	0.1745
424.25	0.1721
424.125	0.1721
424.0	0.1729
423.875	0.1737
423.75	0.1721
423.625	0.1721
423.5	0.1745
423.375	0.1745
423.25	0.1729
423.125	0.1745
423.0	0.1761
422.875	0.1776
422.75	0.1745
422.625	0.1745
422.5	0.1753
422.375	0.1745
422.25	0.1737
422.125	0.1705
422.0	0.1698
421.875	0.1698
421.75	0.1698
421.625	0.1745
421.5	0.1713
421.375	0.1705
421.25	0.1713
421.125	0.1721
421.0	0.1698
420.875	0.1721
420.75	0.1713
420.625	0.1705
420.5	0.1729
420.375	0.1666
420.25	0.1682
420.125	0.1713
420.0	0.1713
419.875	0.1682
419.75	0.1713
419.625	0.165
419.5	0.1674
419.375	0.1698
419.25	0.1698
419.125	0.1698
419.0	0.1698
418.875	0.1705
418.75	0.1698
418.625	0.1698
418.5	0.169
418.375	0.1698
418.25	0.169
418.125	0.1698
418.0	0.1698
417.875	0.1721
417.75	0.1705
417.625	0.1698
417.5	0.1721
417.375	0.1745
417.25	0.1737
417.125	0.1737
417.0	0.1713
416.875	0.1745
416.75	0.1745
416.625	0.1761
416.5	0.1745
416.375	0.1753
416.25	0.1745
416.125	0.1761
416.0	0.1784
415.875	0.1745
415.75	0.1737
415.625	0.1737
415.5	0.1721
415.375	0.1698
415.25	0.1721
415.125	0.1737
415.0	0.1713
414.875	0.1705
414.75	0.1698
414.625	0.1713
414.5	0.1698
414.375	0.1729
414.25	0.1698
414.125	0.169
414.0	0.1713
413.875	0.1745
413.75	0.1729
413.625	0.1745
413.5	0.1721
413.375	0.1737
413.25	0.1713
413.125	0.169
413.0	0.1705
412.875	0.1713
412.75	0.1698
412.625	0.169
412.5	0.1713
412.375	0.1721
412.25	0.1698
412.125	0.1737
412.0	0.1713
411.875	0.1721
411.75	0.1729
411.625	0.1705
411.5	0.1705
411.375	0.169
411.25	0.169
411.125	0.165
411.0	0.1666
410.875	0.165
410.75	0.1643
410.625	0.1619
410.5	0.1611
410.375	0.1627
410.25	0.1611
410.125	0.1603
410.0	0.1611
409.875	0.1627
409.75	0.1611
409.625	0.165
409.5	0.1682
409.375	0.1666
409.25	0.1682
409.125	0.1713
409.0	0.1698
408.875	0.1698
408.75	0.1705
408.625	0.1698
408.5	0.1737
408.375	0.1737
408.25	0.1721
408.125	0.1705
408.0	0.1729
407.875	0.1698
407.75	0.1705
407.625	0.1729
407.5	0.1713
407.375	0.1705
407.25	0.1745
407.125	0.1737
407.0	0.1745
406.875	0.1784
406.75	0.1768
406.625	0.1745
406.5	0.1761
406.375	0.1784
406.25	0.1792
406.125	0.1784
406.0	0.1792
405.875	0.1792
405.75	0.1784
405.625	0.1792
405.5	0.1792
405.375	0.1768
405.25	0.1745
405.125	0.1768
405.0	0.1792
404.875	0.1745
404.75	0.1761
404.625	0.1768
404.5	0.1784
404.375	0.1745
404.25	0.1768
404.125	0.1768
404.0	0.1776
403.875	0.1753
403.75	0.1745
403.625	0.1768
403.5	0.1753
403.375	0.1776
403.25	0.1761
403.125	0.1753
403.0	0.1761
402.875	0.1776
402.75	0.1792
402.625	0.1792
402.5	0.1784
402.375	0.1784
402.25	0.1792
402.125	0.18
402.0	0.1792
401.875	0.1808
401.75	0.1792
401.625	0.1816
401.5	0.1792
401.375	0.1792
401.25	0.18
401.125	0.18
401.0	0.1808
400.875	0.1808
400.75	0.1792
400.625	0.1792
400.5	0.18
400.375	0.1753
400.25	0.1761
400.125	0.1792
400.0	0.1776
399.875	0.1776
399.75	0.1792
399.625	0.1784
399.5	0.1792
399.375	0.1776
399.25	0.1792
399.125	0.1784
399.0	0.1792
398.875	0.1776
398.75	0.1761
398.625	0.1784
398.5	0.1792
398.375	0.1792
398.25	0.1792
398.125	0.1792
398.0	0.1768
397.875	0.1784
397.75	0.1753
397.625	0.1611
397.5	0.1116
397.375	0.1344
397.25	0.1792
397.125	0.1768
397.0	0.1792
396.875	0.1792
396.75	0.1808
396.625	0.18
396.5	0.1792
396.375	0.1808
396.25	0.1792
396.125	0.1792
396.0	0.1792
395.875	0.1784
395.75	0.1792
395.625	0.18
395.5	0.1792
395.375	0.1792
395.25	0.1808
395.125	0.1792
395.0	0.1792
394.875	0.1792
394.75	0.1792
394.625	0.1784
394.5	0.1784
394.375	0.1792
394.25	0.1776
394.125	0.1792
394.0	0.1792
393.875	0.1792
393.75	0.18
393.625	0.18
393.5	0.1792
393.375	0.1808
393.25	0.1792
393.125	0.1792
393.0	0.1776
392.875	0.1792
392.75	0.1792
392.625	0.1768
392.5	0.1776
392.375	0.1776
392.25	0.1761
392.125	0.1784
392.0	0.18
391.875	0.18
391.75	0.1792
391.625	0.18
391.5	0.1784
391.375	0.1776
391.25	0.1792
391.125	0.1776
391.0	0.1737
390.875	0.1745
390.75	0.1729
390.625	0.1721
390.5	0.1729
390.375	0.1761
390.25	0.1753
390.125	0.1737
390.0	0.1698
389.875	0.1745
389.75	0.1729
389.625	0.1745
389.5	0.1745
389.375	0.1745
389.25	0.1753
389.125	0.1713
389.0	0.1745
388.875	0.1729
388.75	0.1768
388.625	0.1776
388.5	0.1768
388.375	0.1792
388.25	0.1745
388.125	0.1729
388.0	0.1729
387.875	0.1745
387.75	0.1721
387.625	0.1698
387.5	0.1705
387.375	0.1698
387.25	0.1698
387.125	0.1713
387.0	0.1713
386.875	0.169
386.75	0.1698
386.625	0.165
386.5	0.1698
386.375	0.1682
386.25	0.1682
386.125	0.1698
386.0	0.1698
385.875	0.1666
385.75	0.1698
385.625	0.1705
385.5	0.1713
385.375	0.169
385.25	0.1698
385.125	0.1674
385.0	0.1658
384.875	0.1682
384.75	0.1682
384.625	0.1698
384.5	0.1698
384.375	0.1713
384.25	0.1729
384.125	0.1721
384.0	0.1698
383.875	0.1698
383.75	0.1698
383.625	0.1721
383.5	0.1705
383.375	0.1698
383.25	0.1705
383.125	0.1698
383.0	0.1698
382.875	0.169
382.75	0.1705
382.625	0.1745
382.5	0.1713
382.375	0.1721
382.25	0.169
382.125	0.1713
382.0	0.1698
381.875	0.1682
381.75	0.1705
381.625	0.1705
381.5	0.169
381.375	0.1666
381.25	0.1674
381.125	0.1698
381.0	0.1682
380.875	0.1698
380.75	0.1698
380.625	0.1698
380.5	0.1698
380.375	0.1682
380.25	0.1682
380.125	0.1674
380.0	0.1682
379.875	0.1666
379.75	0.1698
379.625	0.1698
379.5	0.1698
379.375	0.1698
379.25	0.169
379.125	0.1666
379.0	0.165
378.875	0.1619
378.75	0.1619
378.625	0.165
378.5	0.165
378.375	0.165
378.25	0.1627
378.125	0.158
378.0	0.1603
377.875	0.1564
377.75	0.1548
377.625	0.1548
377.5	0.154
377.375	0.1509
377.25	0.1501
377.125	0.1493
377.0	0.1477
376.875	0.147
376.75	0.1485
376.625	0.1462
376.5	0.1462
376.375	0.147
376.25	0.1501
376.125	0.1509
376.0	0.1493
375.875	0.1509
375.75	0.1509
375.625	0.1509
375.5	0.1533
375.375	0.1533
375.25	0.1548
375.125	0.154
375.0	0.1509
374.875	0.1525
374.75	0.1485
374.625	0.1509
374.5	0.1509
374.375	0.1525
374.25	0.1485
374.125	0.1509
374.0	0.1462
373.875	0.1462
373.75	0.143
373.625	0.143
373.5	0.1415
373.375	0.1415
373.25	0.143
373.125	0.1415
373.0	0.1446
372.875	0.1462
372.75	0.1462
372.625	0.1415
372.5	0.1454
372.375	0.147
372.25	0.1462
372.125	0.1509
372.0	0.1509
371.875	0.1517
371.75	0.1525
371.625	0.1517
371.5	0.1556
371.375	0.1548
371.25	0.1556
371.125	0.154
371.0	0.1556
370.875	0.1556
370.75	0.1556
370.625	0.1548
370.5	0.1533
370.375	0.1533
370.25	0.1548
370.125	0.1509
370.0	0.1501
369.875	0.1517
369.75	0.1493
369.625	0.1493
369.5	0.1485
369.375	0.1493
369.25	0.1493
369.125	0.1509
369.0	0.1477
368.875	0.1493
368.75	0.1462
368.625	0.1462
368.5	0.1462
368.375	0.1462
368.25	0.1462
368.125	0.1462
368.0	0.1462
367.875	0.1477
367.75	0.1462
367.625	0.1462
367.5	0.1462
367.375	0.1422
367.25	0.1462
367.125	0.1477
367.0	0.1438
366.875	0.143
366.75	0.1446
366.625	0.1446
366.5	0.1438
366.375	0.143
366.25	0.1438
366.125	0.1462
366.0	0.1525
365.875	0.1383
365.75	0.1352
365.625	0.1367
365.5	0.1045
365.375	0.0927
365.25	0.0959
365.125	0.0974
365.0	0.1014
364.875	0.11
364.75	0.1132
364.625	0.1163
364.5	0.1226
364.375	0.1202
364.25	0.1187
364.125	0.121
364.0	0.1226
363.875	0.1187
363.75	0.1077
363.625	0.1045
363.5	0.1069
363.375	0.11
363.25	0.1077
363.125	0.1061
363.0	0.1053
362.875	0.1061
362.75	0.1108
362.625	0.1344
362.5	0.136
362.375	0.1407
362.25	0.1415
362.125	0.1407
362.0	0.1415
361.875	0.1415
361.75	0.1367
361.625	0.1422
361.5	0.1462
361.375	0.1422
361.25	0.1415
361.125	0.1415
361.0	0.1399
360.875	0.1454
360.75	0.1454
360.625	0.1422
360.5	0.1446
360.375	0.143
360.25	0.1415
360.125	0.1399
360.0	0.1415
359.875	0.136
359.75	0.1305
359.625	0.132
359.5	0.132
359.375	0.1367
359.25	0.132
359.125	0.125
359.0	0.1375
358.875	0.1415
358.75	0.1399
358.625	0.1407
358.5	0.1407
358.375	0.1391
358.25	0.1415
358.125	0.1415
358.0	0.1415
357.875	0.1415
357.75	0.1415
357.625	0.1415
357.5	0.1415
357.375	0.1415
357.25	0.1383
357.125	0.1415
357.0	0.1415
356.875	0.1407
356.75	0.1415
356.625	0.1415
356.5	0.1415
356.375	0.1407
356.25	0.1399
356.125	0.1415
356.0	0.1367
355.875	0.1367
355.75	0.1383
355.625	0.1367
355.5	0.1367
355.375	0.1375
355.25	0.1367
355.125	0.1375
355.0	0.1367
354.875	0.1367
354.75	0.1367
354.625	0.136
354.5	0.1367
354.375	0.1367
354.25	0.136
354.125	0.1367
354.0	0.1415
353.875	0.1391
353.75	0.1383
353.625	0.1407
353.5	0.1407
353.375	0.1399
353.25	0.1415
353.125	0.1375
353.0	0.1367
352.875	0.136
352.75	0.1375
352.625	0.1367
352.5	0.1352
352.375	0.1367
352.25	0.1375
352.125	0.1367
352.0	0.1367
351.875	0.1367
351.75	0.1375
351.625	0.1367
351.5	0.1352
351.375	0.132
351.25	0.1352
351.125	0.1367
351.0	0.136
350.875	0.1367
350.75	0.1367
350.625	0.1407
350.5	0.1415
350.375	0.1407
350.25	0.1399
350.125	0.1415
350.0	0.1407
349.875	0.1375
349.75	0.1367
349.625	0.1391
349.5	0.1367
349.375	0.136
349.25	0.1344
349.125	0.1336
349.0	0.1367
348.875	0.136
348.75	0.1375
348.625	0.1367
348.5	0.1367
348.375	0.1367
348.25	0.1352
348.125	0.136
348.0	0.1352
347.875	0.1352
347.75	0.1352
347.625	0.1352
347.5	0.136
347.375	0.1273
347.25	0.1297
347.125	0.1367
347.0	0.1367
346.875	0.1336
346.75	0.1367
346.625	0.1375
346.5	0.1367
346.375	0.1367
346.25	0.136
346.125	0.1367
346.0	0.1344
345.875	0.1352
345.75	0.1375
345.625	0.1367
345.5	0.136
345.375	0.1328
345.25	0.136
345.125	0.1344
345.0	0.132
344.875	0.1312
344.75	0.132
344.625	0.1344
344.5	0.1336
344.375	0.1336
344.25	0.1312
344.125	0.132
344.0	0.132
343.875	0.1336
343.75	0.1336
343.625	0.1328
343.5	0.132
343.375	0.132
343.25	0.1328
343.125	0.132
343.0	0.1312
342.875	0.1257
342.75	0.1234
342.625	0.1273
342.5	0.1289
342.375	0.1297
342.25	0.132
342.125	0.132
342.0	0.1312
341.875	0.1312
341.75	0.132
341.625	0.132
341.5	0.132
341.375	0.132
341.25	0.1312
341.125	0.132
341.0	0.1297
340.875	0.1305
340.75	0.132
340.625	0.1336
340.5	0.1336
340.375	0.1297
340.25	0.1297
340.125	0.1305
340.0	0.132
339.875	0.1328
339.75	0.1297
339.625	0.1289
339.5	0.1281
339.375	0.1289
339.25	0.1281
339.125	0.1312
339.0	0.1297
338.875	0.1289
338.75	0.1289
338.625	0.1273
338.5	0.1273
338.375	0.1305
338.25	0.1305
338.125	0.132
338.0	0.132
337.875	0.1305
337.75	0.132
337.625	0.1289
337.5	0.1312
337.375	0.1273
337.25	0.1273
337.125	0.1289
337.0	0.1273
336.875	0.1273
336.75	0.1257
336.625	0.1132
336.5	0.099
336.375	0.1155
336.25	0.1265
336.125	0.1289
336.0	0.1289
335.875	0.1281
335.75	0.1297
335.625	0.1289
335.5	0.1273
335.375	0.1273
335.25	0.1281
335.125	0.1297
335.0	0.1281
334.875	0.1281
334.75	0.1297
334.625	0.1312
334.5	0.1297
334.375	0.1281
334.25	0.1312
334.125	0.1297
334.0	0.132
333.875	0.1336
333.75	0.132
333.625	0.132
333.5	0.1297
333.375	0.132
333.25	0.1312
333.125	0.1312
333.0	0.1312
332.875	0.132
332.75	0.132
332.625	0.1312
332.5	0.1312
332.375	0.1328
332.25	0.1312
332.125	0.1312
332.0	0.1297
331.875	0.1305
331.75	0.132
331.625	0.1305
331.5	0.132
331.375	0.1305
331.25	0.1305
331.125	0.132
331.0	0.1336
330.875	0.1289
330.75	0.1289
330.625	0.1305
330.5	0.1312
330.375	0.132
330.25	0.1312
330.125	0.132
330.0	0.132
329.875	0.1312
329.75	0.1281
329.625	0.1297
329.5	0.1312
329.375	0.132
329.25	0.1305
329.125	0.1281
329.0	0.1289
328.875	0.1305
328.75	0.1297
328.625	0.132
328.5	0.132
328.375	0.1297
328.25	0.1273
328.125	0.1273
328.0	0.1265
327.875	0.1226
327.75	0.1242
327.625	0.1273
327.5	0.1273
327.375	0.1297
327.25	0.1297
327.125	0.132
327.0	0.1289
326.875	0.1305
326.75	0.1289
326.625	0.1305
326.5	0.132
326.375	0.1312
326.25	0.125
326.125	0.1139
326.0	0.11
325.875	0.11
325.75	0.1187
325.625	0.1257
325.5	0.1281
325.375	0.1257
325.25	0.1273
325.125	0.1289
325.0	0.132
324.875	0.1273
324.75	0.1257
324.625	0.1194
324.5	0.1124
324.375	0.099
324.25	0.1069
324.125	0.1108
324.0	0.1163
323.875	0.121
323.75	0.1234
323.625	0.1273
323.5	0.1242
323.375	0.1273
323.25	0.1289
323.125	0.1265
323.0	0.1281
322.875	0.1305
322.75	0.1305
322.625	0.1273
322.5	0.1265
322.375	0.1281
322.25	0.1273
322.125	0.1265
322.0	0.1273
321.875	0.1265
321.75	0.1226
321.625	0.125
321.5	0.125
321.375	0.1234
321.25	0.1273
321.125	0.1257
321.0	0.1273
320.875	0.1297
320.75	0.1305
320.625	0.1289
320.5	0.1257
320.375	0.1281
320.25	0.1297
320.125	0.1273
320.0	0.1273
319.875	0.1265
319.75	0.1273
319.625	0.1265
319.5	0.125
319.375	0.1265
319.25	0.1273
319.125	0.1257
319.0	0.1257
318.875	0.1242
318.75	0.1273
318.625	0.1265
318.5	0.1265
318.375	0.1281
318.25	0.1273
318.125	0.1257
318.0	0.1265
317.875	0.1265
317.75	0.1273
317.625	0.1242
317.5	0.125
317.375	0.1273
317.25	0.1273
317.125	0.1234
317.0	0.1218
316.875	0.1226
316.75	0.1226
316.625	0.1218
316.5	0.1226
316.375	0.1234
316.25	0.1226
316.125	0.1226
316.0	0.1226
315.875	0.1226
315.75	0.1234
315.625	0.1226
315.5	0.1234
315.375	0.1218
315.25	0.121
315.125	0.1202
315.0	0.121
314.875	0.1218
314.75	0.1187
314.625	0.1202
314.5	0.1179
314.375	0.1194
314.25	0.121
314.125	0.1226
314.0	0.1234
313.875	0.1226
313.75	0.1234
313.625	0.1226
313.5	0.1218
313.375	0.1226
313.25	0.1226
313.125	0.1187
313.0	0.1179
312.875	0.121
312.75	0.1179
312.625	0.1187
312.5	0.1179
312.375	0.1194
312.25	0.1202
312.125	0.1226
312.0	0.1226
311.875	0.1234
311.75	0.1257
311.625	0.1234
311.5	0.1218
311.375	0.1234
311.25	0.1242
311.125	0.1226
311.0	0.1242
310.875	0.1226
310.75	0.1226
310.625	0.1226
310.5	0.1226
310.375	0.1234
310.25	0.1226
310.125	0.1226
310.0	0.1226
309.875	0.121
309.75	0.1226
309.625	0.1218
309.5	0.1242
309.375	0.1226
309.25	0.1234
309.125	0.1226
309.0	0.1218
308.875	0.1226
308.75	0.1226
308.625	0.1226
308.5	0.1226
308.375	0.1226
308.25	0.1218
308.125	0.1202
308.0	0.1226
307.875	0.1226
307.75	0.1226
307.625	0.1226
307.5	0.1226
307.375	0.1218
307.25	0.1234
307.125	0.1226
307.0	0.1226
306.875	0.1226
306.75	0.1234
306.625	0.1179
306.5	0.1218
306.375	0.1194
306.25	0.1194
306.125	0.1218
306.0	0.1187
305.875	0.1218
305.75	0.121
305.625	0.1218
305.5	0.1202
305.375	0.1202
305.25	0.1226
305.125	0.1202
305.0	0.1194
304.875	0.1218
304.75	0.1226
304.625	0.1226
304.5	0.1226
304.375	0.1226
304.25	0.1218
304.125	0.1226
304.0	0.1226
303.875	0.1179
303.75	0.1187
303.625	0.1194
303.5	0.121
303.375	0.1218
303.25	0.1226
303.125	0.1132
303.0	0.1147
302.875	0.1187
302.75	0.1202
302.625	0.1202
302.5	0.121
302.375	0.1194
302.25	0.1187
302.125	0.1179
302.0	0.1179
301.875	0.1171
301.75	0.121
301.625	0.1179
301.5	0.1187
301.375	0.1179
301.25	0.1179
301.125	0.1187
301.0	0.1179
300.875	0.1179
300.75	0.1187
300.625	0.1171
300.5	0.1226
300.375	0.1226
300.25	0.1226
300.125	0.1234
