300.0	0.1022
300.125	0.1037
300.25	0.1037
300.375	0.1037
300.5	0.1037
300.625	0.1029
300.75	0.1029
300.875	0.1037
301.0	0.1014
301.125	0.1014
301.25	0.1029
301.375	0.1061
301.5	0.1029
301.625	0.1037
301.75	0.1037
301.875	0.1037
302.0	0.1029
302.125	0.1037
302.25	0.1045
302.375	0.1029
302.5	0.1045
302.625	0.1053
302.75	0.1045
302.875	0.1037
303.0	0.0998
303.125	0.0998
303.25	0.1037
303.375	0.1022
303.5	0.1053
303.625	0.1045
303.75	0.1037
303.875	0.1037
304.0	0.1037
304.125	0.1037
304.25	0.1022
304.375	0.1037
304.5	0.1037
304.625	0.1037
304.75	0.1061
304.875	0.1084
305.0	0.11
305.125	0.1092
305.25	0.1084
305.375	0.099
305.5	0.0959
305.625	0.099
305.75	0.1029
305.875	0.1053
306.0	0.1045
306.125	0.1037
306.25	0.1037
306.375	0.1061
306.5	0.1077
306.625	0.1084
306.75	0.1084
306.875	0.1084
307.0	0.1069
307.125	0.1037
307.25	0.1037
307.375	0.1053
307.5	0.1053
307.625	0.1069
307.75	0.1045
307.875	0.1053
308.0	0.1061
308.125	0.1061
308.25	0.1061
308.375	0.1084
308.5	0.1069
308.625	0.1061
308.75	0.1084
308.875	0.1077
309.0	0.1061
309.125	0.1084
309.25	0.1061
309.375	0.1061
309.5	0.1069
309.625	0.1069
309.75	0.1061
309.875	0.1084
310.0	0.1077
310.125	0.1108
310.25	0.11
310.375	0.1116
310.5	0.1108
310.625	0.1084
310.75	0.1069
310.875	0.1084
311.0	0.1108
311.125	0.1092
311.25	0.1092
311.375	0.1084
311.5	0.1084
311.625	0.1061
311.75	0.1045
311.875	0.1077
312.0	0.1077
312.125	0.1045
312.25	0.1053
312.375	0.1077
312.5	0.1084
312.625	0.1077
312.75	0.1061
312.875	0.1061
313.0	0.1069
313.125	0.1084
313.25	0.1069
313.375	0.1084
313.5	0.1045
313.625	0.1053
313.75	0.1077
313.875	0.1053
314.0	0.1061
314.125	0.1084
314.25	0.1069
314.375	0.1045
314.5	0.1069
314.625	0.1053
314.75	0.1037
314.875	0.1037
315.0	0.1061
315.125	0.1037
315.25	0.1037
315.375	0.1037
315.5	0.1077
315.625	0.1069
315.75	0.1084
315.875	0.1053
316.0	0.1077
316.125	0.1077
316.25	0.1092
316.375	0.1084
316.5	0.1061
316.625	0.1084
316.75	0.1132
316.875	0.11
317.0	0.1092
317.125	0.1116
317.25	0.1132
317.375	0.1116
317.5	0.1108
317.625	0.1116
317.75	0.1092
317.875	0.1108
318.0	0.1116
318.125	0.1124
318.25	0.1132
318.375	0.1124
318.5	0.1092
318.625	0.1116
318.75	0.1132
318.875	0.1108
319.0	0.1124
319.125	0.1108
319.25	0.1092
319.375	0.1084
319.5	0.11
319.625	0.1108
319.75	0.1084
319.875	0.1084
320.0	0.1092
320.125	0.1084
320.25	0.1084
320.375	0.1069
320.5	0.1092
320.625	0.1084
320.75	0.1108
320.875	0.1092
321.0	0.1092
321.125	0.11
321.25	0.1116
321.375	0.1092
321.5	0.11
321.625	0.11
321.75	0.11
321.875	0.1116
322.0	0.1116
322.125	0.1108
322.25	0.1116
322.375	0.1108
322.5	0.1084
322.625	0.11
322.75	0.1108
322.875	0.1108
323.0	0.1084
323.125	0.1108
323.25	0.11
323.375	0.1092
323.5	0.1116
323.625	0.1084
323.75	0.1069
323.875	0.1061
324.0	0.1037
324.125	0.1006
324.25	0.1037
324.375	0.1053
324.5	0.1092
324.625	0.11
324.75	0.1124
324.875	0.11
325.0	0.1116
325.125	0.1116
325.25	0.11
325.375	0.1084
325.5	0.11
325.625	0.1116
325.75	0.1092
325.875	0.1092
326.0	0.1108
326.125	0.1092
326.25	0.1124
326.375	0.1124
326.5	0.1124
326.625	0.1132
326.75	0.1124
326.875	0.1116
327.0	0.1116
327.125	0.1124
327.25	0.1124
327.375	0.1116
327.5	0.1108
327.625	0.1124
327.75	0.1132
327.875	0.1132
328.0	0.1132
328.125	0.1132
328.25	0.1132
328.375	0.1139
328.5	0.1155
328.625	0.1155
328.75	0.1179
328.875	0.1163
329.0	0.1179
329.125	0.1163
329.25	0.1187
329.375	0.1179
329.5	0.1155
329.625	0.1163
329.75	0.1179
329.875	0.1194
330.0	0.1163
330.125	0.1147
330.25	0.1132
330.375	0.1132
330.5	0.1139
330.625	0.1139
330.75	0.1155
330.875	0.1179
331.0	0.1179
331.125	0.1171
331.25	0.1179
331.375	0.1171
331.5	0.1147
331.625	0.1155
331.75	0.1187
331.875	0.1179
332.0	0.1202
332.125	0.1179
332.25	0.1179
332.375	0.121
332.5	0.1187
332.625	0.1179
332.75	0.1179
332.875	0.1187
333.0	0.1187
333.125	0.1226
333.25	0.1179
333.375	0.1163
333.5	0.1179
333.625	0.1187
333.75	0.1187
333.875	0.1171
334.0	0.1171
334.125	0.1187
334.25	0.1226
334.375	0.1163
334.5	0.1163
334.625	0.1179
334.75	0.1194
334.875	0.1171
335.0	0.1171
335.125	0.1179
335.25	0.1179
335.375	0.1155
335.5	0.1202
335.625	0.1179
335.75	0.1202
335.875	0.1202
336.0	0.1171
336.125	0.1226
336.25	0.1202
336.375	0.1194
336.5	0.1194
336.625	0.1194
336.75	0.1179
336.875	0.1187
337.0	0.1179
337.125	0.1179
337.25	0.1187
337.375	0.1194
337.5	0.1187
337.625	0.1179
337.75	0.1187
337.875	0.1179
338.0	0.1187
338.125	0.1218
338.25	0.121
338.375	0.1194
338.5	0.1202
338.625	0.1194
338.75	0.1218
338.875	0.1226
339.0	0.1226
339.125	0.1194
339.25	0.1202
339.375	0.1037
339.5	0.0998
339.625	0.1116
339.75	0.1194
339.875	0.1194
340.0	0.1202
340.125	0.1218
340.25	0.1202
340.375	0.1194
340.5	0.125
340.625	0.1242
340.75	0.125
340.875	0.1234
341.0	0.1226
341.125	0.1226
341.25	0.1234
341.375	0.1234
341.5	0.1242
341.625	0.1218
341.75	0.1242
341.875	0.1226
342.0	0.1242
342.125	0.125
342.25	0.1242
342.375	0.1218
342.5	0.1226
342.625	0.1242
342.75	0.1257
342.875	0.1281
343.0	0.1281
343.125	0.1257
343.25	0.1234
343.375	0.1242
343.5	0.1265
343.625	0.1234
343.75	0.1202
343.875	0.1218
344.0	0.1218
344.125	0.1226
344.25	0.1242
344.375	0.1242
344.5	0.1242
344.625	0.1226
344.75	0.1265
344.875	0.1257
345.0	0.1234
345.125	0.1226
345.25	0.1257
345.375	0.1273
345.5	0.1281
345.625	0.1305
345.75	0.1265
345.875	0.1289
346.0	0.1281
346.125	0.1289
346.25	0.1289
346.375	0.1312
346.5	0.1297
346.625	0.1289
346.75	0.1281
346.875	0.1273
347.0	0.1289
347.125	0.1257
347.25	0.1297
347.375	0.1297
347.5	0.1257
347.625	0.1257
347.75	0.1281
347.875	0.1305
348.0	0.1312
348.125	0.1312
348.25	0.1328
348.375	0.1328
348.5	0.1312
348.625	0.1289
348.75	0.1305
348.875	0.1289
349.0	0.1273
349.125	0.125
349.25	0.1281
349.375	0.1273
349.5	0.1281
349.625	0.1281
349.75	0.1305
349.875	0.1273
350.0	0.1257
350.125	0.1226
350.25	0.1257
350.375	0.1257
350.5	0.1312
350.625	0.136
350.75	0.1336
350.875	0.132
351.0	0.132
351.125	0.1194
351.25	0.1022
351.375	0.1171
351.5	0.136
351.625	0.1344
351.75	0.1171
351.875	0.1124
352.0	0.132
352.125	0.136
352.25	0.132
352.375	0.1367
352.5	0.1367
352.625	0.1367
352.75	0.1367
352.875	0.1242
353.0	0.1281
353.125	0.0982
353.25	0.1336
353.375	0.1344
353.5	0.1037
353.625	0.0966
353.75	0.0927
353.875	0.0927
354.0	0.0959
354.125	0.1179
354.25	0.1194
354.375	0.1218
354.5	0.1218
354.625	0.1218
354.75	0.1202
354.875	0.1226
355.0	0.1226
355.125	0.1226
355.25	0.121
355.375	0.1179
355.5	0.1179
355.625	0.0974
355.75	0.1022
355.875	0.1179
356.0	0.1226
356.125	0.1226
356.25	0.1194
356.375	0.121
356.5	0.1218
356.625	0.1218
356.75	0.1226
356.875	0.1202
357.0	0.1226
357.125	0.1226
357.25	0.1242
357.375	0.125
357.5	0.1202
357.625	0.1226
357.75	0.1202
357.875	0.121
358.0	0.1218
358.125	0.121
358.25	0.121
358.375	0.1226
358.5	0.1226
358.625	0.1218
358.75	0.1226
358.875	0.1257
359.0	0.1265
359.125	0.1234
359.25	0.125
359.375	0.1226
359.5	0.1234
359.625	0.1218
359.75	0.1226
359.875	0.1226
360.0	0.1265
360.125	0.1242
360.25	0.1218
360.375	0.1202
360.5	0.1202
360.625	0.1179
360.75	0.1179
360.875	0.1179
361.0	0.1202
361.125	0.1234
361.25	0.1202
361.375	0.1218
361.5	0.1179
361.625	0.1179
361.75	0.1179
361.875	0.1179
362.0	0.1202
362.125	0.1202
362.25	0.1179
362.375	0.1202
362.5	0.1179
362.625	0.1194
362.75	0.1226
362.875	0.1218
363.0	0.1218
363.125	0.1234
363.25	0.1226
363.375	0.1234
363.5	0.1242
363.625	0.1218
363.75	0.1226
363.875	0.1242
364.0	0.1226
364.125	0.1218
364.25	0.1218
364.375	0.1194
364.5	0.1163
364.625	0.1179
364.75	0.1179
364.875	0.1163
365.0	0.1147
365.125	0.1132
365.25	0.1147
365.375	0.1124
365.5	0.1124
365.625	0.1084
365.75	0.1084
365.875	0.1045
366.0	0.1037
366.125	0.1037
366.25	0.1014
366.375	0.1022
366.5	0.1006
366.625	0.1014
366.75	0.1022
366.875	0.099
367.0	0.1014
367.125	0.1037
367.25	0.1029
367.375	0.1037
367.5	0.1029
367.625	0.1029
367.75	0.1006
367.875	0.0966
368.0	0.0888
368.125	0.0888
368.25	0.0927
368.375	0.0943
368.5	0.0966
368.625	0.0943
368.75	0.0935
368.875	0.0943
369.0	0.0935
369.125	0.0943
369.25	0.0888
369.375	0.0888
369.5	0.0864
369.625	0.0904
369.75	0.0888
369.875	0.0864
370.0	0.0849
370.125	0.0849
370.25	0.0841
370.375	0.0864
370.5	0.0864
370.625	0.0872
370.75	0.0872
370.875	0.0864
371.0	0.0888
371.125	0.0904
371.25	0.0904
371.375	0.0927
371.5	0.0927
371.625	0.0904
371.75	0.0935
371.875	0.0888
372.0	0.0943
372.125	0.0911
372.25	0.0927
372.375	0.0951
372.5	0.0943
372.625	0.0943
372.75	0.0943
372.875	0.0966
373.0	0.0974
373.125	0.1022
373.25	0.099
373.375	0.099
373.5	0.099
373.625	0.0943
373.75	0.0982
373.875	0.0974
374.0	0.0943
374.125	0.0911
374.25	0.0896
374.375	0.0896
374.5	0.0896
374.625	0.0896
374.75	0.0927
374.875	0.0872
375.0	0.0872
375.125	0.0864
375.25	0.088
375.375	0.0919
375.5	0.0896
375.625	0.0927
375.75	0.0919
375.875	0.088
376.0	0.0872
376.125	0.0849
376.25	0.0872
376.375	0.0888
376.5	0.0904
376.625	0.0904
376.75	0.0896
376.875	0.0904
377.0	0.0904
377.125	0.0896
377.25	0.0856
377.375	0.0927
377.5	0.0951
377.625	0.0951
377.75	0.0959
377.875	0.0943
378.0	0.0966
378.125	0.0919
378.25	0.0927
378.375	0.0974
378.5	0.0974
378.625	0.0951
378.75	0.0927
378.875	0.0911
379.0	0.0966
379.125	0.0966
379.25	0.0998
379.375	0.099
379.5	0.099
379.625	0.1014
379.75	0.1014
379.875	0.1029
380.0	0.1029
380.125	0.1037
380.25	0.1022
380.375	0.1022
380.5	0.1006
380.625	0.1006
380.75	0.0982
380.875	0.0951
381.0	0.0927
381.125	0.0927
381.25	0.0943
381.375	0.0919
381.5	0.0896
381.625	0.088
381.75	0.0888
381.875	0.0904
382.0	0.0904
382.125	0.0896
382.25	0.0864
382.375	0.0888
382.5	0.0872
382.625	0.0888
382.75	0.0896
382.875	0.0896
383.0	0.0872
383.125	0.088
383.25	0.0864
383.375	0.0872
383.5	0.0849
383.625	0.088
383.75	0.088
383.875	0.0864
384.0	0.0888
384.125	0.0888
384.25	0.0888
384.375	0.0896
384.5	0.088
384.625	0.0864
384.75	0.088
384.875	0.0911
385.0	0.0896
385.125	0.0911
385.25	0.0864
385.375	0.0841
385.5	0.0841
385.625	0.0841
385.75	0.0896
385.875	0.0856
386.0	0.088
386.125	0.0888
386.25	0.0896
386.375	0.0888
386.5	0.0888
386.625	0.0849
386.75	0.0849
386.875	0.0872
387.0	0.0849
387.125	0.0849
387.25	0.0817
387.375	0.0872
387.5	0.0856
387.625	0.0849
387.75	0.0849
387.875	0.0841
388.0	0.0849
388.125	0.0825
388.25	0.0801
388.375	0.0786
388.5	0.0786
388.625	0.0794
388.75	0.0786
388.875	0.0801
389.0	0.0849
389.125	0.0872
389.25	0.088
389.375	0.0849
389.5	0.0872
389.625	0.0864
389.75	0.0864
389.875	0.0864
390.0	0.0864
390.125	0.0911
390.25	0.0896
390.375	0.0888
390.5	0.0888
390.625	0.0872
390.75	0.0888
390.875	0.0872
391.0	0.0896
391.125	0.0872
391.25	0.0872
391.375	0.0833
391.5	0.0841
391.625	0.0856
391.75	0.0864
391.875	0.0841
392.0	0.0841
392.125	0.0849
392.25	0.0849
392.375	0.0864
392.5	0.0872
392.625	0.0849
392.75	0.0864
392.875	0.0849
393.0	0.088
393.125	0.0849
393.25	0.0841
393.375	0.0888
393.5	0.0896
393.625	0.0896
393.75	0.088
393.875	0.0872
394.0	0.0841
394.125	0.0849
394.25	0.0856
394.375	0.0856
394.5	0.0896
394.625	0.088
394.75	0.0872
394.875	0.0872
395.0	0.0896
395.125	0.0856
395.25	0.0849
395.375	0.0841
395.5	0.0872
395.625	0.0856
395.75	0.0849
395.875	0.0778
396.0	0.0849
396.125	0.0849
396.25	0.0849
396.375	0.0825
396.5	0.0833
396.625	0.0817
396.75	0.0849
396.875	0.0833
397.0	0.0817
397.125	0.0833
397.25	0.0849
397.375	0.0841
397.5	0.088
397.625	0.0856
397.75	0.088
397.875	0.088
398.0	0.0919
398.125	0.0943
398.25	0.0935
398.375	0.0943
398.5	0.0927
398.625	0.0919
398.75	0.0896
398.875	0.0935
399.0	0.0943
399.125	0.0943
399.25	0.0896
399.375	0.0919
399.5	0.0896
399.625	0.0919
399.75	0.0919
399.875	0.0896
400.0	0.0904
400.125	0.0896
400.25	0.0896
400.375	0.088
400.5	0.0896
400.625	0.0864
400.75	0.0896
400.875	0.0911
401.0	0.0904
401.125	0.0896
401.25	0.0904
401.375	0.0896
401.5	0.0904
401.625	0.0896
401.75	0.0904
401.875	0.0896
402.0	0.0864
402.125	0.0849
402.25	0.088
402.375	0.0896
402.5	0.0896
402.625	0.0935
402.75	0.0951
402.875	0.0919
403.0	0.0927
403.125	0.0911
403.25	0.0935
403.375	0.0919
403.5	0.0896
403.625	0.0896
403.75	0.0935
403.875	0.0919
404.0	0.0919
404.125	0.0896
404.25	0.0943
404.375	0.0943
404.5	0.0911
404.625	0.0911
404.75	0.0911
404.875	0.0927
405.0	0.0943
405.125	0.0951
405.25	0.0951
405.375	0.0974
405.5	0.1014
405.625	0.1029
405.75	0.1029
405.875	0.1037
406.0	0.1045
406.125	0.1053
406.25	0.1084
406.375	0.1069
406.5	0.1053
406.625	0.1061
406.75	0.1084
406.875	0.1187
407.0	0.1202
407.125	0.1132
407.25	0.1132
407.375	0.1171
407.5	0.121
407.625	0.1179
407.75	0.1187
407.875	0.1187
408.0	0.1194
408.125	0.1226
408.25	0.125
408.375	0.1257
408.5	0.1226
408.625	0.1281
408.75	0.1218
408.875	0.1092
409.0	0.1194
409.125	0.1281
409.25	0.1312
409.375	0.1328
409.5	0.1352
409.625	0.1344
409.75	0.1383
409.875	0.1383
410.0	0.1407
410.125	0.1399
410.25	0.1415
410.375	0.143
410.5	0.1462
410.625	0.1462
410.75	0.147
410.875	0.147
411.0	0.1493
411.125	0.1501
411.25	0.1517
411.375	0.1548
411.5	0.1533
411.625	0.158
411.75	0.1603
411.875	0.1603
412.0	0.1548
412.125	0.1572
412.25	0.1556
412.375	0.1595
412.5	0.158
412.625	0.1588
412.75	0.1595
412.875	0.1564
413.0	0.1564
413.125	0.1588
413.25	0.1611
413.375	0.1627
413.5	0.1627
413.625	0.1643
413.75	0.1611
413.875	0.1619
414.0	0.1603
414.125	0.1635
414.25	0.1619
414.375	0.165
414.5	0.1666
414.625	0.1674
414.75	0.1682
414.875	0.1635
415.0	0.165
415.125	0.1619
415.25	0.1643
415.375	0.1619
415.5	0.1454
415.625	0.1179
415.75	0.1477
415.875	0.1611
416.0	0.1603
416.125	0.1643
416.25	0.165
416.375	0.165
416.5	0.1635
416.625	0.1643
416.75	0.1595
416.875	0.1603
417.0	0.1603
417.125	0.1603
417.25	0.1611
417.375	0.1619
417.5	0.1635
417.625	0.1643
417.75	0.1635
417.875	0.1682
418.0	0.1674
418.125	0.169
418.25	0.165
418.375	0.1666
418.5	0.1658
418.625	0.165
418.75	0.1658
418.875	0.1635
419.0	0.165
419.125	0.165
419.25	0.1658
419.375	0.1666
419.5	0.1674
419.625	0.1698
419.75	0.1698
419.875	0.1705
420.0	0.1698
420.125	0.1698
420.25	0.1666
420.375	0.1454
420.5	0.1257
420.625	0.1477
420.75	0.158
420.875	0.1674
421.0	0.1729
421.125	0.1737
421.25	0.1721
421.375	0.1745
421.5	0.1729
421.625	0.1705
421.75	0.1729
421.875	0.1729
422.0	0.1721
422.125	0.1713
422.25	0.1721
422.375	0.1713
422.5	0.1713
422.625	0.1737
422.75	0.1729
422.875	0.1753
423.0	0.1745
423.125	0.1768
423.25	0.1753
423.375	0.1768
423.5	0.1784
423.625	0.1753
423.75	0.1729
423.875	0.1745
424.0	0.1729
424.125	0.1753
424.25	0.1713
424.375	0.1745
424.5	0.1745
424.625	0.1737
424.75	0.1753
424.875	0.1792
425.0	0.1784
425.125	0.1784
425.25	0.1816
425.375	0.1831
425.5	0.1792
425.625	0.1808
425.75	0.1784
425.875	0.18
426.0	0.1808
426.125	0.18
426.25	0.1808
426.375	0.1816
426.5	0.1823
426.625	0.1808
426.75	0.18
426.875	0.1839
427.0	0.1808
427.125	0.18
427.25	0.1808
427.375	0.1816
427.5	0.1776
427.625	0.1816
427.75	0.1823
427.875	0.1839
428.0	0.1839
428.125	0.1831
428.25	0.1839
428.375	0.1839
428.5	0.1823
428.625	0.1839
428.75	0.1871
428.875	0.1847
429.0	0.1847
429.125	0.1839
429.25	0.1855
429.375	0.1847
429.5	0.1863
429.625	0.1839
429.75	0.1839
429.875	0.1839
430.0	0.1839
430.125	0.1816
430.25	0.1831
430.375	0.1823
430.5	0.1831
430.625	0.1808
430.75	0.1831
430.875	0.1839
431.0	0.1808
431.125	0.1831
431.25	0.1839
431.375	0.1808
431.5	0.1847
431.625	0.1831
431.75	0.1823
431.875	0.1839
432.0	0.1839
432.125	0.1792
432.25	0.1816
432.375	0.1816
432.5	0.1823
432.625	0.1808
432.75	0.1831
432.875	0.1831
433.0	0.1816
433.125	0.1831
433.25	0.1831
433.375	0.1808
433.5	0.1847
433.625	0.1831
433.75	0.1816
433.875	0.1816
434.0	0.1839
434.125	0.1839
434.25	0.1839
434.375	0.1839
434.5	0.1831
434.625	0.1823
434.75	0.1823
434.875	0.1847
435.0	0.1847
435.125	0.1871
435.25	0.1847
435.375	0.1823
435.5	0.1855
435.625	0.1839
435.75	0.1808
435.875	0.1808
436.0	0.1839
436.125	0.1839
436.25	0.1816
436.375	0.1823
436.5	0.1831
436.625	0.1831
436.75	0.1816
436.875	0.1823
437.0	0.1831
437.125	0.1855
437.25	0.1847
437.375	0.1855
437.5	0.1839
437.625	0.1839
437.75	0.1831
437.875	0.1839
438.0	0.1878
438.125	0.1855
438.25	0.1816
438.375	0.1855
438.5	0.1855
438.625	0.1847
438.75	0.1855
438.875	0.1855
439.0	0.1878
439.125	0.1847
439.25	0.1823
439.375	0.1839
439.5	0.1855
439.625	0.1855
439.75	0.1847
439.875	0.1839
440.0	0.1839
440.125	0.1831
440.25	0.1855
440.375	0.1847
440.5	0.1863
440.625	0.1878
440.75	0.1839
440.875	0.1855
441.0	0.1871
441.125	0.1839
441.25	0.1839
441.375	0.1839
441.5	0.1847
441.625	0.1871
441.75	0.1855
441.875	0.1831
442.0	0.1855
442.125	0.1839
442.25	0.1823
442.375	0.1855
442.5	0.1839
442.625	0.1839
442.75	0.1886
442.875	0.1839
443.0	0.1831
443.125	0.1855
443.25	0.1847
443.375	0.1839
443.5	0.1847
443.625	0.1855
443.75	0.1831
443.875	0.1839
444.0	0.1871
444.125	0.1855
444.25	0.1831
444.375	0.1831
444.5	0.1839
444.625	0.1816
444.75	0.1808
444.875	0.1816
445.0	0.1831
445.125	0.1823
445.25	0.1839
445.375	0.18
445.5	0.1823
445.625	0.1823
445.75	0.1839
445.875	0.1863
446.0	0.1886
446.125	0.1886
446.25	0.1855
446.375	0.1839
446.5	0.1863
446.625	0.1871
446.75	0.1839
446.875	0.1855
447.0	0.1878
447.125	0.1871
447.25	0.1886
447.375	0.1886
447.5	0.1871
447.625	0.1863
447.75	0.1878
447.875	0.1878
448.0	0.1871
448.125	0.1871
448.25	0.1886
448.375	0.1839
448.5	0.1823
448.625	0.1831
448.75	0.1839
448.875	0.1847
449.0	0.1855
449.125	0.1847
449.25	0.1847
449.375	0.1855
449.5	0.1839
449.625	0.1878
449.75	0.1855
449.875	0.1878
450.0	0.1871
450.125	0.1878
450.25	0.1863
450.375	0.1871
450.5	0.1886
450.625	0.1871
450.75	0.1847
450.875	0.1847
451.0	0.1831
451.125	0.1831
451.25	0.1839
451.375	0.1823
451.5	0.1839
451.625	0.1839
451.75	0.1823
451.875	0.1839
452.0	0.1839
452.125	0.1831
452.25	0.1847
452.375	0.1871
452.5	0.1847
452.625	0.1823
452.75	0.169
452.875	0.1273
453.0	0.1155
453.125	0.1533
453.25	0.121
453.375	0.1823
453.5	0.1839
453.625	0.1839
453.75	0.1855
453.875	0.1847
454.0	0.1839
454.125	0.1823
454.25	0.18
454.375	0.1831
454.5	0.1839
454.625	0.1831
454.75	0.1831
454.875	0.1839
455.0	0.1847
455.125	0.1847
455.25	0.1847
455.375	0.1839
455.5	0.1816
455.625	0.1831
455.75	0.1839
455.875	0.1839
456.0	0.1839
456.125	0.1847
456.25	0.1855
456.375	0.1847
456.5	0.1863
456.625	0.1847
456.75	0.1855
456.875	0.1847
457.0	0.1839
457.125	0.1855
457.25	0.1823
457.375	0.1823
457.5	0.1839
457.625	0.1839
457.75	0.1855
457.875	0.1847
458.0	0.1839
458.125	0.1839
458.25	0.1839
458.375	0.1847
458.5	0.1847
458.625	0.1855
458.75	0.1871
458.875	0.1886
459.0	0.1886
459.125	0.1886
459.25	0.1894
459.375	0.1894
459.5	0.1886
459.625	0.1886
459.75	0.1886
459.875	0.1933
460.0	0.191
460.125	0.1918
460.25	0.191
460.375	0.191
460.5	0.1878
460.625	0.1886
460.75	0.1902
460.875	0.1902
461.0	0.1894
461.125	0.1886
461.25	0.1886
461.375	0.1878
461.5	0.1863
461.625	0.1886
461.75	0.1839
461.875	0.1855
462.0	0.1847
462.125	0.1839
462.25	0.1847
462.375	0.1855
462.5	0.1847
462.625	0.1839
462.75	0.1831
462.875	0.1823
463.0	0.1823
463.125	0.1792
463.25	0.1784
463.375	0.1768
463.5	0.1792
463.625	0.1776
463.75	0.1745
463.875	0.1768
464.0	0.1729
464.125	0.1729
464.25	0.1713
464.375	0.1745
464.5	0.1745
464.625	0.1737
464.75	0.1745
464.875	0.1792
465.0	0.1784
465.125	0.1729
465.25	0.1705
465.375	0.1745
465.5	0.1745
465.625	0.1745
465.75	0.18
465.875	0.1816
466.0	0.1792
466.125	0.1816
466.25	0.1808
466.375	0.1855
466.5	0.1878
466.625	0.1839
466.75	0.1831
466.875	0.1839
467.0	0.1816
467.125	0.1839
467.25	0.1839
467.375	0.1839
467.5	0.1855
467.625	0.1839
467.75	0.1878
467.875	0.1878
468.0	0.1886
468.125	0.1878
468.25	0.1855
468.375	0.1855
468.5	0.1839
468.625	0.1831
468.75	0.1792
468.875	0.1792
469.0	0.1808
469.125	0.1839
469.25	0.1792
469.375	0.1808
469.5	0.1816
469.625	0.1792
469.75	0.1792
469.875	0.1816
470.0	0.1847
470.125	0.1839
470.25	0.1823
470.375	0.1792
470.5	0.1761
470.625	0.1776
470.75	0.1792
470.875	0.1792
471.0	0.1792
471.125	0.18
471.25	0.1784
471.375	0.1792
471.5	0.18
471.625	0.1792
471.75	0.1823
471.875	0.1839
472.0	0.1855
472.125	0.1831
472.25	0.1831
472.375	0.1792
472.5	0.1784
472.625	0.18
472.75	0.1792
472.875	0.1816
473.0	0.1839
473.125	0.1839
473.25	0.1839
473.375	0.1831
473.5	0.18
473.625	0.18
473.75	0.1745
473.875	0.1753
474.0	0.1784
474.125	0.1831
474.25	0.1808
474.375	0.1792
474.5	0.1753
474.625	0.1745
474.75	0.18
474.875	0.1792
475.0	0.1808
475.125	0.18
475.25	0.1784
475.375	0.1776
475.5	0.1776
475.625	0.1768
475.75	0.1792
475.875	0.1768
476.0	0.1768
476.125	0.1776
476.25	0.1776
476.375	0.1784
476.5	0.1729
476.625	0.1721
476.75	0.1729
476.875	0.1745
477.0	0.1737
477.125	0.1713
477.25	0.1745
477.375	0.1761
477.5	0.1753
477.625	0.1737
477.75	0.1753
477.875	0.1792
478.0	0.1792
478.125	0.1792
478.25	0.1784
478.375	0.1768
478.5	0.1792
478.625	0.1761
478.75	0.1761
478.875	0.1721
479.0	0.1745
479.125	0.1784
479.25	0.1784
479.375	0.1776
479.5	0.1753
479.625	0.1745
479.75	0.1721
479.875	0.1745
480.0	0.1753
480.125	0.1745
480.25	0.1713
480.375	0.1729
480.5	0.1745
480.625	0.1745
480.75	0.1729
480.875	0.1729
481.0	0.1745
481.125	0.1761
481.25	0.1745
481.375	0.1721
481.5	0.1698
481.625	0.1737
481.75	0.1745
481.875	0.1768
482.0	0.1753
482.125	0.1721
482.25	0.1698
482.375	0.1698
482.5	0.1721
482.625	0.1705
482.75	0.1737
482.875	0.1753
483.0	0.1737
483.125	0.1737
483.25	0.1745
483.375	0.1753
483.5	0.1721
483.625	0.1509
483.75	0.1092
483.875	0.1588
484.0	0.1753
484.125	0.1768
484.25	0.1784
484.375	0.1753
484.5	0.1745
484.625	0.1721
484.75	0.1745
484.875	0.1729
485.0	0.1745
485.125	0.1745
485.25	0.1705
485.375	0.1698
485.5	0.1705
485.625	0.1698
485.75	0.1658
485.875	0.169
486.0	0.1713
486.125	0.1745
486.25	0.1674
486.375	0.1666
486.5	0.169
486.625	0.165
486.75	0.1698
486.875	0.1674
487.0	0.1658
487.125	0.1674
487.25	0.169
487.375	0.1698
487.5	0.1698
487.625	0.1698
487.75	0.1698
487.875	0.1698
488.0	0.1698
488.125	0.169
488.25	0.1658
488.375	0.1682
488.5	0.1666
488.625	0.1666
488.75	0.169
488.875	0.169
489.0	0.1674
489.125	0.1658
489.25	0.165
489.375	0.165
489.5	0.165
489.625	0.165
489.75	0.165
489.875	0.1666
490.0	0.1658
490.125	0.1658
490.25	0.165
490.375	0.1635
490.5	0.1643
490.625	0.1635
490.75	0.165
490.875	0.165
491.0	0.165
491.125	0.165
491.25	0.165
491.375	0.165
491.5	0.165
491.625	0.165
491.75	0.1619
491.875	0.1635
492.0	0.1603
492.125	0.1619
492.25	0.1627
492.375	0.1619
492.5	0.1603
492.625	0.1603
492.75	0.1635
492.875	0.1611
493.0	0.1603
493.125	0.1603
493.25	0.1603
493.375	0.1603
493.5	0.1635
493.625	0.1595
493.75	0.1619
493.875	0.1595
494.0	0.1619
494.125	0.1588
494.25	0.1588
494.375	0.1564
494.5	0.1556
494.625	0.1556
494.75	0.1556
494.875	0.154
495.0	0.1533
495.125	0.1533
495.25	0.1525
495.375	0.1556
495.5	0.1548
495.625	0.1548
495.75	0.1556
495.875	0.1556
496.0	0.1564
496.125	0.1603
496.25	0.1603
496.375	0.1603
496.5	0.1572
496.625	0.1556
496.75	0.158
496.875	0.1556
497.0	0.1556
497.125	0.1588
497.25	0.158
497.375	0.1588
497.5	0.158
497.625	0.1603
497.75	0.1588
497.875	0.1588
498.0	0.1603
498.125	0.1603
498.25	0.1603
498.375	0.1588
498.5	0.1603
498.625	0.1588
498.75	0.1572
498.875	0.1603
499.0	0.1564
499.125	0.1556
499.25	0.158
499.375	0.158
499.5	0.1572
499.625	0.1603
499.75	0.1611
499.875	0.1588
500.0	0.1588
500.125	0.1564
500.25	0.1564
500.375	0.158
500.5	0.1588
500.625	0.1603
500.75	0.1556
500.875	0.1572
501.0	0.1588
501.125	0.1603
501.25	0.1603
501.375	0.1595
501.5	0.1572
501.625	0.1603
501.75	0.1595
501.875	0.158
502.0	0.158
502.125	0.1619
502.25	0.1564
502.375	0.1572
502.5	0.154
502.625	0.1572
502.75	0.1595
502.875	0.1595
503.0	0.1603
503.125	0.154
503.25	0.1509
503.375	0.1556
503.5	0.1509
503.625	0.1517
503.75	0.1509
503.875	0.1501
504.0	0.1509
504.125	0.1509
504.25	0.1509
504.375	0.143
504.5	0.1415
504.625	0.1415
504.75	0.1446
504.875	0.1415
505.0	0.1415
505.125	0.1391
505.25	0.1375
505.375	0.1415
505.5	0.1399
505.625	0.143
505.75	0.1438
505.875	0.147
506.0	0.1454
506.125	0.1477
506.25	0.147
506.375	0.147
506.5	0.1501
506.625	0.1493
506.75	0.1462
506.875	0.1446
507.0	0.1438
507.125	0.143
507.25	0.1446
507.375	0.1446
507.5	0.1446
507.625	0.1438
507.75	0.1454
507.875	0.1422
508.0	0.1446
508.125	0.143
508.25	0.1462
508.375	0.1454
508.5	0.1454
508.625	0.1446
508.75	0.1454
508.875	0.143
509.0	0.1446
509.125	0.1438
509.25	0.1438
509.375	0.1415
509.5	0.1462
509.625	0.1415
509.75	0.1367
509.875	0.132
510.0	0.1297
510.125	0.132
510.25	0.1312
510.375	0.1289
510.5	0.132
510.625	0.132
510.75	0.132
510.875	0.132
511.0	0.1367
511.125	0.1352
511.25	0.136
511.375	0.136
511.5	0.136
511.625	0.1367
511.75	0.1383
511.875	0.1391
512.0	0.1367
512.125	0.1415
512.25	0.1438
512.375	0.143
512.5	0.1438
512.625	0.1462
512.75	0.1462
512.875	0.1493
513.0	0.1485
513.125	0.147
513.25	0.1477
513.375	0.1493
513.5	0.147
513.625	0.1509
513.75	0.1525
513.875	0.1556
514.0	0.1509
514.125	0.1509
514.25	0.1509
514.375	0.1525
514.5	0.1533
514.625	0.1556
514.75	0.1509
514.875	0.1509
515.0	0.1509
515.125	0.1509
515.25	0.1548
515.375	0.154
515.5	0.1533
515.625	0.1548
515.75	0.1548
515.875	0.1564
516.0	0.154
516.125	0.1509
516.25	0.1533
516.375	0.1556
516.5	0.158
516.625	0.1603
516.75	0.1556
516.875	0.154
517.0	0.1556
517.125	0.1556
517.25	0.1517
517.375	0.1509
517.5	0.1509
517.625	0.1501
517.75	0.1509
517.875	0.1501
518.0	0.1477
518.125	0.147
518.25	0.1477
518.375	0.1477
518.5	0.147
518.625	0.1462
518.75	0.1493
518.875	0.1477
519.0	0.1462
519.125	0.1477
519.25	0.1462
519.375	0.147
519.5	0.1462
519.625	0.1501
519.75	0.1454
519.875	0.1501
520.0	0.1485
520.125	0.1509
520.25	0.147
520.375	0.1462
520.5	0.1462
520.625	0.147
520.75	0.1462
520.875	0.1462
521.0	0.1462
521.125	0.1477
521.25	0.1415
521.375	0.1415
521.5	0.1422
521.625	0.143
521.75	0.143
521.875	0.1446
522.0	0.1462
522.125	0.1485
522.25	0.1509
522.375	0.1509
522.5	0.1509
522.625	0.1485
522.75	0.1477
522.875	0.1422
523.0	0.1422
523.125	0.1407
523.25	0.1383
523.375	0.1399
523.5	0.1438
523.625	0.1422
523.75	0.1336
523.875	0.1281
524.0	0.1328
524.125	0.1281
524.25	0.1273
524.375	0.1242
524.5	0.132
524.625	0.1336
524.75	0.1336
524.875	0.1352
525.0	0.1407
525.125	0.1391
525.25	0.1375
525.375	0.1407
525.5	0.1407
525.625	0.1383
525.75	0.1383
525.875	0.1375
526.0	0.1391
526.125	0.1383
526.25	0.1375
526.375	0.1367
526.5	0.1391
526.625	0.1297
526.75	0.1061
526.875	0.1171
527.0	0.1399
527.125	0.1415
527.25	0.1415
527.375	0.1399
527.5	0.1375
527.625	0.1375
527.75	0.1399
527.875	0.1375
528.0	0.1415
528.125	0.1415
528.25	0.1415
528.375	0.1407
528.5	0.143
528.625	0.143
528.75	0.1462
528.875	0.1438
529.0	0.1438
529.125	0.143
529.25	0.1454
529.375	0.1462
529.5	0.1422
529.625	0.1407
529.75	0.1422
529.875	0.143
530.0	0.1462
530.125	0.1438
530.25	0.1422
530.375	0.1415
530.5	0.1415
530.625	0.1391
530.75	0.1415
530.875	0.1415
531.0	0.1399
531.125	0.1415
531.25	0.1407
531.375	0.1422
531.5	0.1399
531.625	0.1391
531.75	0.1407
531.875	0.1415
532.0	0.1438
532.125	0.1446
532.25	0.1462
532.375	0.1462
532.5	0.1422
532.625	0.1438
532.75	0.1454
532.875	0.1415
533.0	0.1415
533.125	0.1422
533.25	0.1438
533.375	0.1415
533.5	0.1415
533.625	0.1336
533.75	0.1069
533.875	0.0943
534.0	0.1163
534.125	0.1383
534.25	0.1415
534.375	0.1415
534.5	0.1415
534.625	0.1383
534.75	0.1375
534.875	0.1407
535.0	0.1399
535.125	0.1383
535.25	0.1399
535.375	0.1415
535.5	0.1407
535.625	0.1407
535.75	0.1415
535.875	0.1415
536.0	0.1415
536.125	0.1415
536.25	0.1422
536.375	0.143
536.5	0.1415
536.625	0.1399
536.75	0.1422
536.875	0.1415
537.0	0.1399
537.125	0.1415
537.25	0.1399
537.375	0.1415
537.5	0.1438
537.625	0.1407
537.75	0.1399
537.875	0.1407
538.0	0.1415
538.125	0.1399
538.25	0.1407
538.375	0.1407
538.5	0.1415
538.625	0.1422
538.75	0.143
538.875	0.1415
539.0	0.1415
539.125	0.1391
539.25	0.1375
539.375	0.1415
539.5	0.1415
539.625	0.143
539.75	0.1454
539.875	0.143
540.0	0.1454
540.125	0.1477
540.25	0.1509
540.375	0.1501
540.5	0.1422
540.625	0.1399
540.75	0.1399
540.875	0.1391
541.0	0.1375
541.125	0.1415
541.25	0.1383
541.375	0.1383
541.5	0.1375
541.625	0.1375
541.75	0.1383
541.875	0.1383
542.0	0.1383
542.125	0.1375
542.25	0.1367
542.375	0.1352
542.5	0.1367
542.625	0.1415
542.75	0.1462
542.875	0.1493
543.0	0.1462
543.125	0.1501
543.25	0.1509
543.375	0.1595
543.5	0.1548
543.625	0.132
543.75	0.1124
543.875	0.1344
544.0	0.1438
544.125	0.1485
544.25	0.1477
544.375	0.1462
544.5	0.1438
544.625	0.1462
544.75	0.1454
544.875	0.1407
545.0	0.1422
545.125	0.1462
545.25	0.147
545.375	0.1462
545.5	0.1501
545.625	0.1462
545.75	0.1462
545.875	0.1501
546.0	0.1501
546.125	0.1462
546.25	0.1407
546.375	0.1391
546.5	0.1485
546.625	0.1509
546.75	0.1517
546.875	0.1462
547.0	0.1446
547.125	0.1446
547.25	0.1454
547.375	0.1422
547.5	0.1454
547.625	0.1438
547.75	0.1509
547.875	0.1493
548.0	0.1485
548.125	0.1485
548.25	0.1477
548.375	0.147
548.5	0.1493
548.625	0.1501
548.75	0.1477
548.875	0.1477
549.0	0.1462
549.125	0.1477
549.25	0.1462
549.375	0.1462
549.5	0.1462
549.625	0.147
549.75	0.1462
549.875	0.1462
550.0	0.1454
550.125	0.1438
550.25	0.1446
550.375	0.1485
550.5	0.1493
550.625	0.1462
550.75	0.1446
550.875	0.1462
551.0	0.1415
551.125	0.1438
551.25	0.143
551.375	0.143
551.5	0.143
551.625	0.1446
551.75	0.1438
551.875	0.1415
552.0	0.1407
552.125	0.1399
552.25	0.1422
552.375	0.143
552.5	0.1407
552.625	0.1415
552.75	0.1399
552.875	0.1383
553.0	0.1407
553.125	0.1383
553.25	0.1226
553.375	0.0998
553.5	0.1187
553.625	0.1415
553.75	0.1415
553.875	0.1422
554.0	0.1415
554.125	0.1415
554.25	0.1415
554.375	0.143
554.5	0.1422
554.625	0.1415
554.75	0.1415
554.875	0.1415
555.0	0.143
555.125	0.1415
555.25	0.1415
555.375	0.1415
555.5	0.1415
555.625	0.1415
555.75	0.1415
555.875	0.1422
556.0	0.1415
556.125	0.1462
556.25	0.1415
556.375	0.1438
556.5	0.1422
556.625	0.143
556.75	0.1415
556.875	0.143
557.0	0.1391
557.125	0.1407
557.25	0.143
557.375	0.1415
557.5	0.1415
557.625	0.1438
557.75	0.1454
557.875	0.1415
558.0	0.1422
558.125	0.1462
558.25	0.1493
558.375	0.1462
558.5	0.143
558.625	0.1422
558.75	0.1446
558.875	0.1454
559.0	0.1415
559.125	0.1422
559.25	0.1415
559.375	0.1422
559.5	0.1415
559.625	0.1422
559.75	0.1422
559.875	0.1438
560.0	0.1462
560.125	0.1454
560.25	0.1462
560.375	0.1462
560.5	0.1454
560.625	0.147
560.75	0.1462
560.875	0.1462
561.0	0.1462
561.125	0.1462
561.25	0.1462
561.375	0.1462
561.5	0.1454
561.625	0.1438
561.75	0.1446
561.875	0.1462
562.0	0.1462
562.125	0.1462
562.25	0.1446
562.375	0.1438
562.5	0.143
562.625	0.1415
562.75	0.1415
562.875	0.1415
563.0	0.1415
563.125	0.1415
563.25	0.1407
563.375	0.143
563.5	0.1407
563.625	0.143
563.75	0.1415
563.875	0.1415
564.0	0.1407
564.125	0.1399
564.25	0.1375
564.375	0.1383
564.5	0.1415
564.625	0.1415
564.75	0.1399
564.875	0.1438
565.0	0.1415
565.125	0.1415
565.25	0.1367
565.375	0.1367
565.5	0.1407
565.625	0.1367
565.75	0.1367
565.875	0.1367
566.0	0.1367
566.125	0.1367
566.25	0.1383
566.375	0.1399
566.5	0.1399
566.625	0.1367
566.75	0.1399
566.875	0.1391
567.0	0.1367
567.125	0.1352
567.25	0.1352
567.375	0.1328
567.5	0.1336
567.625	0.132
567.75	0.132
567.875	0.1336
568.0	0.136
568.125	0.1328
568.25	0.1328
568.375	0.1336
568.5	0.132
568.625	0.136
568.75	0.1367
568.875	0.132
569.0	0.136
569.125	0.132
569.25	0.1328
569.375	0.132
569.5	0.132
569.625	0.1344
569.75	0.1344
569.875	0.1383
570.0	0.1391
570.125	0.1367
570.25	0.1383
570.375	0.1407
570.5	0.1407
570.625	0.1415
570.75	0.1446
570.875	0.1454
571.0	0.1438
571.125	0.1446
571.25	0.1446
571.375	0.143
571.5	0.1454
571.625	0.1462
571.75	0.1446
571.875	0.1415
572.0	0.1415
572.125	0.1407
572.25	0.143
572.375	0.1422
572.5	0.1422
572.625	0.1454
572.75	0.147
572.875	0.1477
573.0	0.1462
573.125	0.147
573.25	0.1509
573.375	0.1525
573.5	0.1556
573.625	0.1556
573.75	0.1548
573.875	0.1517
574.0	0.1509
574.125	0.143
574.25	0.1399
574.375	0.1391
574.5	0.1383
574.625	0.1399
574.75	0.1415
574.875	0.1407
575.0	0.1415
575.125	0.1438
575.25	0.1446
575.375	0.1462
575.5	0.1477
575.625	0.147
575.75	0.1446
575.875	0.1446
576.0	0.1446
576.125	0.1446
576.25	0.1462
576.375	0.147
576.5	0.1422
576.625	0.1415
576.75	0.132
576.875	0.1147
577.0	0.1037
577.125	0.1257
577.25	0.1399
577.375	0.1375
577.5	0.1391
577.625	0.1367
577.75	0.1344
577.875	0.1352
578.0	0.1344
578.125	0.1344
578.25	0.1352
578.375	0.136
578.5	0.1344
578.625	0.1407
578.75	0.1391
578.875	0.1367
579.0	0.136
579.125	0.1383
579.25	0.1415
579.375	0.1367
579.5	0.1367
579.625	0.1391
579.75	0.1367
579.875	0.136
580.0	0.1367
580.125	0.136
580.25	0.1375
580.375	0.1375
580.5	0.1391
580.625	0.1375
580.75	0.1407
580.875	0.1415
581.0	0.1383
581.125	0.1415
581.25	0.1407
581.375	0.1407
581.5	0.1415
581.625	0.1415
581.75	0.1399
581.875	0.1367
582.0	0.1415
582.125	0.1415
582.25	0.1415
582.375	0.1422
582.5	0.1422
582.625	0.1415
582.75	0.1415
582.875	0.1415
583.0	0.1415
583.125	0.1391
583.25	0.1375
583.375	0.1399
583.5	0.1399
583.625	0.1415
583.75	0.1399
583.875	0.1462
584.0	0.1454
584.125	0.1462
584.25	0.1454
584.375	0.1446
584.5	0.1446
584.625	0.1462
584.75	0.1446
584.875	0.1446
585.0	0.143
585.125	0.1438
585.25	0.1454
585.375	0.1477
585.5	0.1485
585.625	0.1477
585.75	0.1462
585.875	0.1454
586.0	0.1477
586.125	0.1517
586.25	0.1477
586.375	0.1454
586.5	0.1462
586.625	0.1477
586.75	0.1509
586.875	0.1501
587.0	0.154
587.125	0.1501
587.25	0.1509
587.375	0.1509
587.5	0.1509
587.625	0.1509
587.75	0.1509
587.875	0.1493
588.0	0.1509
588.125	0.1501
588.25	0.1493
588.375	0.1477
588.5	0.1493
588.625	0.1462
588.75	0.1477
588.875	0.154
589.0	0.1533
589.125	0.1517
589.25	0.1509
589.375	0.147
589.5	0.147
589.625	0.1438
589.75	0.1399
589.875	0.1407
590.0	0.1383
590.125	0.1391
590.25	0.1422
590.375	0.1383
590.5	0.132
590.625	0.1344
590.75	0.1328
590.875	0.1312
591.0	0.1281
591.125	0.1242
591.25	0.1147
591.375	0.1171
591.5	0.1037
591.625	0.1226
591.75	0.1312
591.875	0.147
592.0	0.147
592.125	0.1533
592.25	0.1446
592.375	0.1454
592.5	0.1336
592.625	0.1297
592.75	0.132
592.875	0.1289
593.0	0.1265
593.125	0.1273
593.25	0.1289
593.375	0.1297
593.5	0.1312
593.625	0.1312
593.75	0.1328
593.875	0.1297
594.0	0.132
594.125	0.136
594.25	0.1422
594.375	0.1407
594.5	0.1422
594.625	0.1415
594.75	0.1391
594.875	0.132
595.0	0.1336
595.125	0.136
595.25	0.1328
595.375	0.1328
595.5	0.1328
595.625	0.132
595.75	0.1312
595.875	0.132
596.0	0.132
596.125	0.1312
596.25	0.132
596.375	0.1344
596.5	0.1344
596.625	0.1305
596.75	0.132
596.875	0.1336
597.0	0.1312
597.125	0.132
597.25	0.132
597.375	0.1336
597.5	0.1328
597.625	0.132
597.75	0.1328
597.875	0.1328
598.0	0.1336
598.125	0.132
598.25	0.1352
598.375	0.132
598.5	0.1312
598.625	0.1328
598.75	0.1391
598.875	0.143
599.0	0.143
599.125	0.1454
599.25	0.1454
599.375	0.1446
599.5	0.1485
599.625	0.1548
599.75	0.1462
599.875	0.1509
600.0	0.1517
600.125	0.1517
600.25	0.1493
600.375	0.143
600.5	0.1336
600.625	0.1289
600.75	0.1273
600.875	0.1265
601.0	0.1312
601.125	0.132
601.25	0.132
601.375	0.1344
601.5	0.1352
601.625	0.1367
601.75	0.136
601.875	0.132
602.0	0.132
602.125	0.1312
602.25	0.132
602.375	0.132
602.5	0.132
602.625	0.132
602.75	0.132
602.875	0.132
603.0	0.1305
603.125	0.1281
603.25	0.1305
603.375	0.1281
603.5	0.1281
603.625	0.1257
603.75	0.1273
603.875	0.1265
604.0	0.1281
604.125	0.1281
604.25	0.1265
604.375	0.1257
604.5	0.125
604.625	0.1273
604.75	0.1234
604.875	0.125
605.0	0.1242
605.125	0.1257
605.25	0.1265
605.375	0.1281
605.5	0.1273
605.625	0.1273
605.75	0.1289
605.875	0.1242
606.0	0.1226
606.125	0.1202
606.25	0.1202
606.375	0.1202
606.5	0.1226
606.625	0.1242
606.75	0.1226
606.875	0.1257
607.0	0.1242
607.125	0.121
607.25	0.121
607.375	0.121
607.5	0.1226
607.625	0.121
607.75	0.1187
607.875	0.121
608.0	0.1226
608.125	0.1226
608.25	0.125
608.375	0.1257
608.5	0.1242
608.625	0.125
608.75	0.125
608.875	0.1273
609.0	0.1242
609.125	0.1265
609.25	0.125
609.375	0.1242
609.5	0.125
609.625	0.1257
609.75	0.1234
609.875	0.1234
610.0	0.1242
610.125	0.125
610.25	0.1273
610.375	0.1273
610.5	0.1273
610.625	0.1242
610.75	0.1281
610.875	0.1273
611.0	0.1273
611.125	0.1242
611.25	0.125
611.375	0.1242
611.5	0.1194
611.625	0.1194
611.75	0.1226
611.875	0.1218
612.0	0.1218
612.125	0.1053
612.25	0.1053
612.375	0.1226
612.5	0.125
612.625	0.1265
612.75	0.1273
612.875	0.1242
613.0	0.1226
613.125	0.1273
613.25	0.1273
613.375	0.1234
613.5	0.1257
613.625	0.1273
613.75	0.1281
613.875	0.1281
614.0	0.1273
614.125	0.1234
614.25	0.1226
614.375	0.121
614.5	0.1226
614.625	0.1226
614.75	0.1226
614.875	0.125
615.0	0.1234
615.125	0.1218
615.25	0.1218
615.375	0.121
615.5	0.1226
615.625	0.1265
615.75	0.1273
615.875	0.1234
616.0	0.1242
616.125	0.1265
616.25	0.1234
616.375	0.121
616.5	0.1257
616.625	0.1273
616.75	0.1281
616.875	0.1257
617.0	0.1265
617.125	0.125
617.25	0.121
617.375	0.1226
617.5	0.1187
617.625	0.125
617.75	0.1179
617.875	0.1226
618.0	0.1218
618.125	0.1242
618.25	0.1226
618.375	0.1218
618.5	0.1226
618.625	0.1218
618.75	0.1147
618.875	0.1014
619.0	0.0935
619.125	0.1092
619.25	0.1218
619.375	0.1234
619.5	0.121
619.625	0.1257
619.75	0.1265
619.875	0.1226
620.0	0.1242
620.125	0.1242
620.25	0.125
620.375	0.1226
620.5	0.125
620.625	0.1273
620.75	0.1257
620.875	0.125
621.0	0.1202
621.125	0.1194
621.25	0.121
621.375	0.1218
621.5	0.1194
621.625	0.1202
621.75	0.1194
621.875	0.1187
622.0	0.1218
622.125	0.1226
622.25	0.1218
622.375	0.121
622.5	0.1234
622.625	0.1234
622.75	0.1226
622.875	0.1234
623.0	0.1265
623.125	0.1257
623.25	0.1226
623.375	0.125
623.5	0.1265
623.625	0.1273
623.75	0.1257
623.875	0.1281
624.0	0.1273
624.125	0.1312
624.25	0.1273
624.375	0.1265
624.5	0.1242
624.625	0.1265
624.75	0.1257
624.875	0.1234
625.0	0.1234
625.125	0.1202
625.25	0.1226
625.375	0.1226
625.5	0.1234
625.625	0.1242
625.75	0.1234
625.875	0.1226
626.0	0.1202
626.125	0.1234
626.25	0.1226
626.375	0.121
626.5	0.1218
626.625	0.1179
626.75	0.1194
626.875	0.1202
627.0	0.121
627.125	0.1226
627.25	0.1179
627.375	0.1187
627.5	0.1179
627.625	0.1194
627.75	0.1218
627.875	0.1218
628.0	0.1226
628.125	0.1218
628.25	0.121
628.375	0.1226
628.5	0.1226
628.625	0.1226
628.75	0.1234
628.875	0.125
629.0	0.125
629.125	0.1265
629.25	0.1226
629.375	0.1226
629.5	0.1014
629.625	0.1061
629.75	0.1171
629.875	0.1179
630.0	0.1202
630.125	0.1218
630.25	0.1226
630.375	0.1234
630.5	0.1226
630.625	0.1234
630.75	0.1234
630.875	0.121
631.0	0.1257
631.125	0.1218
631.25	0.1226
631.375	0.1226
631.5	0.1226
631.625	0.121
631.75	0.1226
631.875	0.1226
632.0	0.1226
632.125	0.1226
632.25	0.1234
632.375	0.1218
632.5	0.1257
632.625	0.121
632.75	0.1194
632.875	0.1202
633.0	0.1226
633.125	0.1226
633.25	0.1218
633.375	0.1202
633.5	0.1226
633.625	0.1226
633.75	0.1179
633.875	0.1218
634.0	0.1226
634.125	0.1202
634.25	0.121
634.375	0.1187
634.5	0.1202
634.625	0.1226
634.75	0.121
634.875	0.1226
635.0	0.1257
635.125	0.1265
635.25	0.1226
635.375	0.1226
635.5	0.1257
635.625	0.1257
635.75	0.125
635.875	0.1234
636.0	0.1242
636.125	0.1226
636.25	0.125
636.375	0.125
636.5	0.1226
636.625	0.1257
636.75	0.1265
636.875	0.1242
637.0	0.1226
637.125	0.1242
637.25	0.1226
637.375	0.1265
637.5	0.1234
637.625	0.1226
637.75	0.1234
637.875	0.1226
638.0	0.1218
638.125	0.1226
638.25	0.1226
638.375	0.1257
638.5	0.1242
638.625	0.125
638.75	0.1234
638.875	0.121
639.0	0.1226
639.125	0.1234
639.25	0.1265
639.375	0.1234
639.5	0.1234
639.625	0.1234
639.75	0.1226
639.875	0.125
640.0	0.1273
640.125	0.1273
640.25	0.1273
640.375	0.1265
640.5	0.125
640.625	0.1273
640.75	0.1273
640.875	0.1273
641.0	0.132
641.125	0.132
641.25	0.1297
641.375	0.1281
641.5	0.1297
641.625	0.1305
641.75	0.1305
641.875	0.1312
642.0	0.1312
642.125	0.132
642.25	0.132
642.375	0.132
642.5	0.132
642.625	0.1328
642.75	0.132
642.875	0.132
643.0	0.132
643.125	0.1328
643.25	0.1328
643.375	0.132
643.5	0.1305
643.625	0.1312
643.75	0.132
643.875	0.1281
644.0	0.1312
644.125	0.1312
644.25	0.1312
644.375	0.1312
644.5	0.1281
644.625	0.1281
644.75	0.1305
644.875	0.132
645.0	0.1312
645.125	0.132
645.25	0.1328
645.375	0.1312
645.5	0.1305
645.625	0.132
645.75	0.132
645.875	0.132
646.0	0.132
646.125	0.1297
646.25	0.1328
646.375	0.136
646.5	0.1352
646.625	0.1336
646.75	0.1367
646.875	0.1367
647.0	0.1344
647.125	0.1328
647.25	0.1328
647.375	0.132
647.5	0.132
647.625	0.1336
647.75	0.1328
647.875	0.1352
648.0	0.1336
648.125	0.136
648.25	0.1305
648.375	0.132
648.5	0.1312
648.625	0.1257
648.75	0.1273
648.875	0.1273
649.0	0.132
649.125	0.132
649.25	0.1328
649.375	0.136
649.5	0.1328
649.625	0.1328
649.75	0.1352
649.875	0.1367
650.0	0.1328
650.125	0.1328
650.25	0.1336
650.375	0.132
650.5	0.1336
650.625	0.1336
650.75	0.1305
650.875	0.1312
651.0	0.132
651.125	0.132
651.25	0.132
651.375	0.1305
651.5	0.132
651.625	0.132
651.75	0.132
651.875	0.132
652.0	0.132
652.125	0.132
652.25	0.132
652.375	0.1336
652.5	0.132
652.625	0.1336
652.75	0.132
652.875	0.132
653.0	0.1328
653.125	0.1344
653.25	0.1336
653.375	0.1352
653.5	0.1352
653.625	0.1375
653.75	0.1328
653.875	0.1336
654.0	0.1367
654.125	0.1407
654.25	0.1383
654.375	0.1344
654.5	0.1367
654.625	0.136
654.75	0.1367
654.875	0.1367
655.0	0.1367
655.125	0.1375
655.25	0.1391
655.375	0.1407
655.5	0.1383
655.625	0.1407
655.75	0.1407
655.875	0.1407
656.0	0.143
656.125	0.1438
656.25	0.1415
656.375	0.1415
656.5	0.143
656.625	0.1446
656.75	0.1462
656.875	0.143
657.0	0.143
657.125	0.1477
657.25	0.1462
657.375	0.1454
657.5	0.1462
657.625	0.1485
657.75	0.1477
657.875	0.1477
658.0	0.1477
658.125	0.1485
658.25	0.1493
658.375	0.1462
658.5	0.1485
658.625	0.1493
658.75	0.1462
658.875	0.147
659.0	0.1462
659.125	0.1477
659.25	0.1501
659.375	0.1501
659.5	0.1493
659.625	0.1477
659.75	0.1501
659.875	0.1493
660.0	0.1485
660.125	0.1485
660.25	0.1454
660.375	0.1462
660.5	0.1485
660.625	0.1525
660.75	0.1501
660.875	0.1509
661.0	0.1509
661.125	0.1517
661.25	0.1548
661.375	0.1517
661.5	0.1548
661.625	0.1533
661.75	0.1517
661.875	0.1548
662.0	0.1556
662.125	0.1517
662.25	0.1533
662.375	0.158
662.5	0.158
662.625	0.1595
662.75	0.1564
662.875	0.1572
663.0	0.158
663.125	0.1564
663.25	0.1603
663.375	0.1603
663.5	0.1603
663.625	0.1603
663.75	0.1603
663.875	0.1611
664.0	0.1595
664.125	0.1635
664.25	0.165
664.375	0.1643
664.5	0.1627
664.625	0.1635
664.75	0.165
664.875	0.1635
665.0	0.1635
665.125	0.1611
665.25	0.165
665.375	0.1643
665.5	0.165
665.625	0.165
665.75	0.165
665.875	0.1643
666.0	0.165
666.125	0.1658
666.25	0.1658
666.375	0.169
666.5	0.1674
666.625	0.1674
666.75	0.169
666.875	0.1674
667.0	0.1698
667.125	0.1698
667.25	0.1713
667.375	0.1698
667.5	0.1713
667.625	0.1698
667.75	0.1713
667.875	0.1713
668.0	0.1721
668.125	0.1721
668.25	0.1713
668.375	0.1729
668.5	0.1745
668.625	0.1753
668.75	0.1745
668.875	0.1729
669.0	0.1705
669.125	0.1761
669.25	0.1753
669.375	0.1753
669.5	0.1792
669.625	0.18
669.75	0.1792
669.875	0.1761
670.0	0.1792
670.125	0.1808
670.25	0.18
670.375	0.18
670.5	0.1792
670.625	0.18
670.75	0.1816
670.875	0.1823
671.0	0.1847
671.125	0.1839
671.25	0.1839
671.375	0.1839
671.5	0.1863
671.625	0.1871
671.75	0.1863
671.875	0.1863
672.0	0.1847
672.125	0.1855
672.25	0.1886
672.375	0.1886
672.5	0.1918
672.625	0.1886
672.75	0.1886
672.875	0.1918
673.0	0.191
673.125	0.1941
673.25	0.1933
673.375	0.1957
673.5	0.1981
673.625	0.1957
673.75	0.1957
673.875	0.1957
674.0	0.1981
674.125	0.1981
674.25	0.1988
674.375	0.1988
674.5	0.1981
674.625	0.1973
674.75	0.1981
674.875	0.2004
675.0	0.202
675.125	0.202
675.25	0.1965
675.375	0.1871
675.5	0.1784
675.625	0.1666
675.75	0.1556
675.875	0.143
676.0	0.132
676.125	0.1281
676.25	0.1234
676.375	0.1257
676.5	0.1273
676.625	0.121
676.75	0.1344
676.875	0.1415
677.0	0.1399
677.125	0.1344
677.25	0.1273
677.375	0.1226
677.5	0.1226
677.625	0.1257
677.75	0.125
677.875	0.1218
678.0	0.121
678.125	0.1218
678.25	0.1194
678.375	0.1226
678.5	0.1218
678.625	0.121
678.75	0.1194
678.875	0.121
679.0	0.121
679.125	0.1257
679.25	0.132
679.375	0.1407
679.5	0.1375
679.625	0.1273
679.75	0.1273
679.875	0.1344
680.0	0.1352
680.125	0.1265
680.25	0.1312
680.375	0.1407
680.5	0.1367
680.625	0.1375
680.75	0.132
680.875	0.1336
681.0	0.1328
681.125	0.1328
681.25	0.132
681.375	0.1328
681.5	0.1352
681.625	0.1422
681.75	0.1422
681.875	0.1407
682.0	0.1407
682.125	0.143
682.25	0.1438
682.375	0.1367
682.5	0.1407
682.625	0.1367
682.75	0.1367
682.875	0.1336
683.0	0.1344
683.125	0.1328
683.25	0.132
683.375	0.132
683.5	0.132
683.625	0.1305
683.75	0.132
683.875	0.1305
684.0	0.1289
684.125	0.1289
684.25	0.132
684.375	0.1273
684.5	0.1273
684.625	0.132
684.75	0.132
684.875	0.1289
685.0	0.1273
685.125	0.1281
685.25	0.1273
685.375	0.1297
685.5	0.1289
685.625	0.1289
685.75	0.1297
685.875	0.1273
686.0	0.1281
686.125	0.1289
686.25	0.1289
686.375	0.1312
686.5	0.1281
686.625	0.1305
686.75	0.1273
686.875	0.1242
687.0	0.1273
687.125	0.1242
687.25	0.1265
687.375	0.1297
687.5	0.1289
687.625	0.1273
687.75	0.1257
687.875	0.125
688.0	0.1273
688.125	0.1257
688.25	0.1202
688.375	0.1116
688.5	0.121
688.625	0.1375
688.75	0.1383
688.875	0.132
689.0	0.1352
689.125	0.1415
689.25	0.1407
689.375	0.1399
689.5	0.1391
689.625	0.143
689.75	0.1422
689.875	0.1446
690.0	0.1375
690.125	0.1194
690.25	0.1139
690.375	0.1139
690.5	0.1226
690.625	0.1265
690.75	0.1242
690.875	0.1234
691.0	0.1226
691.125	0.1257
691.25	0.1297
691.375	0.1234
691.5	0.1242
691.625	0.1257
691.75	0.125
691.875	0.1273
692.0	0.1132
692.125	0.1187
692.25	0.1226
692.375	0.1116
692.5	0.1163
692.625	0.1147
692.75	0.1014
692.875	0.0943
693.0	0.0951
693.125	0.0896
693.25	0.0919
693.375	0.0888
693.5	0.0904
693.625	0.0896
693.75	0.0927
693.875	0.0888
694.0	0.0896
694.125	0.0935
694.25	0.0959
694.375	0.0959
694.5	0.0943
694.625	0.0943
694.75	0.0919
694.875	0.0904
695.0	0.1037
695.125	0.1234
695.25	0.1265
695.375	0.0959
695.5	0.0951
695.625	0.1014
695.75	0.1179
695.875	0.1336
696.0	0.1328
696.125	0.136
696.25	0.1163
696.375	0.099
696.5	0.099
696.625	0.1092
696.75	0.1147
696.875	0.1226
697.0	0.1234
697.125	0.1226
697.25	0.1061
697.375	0.1006
697.5	0.0966
697.625	0.1045
697.75	0.1092
697.875	0.1242
698.0	0.1242
698.125	0.1242
698.25	0.11
698.375	0.1022
698.5	0.0974
698.625	0.0919
698.75	0.1061
698.875	0.1179
699.0	0.1281
699.125	0.1312
699.25	0.1312
699.375	0.1297
699.5	0.1194
699.625	0.1147
699.75	0.1124
699.875	0.1132
700.0	0.1139
700.125	0.1147
700.25	0.1132
700.375	0.1147
700.5	0.1194
700.625	0.1163
700.75	0.1124
700.875	0.1084
701.0	0.1132
701.125	0.11
701.25	0.1108
701.375	0.1092
701.5	0.1084
701.625	0.1084
701.75	0.1084
701.875	0.11
702.0	0.1092
702.125	0.1077
702.25	0.1084
702.375	0.1084
702.5	0.11
702.625	0.1108
702.75	0.11
702.875	0.1132
703.0	0.11
703.125	0.1124
703.25	0.1108
703.375	0.1108
703.5	0.1084
703.625	0.1108
703.75	0.1084
703.875	0.1084
704.0	0.1077
704.125	0.1061
704.25	0.1069
704.375	0.1069
704.5	0.1053
704.625	0.1053
704.75	0.1061
704.875	0.1077
705.0	0.1045
705.125	0.1037
705.25	0.1037
705.375	0.1053
705.5	0.1092
705.625	0.1084
705.75	0.1084
705.875	0.1077
706.0	0.1084
706.125	0.1084
706.25	0.1092
706.375	0.1092
706.5	0.1092
706.625	0.1092
706.75	0.1124
706.875	0.1132
707.0	0.11
707.125	0.1045
707.25	0.1077
707.375	0.1084
707.5	0.1084
707.625	0.1084
707.75	0.1084
707.875	0.1084
708.0	0.1077
708.125	0.1069
708.25	0.1077
708.375	0.1092
708.5	0.1084
708.625	0.1084
708.75	0.1084
708.875	0.1045
709.0	0.1045
709.125	0.1069
709.25	0.1053
709.375	0.1084
709.5	0.1061
709.625	0.1077
709.75	0.1069
709.875	0.1077
710.0	0.1053
710.125	0.1061
710.25	0.1084
710.375	0.1077
710.5	0.1029
710.625	0.1037
710.75	0.1006
710.875	0.1037
711.0	0.1037
711.125	0.1069
711.25	0.1069
711.375	0.1061
711.5	0.1029
711.625	0.1045
711.75	0.1045
711.875	0.1084
712.0	0.1045
712.125	0.1069
712.25	0.1053
712.375	0.0998
712.5	0.1022
712.625	0.1037
712.75	0.1053
712.875	0.1037
713.0	0.1037
713.125	0.1045
713.25	0.1037
713.375	0.1053
713.5	0.1045
713.625	0.1084
713.75	0.1037
713.875	0.1061
714.0	0.1053
714.125	0.1061
714.25	0.1092
714.375	0.1037
714.5	0.1037
714.625	0.1069
714.75	0.1084
714.875	0.1084
715.0	0.1069
715.125	0.1069
715.25	0.1037
715.375	0.1061
715.5	0.1084
715.625	0.1077
715.75	0.1069
715.875	0.1045
716.0	0.1053
716.125	0.1077
716.25	0.1069
716.375	0.1045
716.5	0.1084
716.625	0.1037
716.75	0.1053
716.875	0.1037
717.0	0.1037
717.125	0.1037
717.25	0.1045
717.375	0.1045
717.5	0.1037
717.625	0.1037
717.75	0.1037
717.875	0.1029
718.0	0.1014
718.125	0.1037
718.25	0.1037
718.375	0.1045
718.5	0.1037
718.625	0.1037
718.75	0.1037
718.875	0.1014
719.0	0.1014
719.125	0.1006
719.25	0.1022
719.375	0.1045
719.5	0.0998
719.625	0.1037
719.75	0.0998
719.875	0.1022
720.0	0.1014
720.125	0.1022
720.25	0.1037
720.375	0.1053
720.5	0.1037
720.625	0.1037
720.75	0.1045
720.875	0.0998
721.0	0.1053
721.125	0.1029
721.25	0.1037
721.375	0.1037
721.5	0.1053
721.625	0.1053
721.75	0.1037
721.875	0.1053
722.0	0.1037
722.125	0.1014
722.25	0.1037
722.375	0.1037
722.5	0.1029
722.625	0.1037
722.75	0.1037
722.875	0.1037
723.0	0.1037
723.125	0.1045
723.25	0.1053
723.375	0.1077
723.5	0.1029
723.625	0.1022
723.75	0.1029
723.875	0.1061
724.0	0.1006
724.125	0.1022
724.25	0.1037
724.375	0.1014
724.5	0.1022
724.625	0.1029
724.75	0.1022
724.875	0.1014
725.0	0.1029
725.125	0.1037
725.25	0.1037
725.375	0.1037
725.5	0.1037
725.625	0.1037
725.75	0.1037
725.875	0.1037
726.0	0.1029
726.125	0.1037
726.25	0.1045
726.375	0.1037
726.5	0.1029
726.625	0.1006
726.75	0.1022
726.875	0.1029
727.0	0.1029
727.125	0.1029
727.25	0.1037
727.375	0.1037
727.5	0.1053
727.625	0.1045
727.75	0.1029
727.875	0.1029
728.0	0.1037
728.125	0.1045
728.25	0.1037
728.375	0.1061
728.5	0.1045
728.625	0.1061
728.75	0.1053
728.875	0.1061
729.0	0.1053
729.125	0.1053
729.25	0.1061
729.375	0.1084
729.5	0.1084
729.625	0.1069
729.75	0.1077
729.875	0.1092
730.0	0.1084
730.125	0.1069
730.25	0.1045
730.375	0.1069
730.5	0.1069
730.625	0.1053
730.75	0.1061
730.875	0.1092
731.0	0.1084
731.125	0.1069
731.25	0.1061
731.375	0.1061
731.5	0.1037
731.625	0.1069
731.75	0.1061
731.875	0.1045
732.0	0.1045
732.125	0.1045
732.25	0.1084
732.375	0.1037
732.5	0.1037
732.625	0.1037
732.75	0.1037
732.875	0.1037
733.0	0.1037
733.125	0.1053
733.25	0.1037
733.375	0.1037
733.5	0.1029
733.625	0.1053
733.75	0.1037
733.875	0.1053
734.0	0.1037
734.125	0.1037
734.25	0.1029
734.375	0.1037
734.5	0.1037
734.625	0.1061
734.75	0.1037
734.875	0.1037
735.0	0.1061
735.125	0.1037
735.25	0.1037
735.375	0.1045
735.5	0.1045
735.625	0.1077
735.75	0.1069
735.875	0.1037
736.0	0.1053
736.125	0.1037
736.25	0.1053
736.375	0.1077
736.5	0.1061
736.625	0.1045
736.75	0.1029
736.875	0.1037
737.0	0.1045
737.125	0.1053
737.25	0.1045
737.375	0.1069
737.5	0.1045
737.625	0.1053
737.75	0.1037
737.875	0.1053
738.0	0.1045
738.125	0.1029
738.25	0.1037
738.375	0.1037
738.5	0.1037
738.625	0.1029
738.75	0.1045
738.875	0.1037
739.0	0.1037
739.125	0.1037
739.25	0.1037
739.375	0.1061
739.5	0.1037
739.625	0.1037
739.75	0.1069
739.875	0.1069
740.0	0.1092
740.125	0.1045
740.25	0.1037
740.375	0.1053
740.5	0.1084
740.625	0.1084
740.75	0.1061
740.875	0.1045
741.0	0.1053
741.125	0.1061
741.25	0.1053
741.375	0.1045
741.5	0.1077
741.625	0.1077
741.75	0.1045
741.875	0.1053
742.0	0.1037
742.125	0.1069
742.25	0.1077
742.375	0.1053
742.5	0.1061
742.625	0.1084
742.75	0.1084
742.875	0.11
743.0	0.1092
743.125	0.1045
743.25	0.1084
743.375	0.1045
743.5	0.1053
743.625	0.1069
743.75	0.1061
743.875	0.1077
744.0	0.1053
744.125	0.1084
744.25	0.1108
744.375	0.11
744.5	0.1084
744.625	0.1037
744.75	0.1022
744.875	0.1045
745.0	0.1029
745.125	0.1077
745.25	0.1084
745.375	0.1084
745.5	0.1092
745.625	0.1077
745.75	0.1084
745.875	0.1084
746.0	0.1045
746.125	0.1077
746.25	0.1053
746.375	0.1037
746.5	0.1061
746.625	0.1022
746.75	0.1022
746.875	0.1037
747.0	0.1037
747.125	0.1037
747.25	0.1037
747.375	0.1037
747.5	0.1053
747.625	0.1037
747.75	0.1045
747.875	0.1069
748.0	0.1084
748.125	0.1084
748.25	0.1077
748.375	0.1069
748.5	0.1077
748.625	0.1053
748.75	0.1069
748.875	0.1084
749.0	0.1053
749.125	0.1069
749.25	0.1069
749.375	0.1069
749.5	0.1045
749.625	0.1037
749.75	0.1037
749.875	0.1053
750.0	0.1053
750.125	0.1037
750.25	0.1045
750.375	0.1053
750.5	0.1045
750.625	0.1077
750.75	0.1077
750.875	0.1077
751.0	0.11
751.125	0.1084
751.25	0.1084
751.375	0.1092
751.5	0.1084
751.625	0.1084
751.75	0.1116
751.875	0.1108
752.0	0.1108
752.125	0.1124
752.25	0.1132
752.375	0.1147
752.5	0.1132
752.625	0.11
752.75	0.1092
752.875	0.1077
753.0	0.1084
753.125	0.1077
753.25	0.1077
753.375	0.1077
753.5	0.1077
753.625	0.1084
753.75	0.1108
753.875	0.1077
754.0	0.1084
754.125	0.1069
754.25	0.1061
754.375	0.1045
754.5	0.1084
754.625	0.1084
754.75	0.1045
754.875	0.1061
755.0	0.1084
755.125	0.1092
755.25	0.1069
755.375	0.1084
755.5	0.1069
755.625	0.1069
755.75	0.1053
755.875	0.1084
756.0	0.1053
756.125	0.1053
756.25	0.1069
756.375	0.1053
756.5	0.1092
756.625	0.1084
756.75	0.1069
756.875	0.1061
757.0	0.1045
757.125	0.1077
757.25	0.1092
757.375	0.1084
757.5	0.1077
757.625	0.1084
757.75	0.1077
757.875	0.1077
758.0	0.1084
758.125	0.1084
758.25	0.1084
758.375	0.1061
758.5	0.1061
758.625	0.1069
758.75	0.1069
758.875	0.1077
759.0	0.1084
759.125	0.1084
759.25	0.1084
759.375	0.11
759.5	0.1108
759.625	0.1084
759.75	0.1084
759.875	0.1124
760.0	0.1108
760.125	0.1124
760.25	0.1108
760.375	0.1092
760.5	0.1108
760.625	0.1108
760.75	0.1092
760.875	0.11
761.0	0.1084
761.125	0.1092
761.25	0.1077
761.375	0.1108
761.5	0.1084
761.625	0.1084
761.75	0.11
761.875	0.1124
762.0	0.1108
762.125	0.1084
762.25	0.11
762.375	0.1116
762.5	0.1108
762.625	0.1108
762.75	0.1124
762.875	0.1116
763.0	0.1116
763.125	0.1132
763.25	0.1132
763.375	0.1132
763.5	0.1092
763.625	0.1116
763.75	0.1108
763.875	0.1124
764.0	0.11
764.125	0.1092
764.25	0.1092
764.375	0.1139
764.5	0.1132
764.625	0.11
764.75	0.1124
764.875	0.1124
765.0	0.1108
765.125	0.1116
765.25	0.11
765.375	0.1132
765.5	0.1132
765.625	0.1132
765.75	0.1132
765.875	0.1132
766.0	0.1132
766.125	0.1132
766.25	0.1132
766.375	0.1132
766.5	0.1124
766.625	0.11
766.75	0.1061
766.875	0.1045
767.0	0.1045
767.125	0.1061
767.25	0.1061
767.375	0.1045
767.5	0.1077
767.625	0.1084
767.75	0.1084
767.875	0.1092
768.0	0.1084
768.125	0.11
768.25	0.11
768.375	0.1124
768.5	0.1132
768.625	0.1139
768.75	0.1124
768.875	0.1124
769.0	0.1132
769.125	0.1132
769.25	0.1132
769.375	0.1132
769.5	0.1132
769.625	0.1124
769.75	0.1132
769.875	0.1124
770.0	0.1132
770.125	0.1092
770.25	0.1132
770.375	0.1108
770.5	0.1124
770.625	0.1108
770.75	0.1124
770.875	0.1132
771.0	0.11
771.125	0.1116
771.25	0.1124
771.375	0.1132
771.5	0.1132
771.625	0.1132
771.75	0.1139
771.875	0.1139
772.0	0.1139
772.125	0.1163
772.25	0.1171
772.375	0.1171
772.5	0.1179
772.625	0.1139
772.75	0.1171
772.875	0.1179
773.0	0.1171
773.125	0.1218
773.25	0.1218
773.375	0.1218
773.5	0.1179
773.625	0.1171
773.75	0.1179
773.875	0.1194
774.0	0.1226
774.125	0.1226
774.25	0.1226
774.375	0.121
774.5	0.1187
774.625	0.1226
774.75	0.1226
774.875	0.1202
775.0	0.1194
775.125	0.1194
775.25	0.1202
775.375	0.1194
775.5	0.1226
775.625	0.1234
775.75	0.1226
775.875	0.1226
776.0	0.1234
776.125	0.1226
776.25	0.1226
776.375	0.1187
776.5	0.1179
776.625	0.1187
776.75	0.121
776.875	0.1226
777.0	0.1218
777.125	0.121
777.25	0.1187
777.375	0.1226
777.5	0.1226
777.625	0.1226
777.75	0.1242
777.875	0.1242
778.0	0.1257
778.125	0.1226
778.25	0.1218
778.375	0.1226
778.5	0.1218
778.625	0.1242
778.75	0.1265
778.875	0.1242
779.0	0.1218
779.125	0.1226
779.25	0.1226
779.375	0.125
779.5	0.1226
779.625	0.125
779.75	0.125
779.875	0.1242
780.0	0.1234
780.125	0.1226
780.25	0.1226
780.375	0.1234
780.5	0.1242
780.625	0.1265
780.75	0.1265
780.875	0.1265
781.0	0.1265
781.125	0.1289
781.25	0.1273
781.375	0.1281
781.5	0.1289
781.625	0.1297
781.75	0.1297
781.875	0.1289
782.0	0.1273
782.125	0.1281
782.25	0.1281
782.375	0.1273
782.5	0.1273
782.625	0.1265
782.75	0.1273
782.875	0.1273
783.0	0.1257
783.125	0.1281
783.25	0.132
783.375	0.1312
783.5	0.1297
783.625	0.1281
783.75	0.1273
783.875	0.1281
784.0	0.1281
784.125	0.1336
784.25	0.1312
784.375	0.1305
784.5	0.1273
784.625	0.1281
784.75	0.132
784.875	0.1312
785.0	0.1289
785.125	0.1312
785.25	0.132
785.375	0.1352
785.5	0.1312
785.625	0.1328
785.75	0.1312
785.875	0.132
786.0	0.1305
786.125	0.1305
786.25	0.132
786.375	0.132
786.5	0.132
786.625	0.1312
786.75	0.132
786.875	0.1312
787.0	0.132
787.125	0.1336
787.25	0.1336
787.375	0.1352
787.5	0.1344
787.625	0.1336
787.75	0.1367
787.875	0.1399
788.0	0.1399
788.125	0.1383
788.25	0.1391
788.375	0.1375
788.5	0.1289
788.625	0.121
788.75	0.1147
788.875	0.1116
789.0	0.11
789.125	0.0974
789.25	0.1037
789.375	0.1132
789.5	0.1179
789.625	0.1273
789.75	0.1281
789.875	0.1265
790.0	0.1194
790.125	0.1139
790.25	0.1084
790.375	0.1037
790.5	0.1029
790.625	0.1006
790.75	0.0974
790.875	0.0896
791.0	0.0943
791.125	0.0943
791.25	0.0966
791.375	0.099
791.5	0.1014
791.625	0.1124
791.75	0.1202
791.875	0.1257
792.0	0.1187
792.125	0.1289
792.25	0.1257
792.375	0.1234
792.5	0.1187
792.625	0.1139
792.75	0.1092
792.875	0.1084
793.0	0.1037
793.125	0.1069
793.25	0.1053
793.375	0.1084
793.5	0.1108
793.625	0.11
793.75	0.1139
793.875	0.1297
794.0	0.1297
794.125	0.1289
794.25	0.1187
794.375	0.1155
794.5	0.1179
794.625	0.1139
794.75	0.1108
794.875	0.1053
795.0	0.1037
795.125	0.1053
795.25	0.1084
795.375	0.1084
795.5	0.1116
795.625	0.1108
795.75	0.11
795.875	0.1084
796.0	0.1084
796.125	0.11
796.25	0.1077
796.375	0.1069
796.5	0.1084
796.625	0.1092
796.75	0.1077
796.875	0.1084
797.0	0.1092
797.125	0.1092
797.25	0.1084
797.375	0.1139
797.5	0.1132
797.625	0.1147
797.75	0.1155
797.875	0.1155
798.0	0.1132
798.125	0.1139
798.25	0.1147
798.375	0.1084
798.5	0.1092
798.625	0.1084
798.75	0.1084
798.875	0.1116
799.0	0.1147
799.125	0.11
799.25	0.1084
799.375	0.1092
799.5	0.1132
799.625	0.1132
799.75	0.1124
799.875	0.1139
800.0	0.1132
800.125	0.1092
800.25	0.1092
800.375	0.11
800.5	0.1116
800.625	0.1108
800.75	0.1084
800.875	0.1069
801.0	0.1092
801.125	0.1092
801.25	0.1108
801.375	0.1108
801.5	0.1084
801.625	0.1116
801.75	0.1108
801.875	0.1132
802.0	0.1116
802.125	0.1092
802.25	0.11
802.375	0.1108
802.5	0.1124
802.625	0.1124
802.75	0.1155
802.875	0.1147
803.0	0.1132
803.125	0.1132
803.25	0.1132
803.375	0.1116
803.5	0.1124
803.625	0.1132
803.75	0.1147
803.875	0.1116
804.0	0.1155
804.125	0.1108
804.25	0.11
804.375	0.11
804.5	0.1069
804.625	0.1084
804.75	0.1069
804.875	0.1092
805.0	0.1124
805.125	0.1124
805.25	0.1084
805.375	0.1077
805.5	0.1077
805.625	0.1084
805.75	0.1108
805.875	0.1084
806.0	0.1092
806.125	0.1092
806.25	0.1132
806.375	0.1124
806.5	0.1147
806.625	0.1139
806.75	0.1108
806.875	0.1108
807.0	0.1124
807.125	0.1132
807.25	0.1132
807.375	0.1132
807.5	0.1084
807.625	0.11
807.75	0.1132
807.875	0.1108
808.0	0.1124
808.125	0.1155
808.25	0.1132
808.375	0.1132
808.5	0.1108
808.625	0.1084
808.75	0.1092
808.875	0.1084
809.0	0.11
809.125	0.11
809.25	0.11
809.375	0.1108
809.5	0.1124
809.625	0.1108
809.75	0.1092
809.875	0.1084
810.0	0.11
810.125	0.1116
810.25	0.1108
810.375	0.1084
810.5	0.1061
810.625	0.1084
810.75	0.1084
810.875	0.1084
811.0	0.1069
811.125	0.1084
811.25	0.1069
811.375	0.1077
811.5	0.1092
811.625	0.1132
811.75	0.1084
811.875	0.1108
812.0	0.1116
812.125	0.1084
812.25	0.1132
812.375	0.1139
812.5	0.1124
812.625	0.1084
812.75	0.1053
812.875	0.1053
813.0	0.1077
813.125	0.1077
813.25	0.1084
813.375	0.1069
813.5	0.1053
813.625	0.1069
813.75	0.1084
813.875	0.11
814.0	0.1124
814.125	0.1116
814.25	0.1124
814.375	0.1084
814.5	0.1092
814.625	0.1124
814.75	0.1155
814.875	0.1132
815.0	0.1139
815.125	0.1132
815.25	0.1139
815.375	0.1139
815.5	0.1139
815.625	0.1139
815.75	0.1132
815.875	0.1108
816.0	0.1124
816.125	0.1155
816.25	0.1139
816.375	0.1132
816.5	0.1132
816.625	0.1155
816.75	0.1132
816.875	0.1132
817.0	0.1155
817.125	0.1155
817.25	0.1163
817.375	0.1139
817.5	0.1139
817.625	0.1139
817.75	0.1116
817.875	0.1132
818.0	0.1139
818.125	0.1139
818.25	0.1132
818.375	0.1132
818.5	0.1092
818.625	0.1132
818.75	0.1163
818.875	0.1132
819.0	0.1132
819.125	0.1147
819.25	0.1092
819.375	0.1116
819.5	0.1132
819.625	0.1108
819.75	0.1124
819.875	0.1116
820.0	0.1132
820.125	0.1116
820.25	0.1124
820.375	0.1132
820.5	0.1116
820.625	0.1124
820.75	0.1092
820.875	0.1116
821.0	0.1132
821.125	0.11
821.25	0.1108
821.375	0.11
821.5	0.11
821.625	0.1084
821.75	0.1108
821.875	0.1124
822.0	0.1108
822.125	0.1132
822.25	0.1124
822.375	0.1124
822.5	0.1155
822.625	0.1132
822.75	0.1124
822.875	0.1116
823.0	0.1124
823.125	0.1116
823.25	0.11
823.375	0.1116
823.5	0.1132
823.625	0.1132
823.75	0.1139
823.875	0.1132
824.0	0.1132
824.125	0.1147
824.25	0.1132
824.375	0.1116
824.5	0.11
824.625	0.1124
824.75	0.1116
824.875	0.1132
825.0	0.1116
825.125	0.1108
825.25	0.1124
825.375	0.1108
825.5	0.1116
825.625	0.1132
825.75	0.1132
825.875	0.1139
826.0	0.1132
826.125	0.1116
826.25	0.1124
826.375	0.1132
826.5	0.1163
826.625	0.1155
826.75	0.1132
826.875	0.1155
827.0	0.1147
827.125	0.1139
827.25	0.1139
827.375	0.1147
827.5	0.1147
827.625	0.1139
827.75	0.1163
827.875	0.1132
828.0	0.1132
828.125	0.1155
828.25	0.1132
828.375	0.1132
828.5	0.1132
828.625	0.1108
828.75	0.1116
828.875	0.1132
829.0	0.1124
829.125	0.1147
829.25	0.1132
829.375	0.1124
829.5	0.1147
829.625	0.1139
829.75	0.1084
829.875	0.1092
830.0	0.1108
830.125	0.1116
830.25	0.1084
830.375	0.1124
830.5	0.11
830.625	0.1132
830.75	0.1132
830.875	0.1108
831.0	0.1069
831.125	0.11
831.25	0.1092
831.375	0.1116
831.5	0.1108
831.625	0.11
831.75	0.11
831.875	0.1139
832.0	0.1124
832.125	0.11
832.25	0.1139
832.375	0.11
832.5	0.1092
832.625	0.1132
832.75	0.1116
832.875	0.1124
833.0	0.1132
833.125	0.1139
833.25	0.1132
833.375	0.1171
833.5	0.1132
833.625	0.1022
833.75	0.0943
833.875	0.1147
834.0	0.1147
834.125	0.1116
834.25	0.1132
834.375	0.1132
834.5	0.1139
834.625	0.1147
834.75	0.1171
834.875	0.1147
835.0	0.1155
835.125	0.1171
835.25	0.1132
835.375	0.1139
835.5	0.1155
835.625	0.1155
835.75	0.1132
835.875	0.1132
836.0	0.1139
836.125	0.1171
836.25	0.1155
836.375	0.1132
836.5	0.1139
836.625	0.1155
836.75	0.1132
836.875	0.1179
837.0	0.1171
837.125	0.1171
837.25	0.1155
837.375	0.1171
837.5	0.1171
837.625	0.1179
837.75	0.1147
837.875	0.1171
838.0	0.1163
838.125	0.1179
838.25	0.1155
838.375	0.1124
838.5	0.1132
838.625	0.1116
838.75	0.1132
838.875	0.1139
839.0	0.1132
839.125	0.1139
839.25	0.1147
839.375	0.1163
839.5	0.1147
839.625	0.1124
839.75	0.1155
839.875	0.1132
840.0	0.1139
840.125	0.1124
840.25	0.1139
840.375	0.1147
840.5	0.1139
840.625	0.1147
840.75	0.1132
840.875	0.1171
841.0	0.1179
841.125	0.1147
841.25	0.1171
841.375	0.1132
841.5	0.1132
841.625	0.1132
841.75	0.1147
841.875	0.1139
842.0	0.1147
842.125	0.1147
842.25	0.1139
842.375	0.1132
842.5	0.1116
842.625	0.1124
842.75	0.1132
842.875	0.1132
843.0	0.1132
843.125	0.1116
843.25	0.11
843.375	0.1132
843.5	0.1124
843.625	0.1116
843.75	0.1132
843.875	0.1116
844.0	0.1132
844.125	0.1132
844.25	0.1124
844.375	0.1108
844.5	0.1116
844.625	0.1069
844.75	0.1077
844.875	0.1092
845.0	0.1092
845.125	0.1092
845.25	0.1092
845.375	0.1069
845.5	0.1077
845.625	0.1108
845.75	0.1069
845.875	0.1084
846.0	0.1084
846.125	0.1061
846.25	0.1061
846.375	0.1045
846.5	0.11
846.625	0.1084
846.75	0.1116
846.875	0.1163
847.0	0.1171
847.125	0.1187
847.25	0.1132
847.375	0.1139
847.5	0.1132
847.625	0.1139
847.75	0.1124
847.875	0.1124
848.0	0.1124
848.125	0.1108
848.25	0.1108
848.375	0.1116
848.5	0.1132
848.625	0.1069
848.75	0.1069
848.875	0.1132
849.0	0.1108
849.125	0.1061
849.25	0.1092
849.375	0.1092
849.5	0.1132
849.625	0.1139
849.75	0.1132
849.875	0.1124
850.0	0.1132
850.125	0.1124
850.25	0.1132
850.375	0.1132
850.5	0.1132
850.625	0.1132
850.75	0.1132
850.875	0.11
851.0	0.1108
851.125	0.1132
851.25	0.1132
851.375	0.1116
851.5	0.1116
851.625	0.1084
851.75	0.1092
851.875	0.1084
852.0	0.1084
852.125	0.1092
852.25	0.1132
852.375	0.1124
852.5	0.1116
852.625	0.1116
852.75	0.1108
852.875	0.1124
853.0	0.1132
853.125	0.1132
853.25	0.1124
853.375	0.1132
853.5	0.1108
853.625	0.1124
853.75	0.1132
853.875	0.1132
854.0	0.1132
854.125	0.1139
854.25	0.1124
854.375	0.1147
854.5	0.1132
854.625	0.1116
854.75	0.1116
854.875	0.1132
855.0	0.1139
855.125	0.1124
855.25	0.1139
855.375	0.1132
855.5	0.1116
855.625	0.1132
855.75	0.1132
855.875	0.1132
856.0	0.1124
856.125	0.1132
856.25	0.1132
856.375	0.1147
856.5	0.1132
856.625	0.1187
856.75	0.1163
856.875	0.1132
857.0	0.1132
857.125	0.1163
857.25	0.1155
857.375	0.1132
857.5	0.1139
857.625	0.1155
857.75	0.1139
857.875	0.1139
858.0	0.1132
858.125	0.1124
858.25	0.1139
858.375	0.1132
858.5	0.1124
858.625	0.1147
858.75	0.1139
858.875	0.1132
859.0	0.1132
859.125	0.1132
859.25	0.1132
859.375	0.1116
859.5	0.1139
859.625	0.1132
859.75	0.1139
859.875	0.1139
860.0	0.1139
860.125	0.1171
860.25	0.1132
860.375	0.1147
860.5	0.1132
860.625	0.1132
860.75	0.1139
860.875	0.1132
861.0	0.1116
861.125	0.1132
861.25	0.1092
861.375	0.11
861.5	0.1092
861.625	0.1084
861.75	0.1092
861.875	0.1077
862.0	0.1116
862.125	0.11
862.25	0.1108
862.375	0.1132
862.5	0.1155
862.625	0.1139
862.75	0.1132
862.875	0.1132
863.0	0.1132
863.125	0.1116
863.25	0.1132
863.375	0.1116
863.5	0.11
863.625	0.1124
863.75	0.1132
863.875	0.1132
864.0	0.1132
864.125	0.1139
864.25	0.1132
864.375	0.1116
864.5	0.11
864.625	0.1116
864.75	0.11
864.875	0.1116
865.0	0.1084
865.125	0.1124
865.25	0.1132
865.375	0.1116
865.5	0.1116
865.625	0.1132
865.75	0.1084
865.875	0.11
866.0	0.1116
866.125	0.1132
866.25	0.1116
866.375	0.1132
866.5	0.1132
866.625	0.1092
866.75	0.1124
866.875	0.1116
867.0	0.1084
867.125	0.11
867.25	0.1108
867.375	0.1132
867.5	0.1132
867.625	0.1108
867.75	0.1084
867.875	0.11
868.0	0.1139
868.125	0.1084
868.25	0.1084
868.375	0.1092
868.5	0.1084
868.625	0.1084
868.75	0.1077
868.875	0.1069
869.0	0.1084
869.125	0.1108
869.25	0.1124
869.375	0.1108
869.5	0.1132
869.625	0.1116
869.75	0.1132
869.875	0.1124
870.0	0.1108
870.125	0.1132
870.25	0.1124
870.375	0.1108
870.5	0.1108
870.625	0.1108
870.75	0.1116
870.875	0.1124
871.0	0.1132
871.125	0.1124
871.25	0.1132
871.375	0.1108
871.5	0.1108
871.625	0.1132
871.75	0.1132
871.875	0.1132
872.0	0.11
872.125	0.1084
872.25	0.1084
872.375	0.1077
872.5	0.1084
872.625	0.1084
872.75	0.1084
872.875	0.1084
873.0	0.1092
873.125	0.1084
873.25	0.1092
873.375	0.1084
873.5	0.1084
873.625	0.1084
873.75	0.11
873.875	0.11
874.0	0.1092
874.125	0.1084
874.25	0.1084
874.375	0.1092
874.5	0.1084
874.625	0.11
874.75	0.1132
874.875	0.1124
875.0	0.11
875.125	0.11
875.25	0.1132
875.375	0.1084
875.5	0.1084
875.625	0.1084
875.75	0.1108
875.875	0.1108
876.0	0.1116
876.125	0.1092
876.25	0.1077
876.375	0.1092
876.5	0.1061
876.625	0.1069
876.75	0.1084
876.875	0.1069
877.0	0.1077
877.125	0.1045
877.25	0.11
877.375	0.1084
877.5	0.1132
877.625	0.11
877.75	0.11
877.875	0.1092
878.0	0.11
878.125	0.11
878.25	0.1147
878.375	0.1171
878.5	0.1147
878.625	0.1139
878.75	0.1139
878.875	0.1116
879.0	0.11
879.125	0.1108
879.25	0.1084
879.375	0.1037
879.5	0.1045
879.625	0.1053
879.75	0.1061
879.875	0.1045
880.0	0.1037
880.125	0.1037
880.25	0.1037
880.375	0.1077
880.5	0.1037
880.625	0.1045
880.75	0.1037
880.875	0.1061
881.0	0.1084
881.125	0.1061
881.25	0.1084
881.375	0.1069
881.5	0.1069
881.625	0.1069
881.75	0.1077
881.875	0.1037
882.0	0.1084
882.125	0.1084
882.25	0.1084
882.375	0.1077
882.5	0.1069
882.625	0.1053
882.75	0.1061
882.875	0.1037
883.0	0.0998
883.125	0.1045
883.25	0.1045
883.375	0.1037
883.5	0.1069
883.625	0.1053
883.75	0.1045
883.875	0.1037
884.0	0.1037
884.125	0.1037
884.25	0.1037
884.375	0.1045
884.5	0.1045
884.625	0.1037
884.75	0.1029
884.875	0.1061
885.0	0.1053
885.125	0.1045
885.25	0.1037
885.375	0.1037
885.5	0.1037
885.625	0.1037
885.75	0.1037
885.875	0.1037
886.0	0.1029
886.125	0.1037
886.25	0.1037
886.375	0.1053
886.5	0.1053
886.625	0.1045
886.75	0.1037
886.875	0.1084
887.0	0.1092
887.125	0.1061
887.25	0.1108
887.375	0.1116
887.5	0.11
887.625	0.1092
887.75	0.11
887.875	0.11
888.0	0.1124
888.125	0.11
888.25	0.1077
888.375	0.1061
888.5	0.11
888.625	0.1084
888.75	0.1037
888.875	0.1037
889.0	0.1014
889.125	0.1037
889.25	0.1037
889.375	0.1037
889.5	0.1045
889.625	0.1037
889.75	0.1053
889.875	0.1037
890.0	0.1037
890.125	0.1037
890.25	0.1053
890.375	0.1037
890.5	0.1022
890.625	0.1029
890.75	0.1045
890.875	0.1077
891.0	0.1045
891.125	0.1045
891.25	0.1077
891.375	0.1069
891.5	0.1045
891.625	0.1069
891.75	0.1084
891.875	0.1077
892.0	0.1053
892.125	0.1077
892.25	0.1084
892.375	0.1053
892.5	0.1069
892.625	0.1053
892.75	0.1037
892.875	0.1061
893.0	0.1037
893.125	0.1077
893.25	0.1053
893.375	0.1053
893.5	0.1077
893.625	0.1061
893.75	0.1045
893.875	0.1077
894.0	0.1069
894.125	0.1069
894.25	0.1037
894.375	0.1077
894.5	0.1045
894.625	0.1053
894.75	0.1092
894.875	0.1092
895.0	0.1045
895.125	0.1037
895.25	0.1029
895.375	0.1029
895.5	0.1061
895.625	0.1037
895.75	0.1061
895.875	0.1053
896.0	0.1037
896.125	0.1029
896.25	0.1045
896.375	0.1069
896.5	0.1061
896.625	0.1061
896.75	0.1061
896.875	0.1045
897.0	0.1045
897.125	0.1045
897.25	0.1037
897.375	0.1037
897.5	0.1053
897.625	0.1053
897.75	0.1061
897.875	0.1045
898.0	0.1061
898.125	0.1053
898.25	0.1069
898.375	0.1053
898.5	0.1037
898.625	0.1029
898.75	0.1037
898.875	0.1061
899.0	0.11
899.125	0.1077
899.25	0.1061
899.375	0.1069
899.5	0.1037
899.625	0.1045
899.75	0.1037
899.875	0.1053
