350.0	0.0
350.125	0.0
350.25	0.0
350.375	0.0
350.5	0.0
350.625	0.0
350.75	0.0
350.875	0.0
351.0	0.0
351.125	0.0
351.25	0.0
351.375	0.0
351.5	0.0
351.625	0.0
351.75	0.0
351.875	0.0
352.0	0.0
352.125	0.0
352.25	0.0
352.375	0.0
352.5	0.0
352.625	0.0
352.75	0.0
352.875	0.0
353.0	0.0
353.125	0.0
353.25	0.0
353.375	0.0
353.5	0.0
353.625	0.0
353.75	0.0
353.875	0.0
354.0	0.0
354.125	0.0
354.25	0.0
354.375	0.0
354.5	0.0
354.625	0.0
354.75	0.0
354.875	0.0
355.0	0.0
355.125	0.0
355.25	0.0
355.375	0.0
355.5	0.0
355.625	0.0
355.75	0.0
355.875	0.0
356.0	0.0
356.125	0.0
356.25	0.0
356.375	0.0
356.5	0.0
356.625	0.0
356.75	0.0
356.875	0.0
357.0	0.0
357.125	0.0
357.25	0.0
357.375	0.0
357.5	0.0
357.625	0.0
357.75	0.0
357.875	0.0
358.0	0.0
358.125	0.0
358.25	0.0
358.375	0.0
358.5	0.0
358.625	0.0
358.75	0.0
358.875	0.0
359.0	0.0
359.125	0.0
359.25	0.0
359.375	0.0
359.5	0.0
359.625	0.0
359.75	0.0
359.875	0.0
360.0	0.0
360.125	0.0
360.25	0.0
360.375	0.0
360.5	0.0
360.625	0.0
360.75	0.0
360.875	0.0
361.0	0.0
361.125	0.0
361.25	0.0
361.375	0.0
361.5	0.0
361.625	0.0
361.75	0.0
361.875	0.0
362.0	0.0
362.125	0.0
362.25	0.0
362.375	0.0
362.5	0.0
362.625	0.0
362.75	0.0
362.875	0.0
363.0	0.0
363.125	0.0
363.25	0.0
363.375	0.0
363.5	0.0
363.625	0.0
363.75	0.0
363.875	0.0
364.0	0.0
364.125	0.0
364.25	0.0
364.375	0.0
364.5	0.0
364.625	0.0
364.75	0.0
364.875	0.0
365.0	0.0
365.125	0.0
365.25	0.0
365.375	0.0
365.5	0.0
365.625	0.0
365.75	0.0
365.875	0.0
366.0	0.0
366.125	0.0
366.25	0.0
366.375	0.0
366.5	0.0
366.625	0.0
366.75	0.0
366.875	0.0
367.0	0.0
367.125	0.0
367.25	0.0
367.375	0.0
367.5	0.0
367.625	0.0
367.75	0.0
367.875	0.0
368.0	0.0
368.125	0.0
368.25	0.0
368.375	0.0
368.5	0.0
368.625	0.0
368.75	0.0
368.875	0.0
369.0	0.0
369.125	0.0
369.25	0.0
369.375	0.0
369.5	0.0
369.625	0.0
369.75	0.0
369.875	0.0
370.0	0.0
370.125	0.0
370.25	0.0
370.375	0.0
370.5	0.0
370.625	0.0
370.75	0.0
370.875	0.0
371.0	0.0
371.125	0.0
371.25	0.0
371.375	0.0
371.5	0.0
371.625	0.0
371.75	0.0
371.875	0.0
372.0	0.0
372.125	7.0E-4
372.25	0.0055
372.375	0.0086
372.5	0.007
372.625	0.0055
372.75	0.0078
372.875	0.0078
373.0	0.0062
373.125	0.007
373.25	0.0047
373.375	0.0094
373.5	0.0078
373.625	0.0094
373.75	0.0078
373.875	0.007
374.0	0.0094
374.125	0.0094
374.25	0.0117
374.375	0.0102
374.5	0.0094
374.625	0.0078
374.75	0.0094
374.875	0.0102
375.0	0.011
375.125	0.0086
375.25	0.0086
375.375	0.011
375.5	0.0117
375.625	0.0125
375.75	0.011
375.875	0.0094
376.0	0.0102
376.125	0.0062
376.25	0.0086
376.375	0.0094
376.5	0.0125
376.625	0.0094
376.75	0.0102
376.875	0.007
377.0	0.0086
377.125	0.0157
377.25	0.0149
377.375	0.0149
377.5	0.0157
377.625	0.0172
377.75	0.0188
377.875	0.0165
378.0	0.0141
378.125	0.0141
378.25	0.0117
378.375	0.0141
378.5	0.0141
378.625	0.0172
378.75	0.0165
378.875	0.0157
379.0	0.0133
379.125	0.0157
379.25	0.0165
379.375	0.0172
379.5	0.0188
379.625	0.0149
379.75	0.0188
379.875	0.0141
380.0	0.0141
380.125	0.0149
380.25	0.0125
380.375	0.0141
380.5	0.0165
380.625	0.0172
380.75	0.018
380.875	0.0165
381.0	0.0125
381.125	0.0188
381.25	0.007
381.375	0.0133
381.5	0.0165
381.625	0.0141
381.75	0.0141
381.875	0.0141
382.0	0.011
382.125	0.0141
382.25	0.0133
382.375	0.0133
382.5	0.0055
382.625	0.0149
382.75	0.0204
382.875	0.0188
383.0	0.0204
383.125	0.0172
383.25	0.0188
383.375	0.0125
383.5	0.007
383.625	0.0055
383.75	0.0141
383.875	0.0117
384.0	0.0141
384.125	0.0117
384.25	0.0078
384.375	0.0047
384.5	0.0078
384.625	0.0149
384.75	0.0102
384.875	0.0165
385.0	0.0188
385.125	0.0165
385.25	0.018
385.375	0.018
385.5	0.0172
385.625	0.0117
385.75	0.0172
385.875	0.0172
386.0	0.0204
386.125	0.0188
386.25	0.0165
386.375	0.0133
386.5	0.0141
386.625	0.0196
386.75	0.018
386.875	0.0157
387.0	0.0188
387.125	0.011
387.25	0.011
387.375	0.0133
387.5	0.0235
387.625	0.0196
387.75	0.0188
387.875	0.0125
388.0	0.0094
388.125	0.0172
388.25	0.011
388.375	0.0141
388.5	0.011
388.625	0.0117
388.75	0.0117
388.875	0.011
389.0	0.0102
389.125	0.0102
389.25	0.0094
389.375	0.007
389.5	0.0149
389.625	0.0172
389.75	0.0149
389.875	0.0141
390.0	0.0165
390.125	0.0149
390.25	0.022
390.375	0.0172
390.5	0.0204
390.625	0.0149
390.75	0.0125
390.875	0.0133
391.0	0.0165
391.125	0.0212
391.25	0.022
391.375	0.022
391.5	0.0235
391.625	0.0196
391.75	0.0157
391.875	0.0227
392.0	0.022
392.125	0.022
392.25	0.0188
392.375	0.0235
392.5	0.0165
392.625	0.022
392.75	0.0267
392.875	0.018
393.0	0.0172
393.125	0.022
393.25	0.0235
393.375	0.018
393.5	0.0196
393.625	0.022
393.75	0.0227
393.875	0.022
394.0	0.0235
394.125	0.0235
394.25	0.0235
394.375	0.0283
394.5	0.0283
394.625	0.0275
394.75	0.0267
394.875	0.0259
395.0	0.0283
395.125	0.0251
395.25	0.0212
395.375	0.0235
395.5	0.029
395.625	0.0275
395.75	0.0227
395.875	0.029
396.0	0.0283
396.125	0.029
396.25	0.0283
396.375	0.0306
396.5	0.0322
396.625	0.0283
396.75	0.0251
396.875	0.0314
397.0	0.033
397.125	0.033
397.25	0.0338
397.375	0.0314
397.5	0.033
397.625	0.0283
397.75	0.0298
397.875	0.0361
398.0	0.0385
398.125	0.0385
398.25	0.0338
398.375	0.0385
398.5	0.0393
398.625	0.0393
398.75	0.0369
398.875	0.0393
399.0	0.0424
399.125	0.044
399.25	0.0471
399.375	0.0495
399.5	0.0495
399.625	0.0471
399.75	0.0518
399.875	0.0534
400.0	0.0503
400.125	0.0566
400.25	0.0589
400.375	0.0597
400.5	0.055
400.625	0.0566
400.75	0.0613
400.875	0.0613
401.0	0.0621
401.125	0.0613
401.25	0.0566
401.375	0.0613
401.5	0.0683
401.625	0.0691
401.75	0.0652
401.875	0.0676
402.0	0.0707
402.125	0.0723
402.25	0.0676
402.375	0.0699
402.5	0.0738
402.625	0.0731
402.75	0.0746
402.875	0.0731
403.0	0.0786
403.125	0.0801
403.25	0.0841
403.375	0.0935
403.5	0.0943
403.625	0.0927
403.75	0.0927
403.875	0.0959
404.0	0.0982
404.125	0.1069
404.25	0.1077
404.375	0.1092
404.5	0.1132
404.625	0.1163
404.75	0.1139
404.875	0.1179
405.0	0.1202
405.125	0.1234
405.25	0.1289
405.375	0.1352
405.5	0.1391
405.625	0.1352
405.75	0.1399
405.875	0.1462
406.0	0.1493
406.125	0.154
406.25	0.158
406.375	0.1627
406.5	0.1643
406.625	0.165
406.75	0.1674
406.875	0.1753
407.0	0.1792
407.125	0.1831
407.25	0.1863
407.375	0.1926
407.5	0.191
407.625	0.1965
407.75	0.2051
407.875	0.2012
408.0	0.2114
408.125	0.2154
408.25	0.2224
408.375	0.2248
408.5	0.2295
408.625	0.2279
408.75	0.2342
408.875	0.2374
409.0	0.2468
409.125	0.2531
409.25	0.2586
409.375	0.268
409.5	0.2727
409.625	0.2743
409.75	0.2845
409.875	0.2893
410.0	0.294
410.125	0.3018
410.25	0.3011
410.375	0.3105
410.5	0.3136
410.625	0.3254
410.75	0.3317
410.875	0.3341
411.0	0.3435
411.125	0.3553
411.25	0.3608
411.375	0.3702
411.5	0.3812
411.625	0.3875
411.75	0.3977
411.875	0.4033
412.0	0.4056
412.125	0.419
412.25	0.4355
412.375	0.4426
412.5	0.4481
412.625	0.4661
412.75	0.4756
412.875	0.4842
413.0	0.496
413.125	0.5086
413.25	0.5227
413.375	0.5338
413.5	0.544
413.625	0.5495
413.75	0.5707
413.875	0.5825
414.0	0.5919
414.125	0.6139
414.25	0.6242
414.375	0.6407
414.5	0.658
414.625	0.6737
414.75	0.6823
414.875	0.7067
415.0	0.7256
415.125	0.7452
415.25	0.7578
415.375	0.7727
415.5	0.7971
415.625	0.8183
415.75	0.8317
415.875	0.8561
416.0	0.871
416.125	0.8993
416.25	0.9205
416.375	0.9433
416.5	0.9599
416.625	0.9858
416.75	1.0039
416.875	1.0235
417.0	1.0424
417.125	1.0605
417.25	1.0896
417.375	1.1053
417.5	1.1383
417.625	1.165
417.75	1.1886
417.875	1.2091
418.0	1.2279
418.125	1.2586
418.25	1.2783
418.375	1.3058
418.5	1.3301
418.625	1.3545
418.75	1.3757
418.875	1.4033
419.0	1.4245
419.125	1.4433
419.25	1.4732
419.375	1.4992
419.5	1.5275
419.625	1.5424
419.75	1.5676
419.875	1.5966
420.0	1.625
420.125	1.6517
420.25	1.6721
420.375	1.6996
420.5	1.7272
420.625	1.7547
420.75	1.7908
420.875	1.8183
421.0	1.8427
421.125	1.8694
421.25	1.8962
421.375	1.9363
421.5	1.963
421.625	1.9968
421.75	2.0298
421.875	2.0738
422.0	2.1045
422.125	2.1375
422.25	2.1808
422.375	2.2177
422.5	2.2594
422.625	2.2995
422.75	2.3396
422.875	2.3805
423.0	2.4221
423.125	2.4693
423.25	2.5172
423.375	2.5676
423.5	2.6171
423.625	2.6698
423.75	2.7216
423.875	2.7814
424.0	2.8325
424.125	2.8852
424.25	2.9426
424.375	2.9937
424.5	3.0597
424.625	3.1163
424.75	3.1698
424.875	3.235
425.0	3.3298
425.125	3.388
425.25	3.4477
425.375	3.52
425.5	3.5845
425.625	3.6435
425.75	3.7079
425.875	3.7748
426.0	3.8377
426.125	3.9006
426.25	3.9666
426.375	4.0271
426.5	4.0971
426.625	4.1561
426.75	4.2205
426.875	4.2795
427.0	4.3337
427.125	4.3966
427.25	4.4446
427.375	4.5051
427.5	4.5649
427.625	4.6144
427.75	4.6671
427.875	4.715
428.0	4.7182
428.125	4.7127
428.25	4.7213
428.375	4.7237
428.5	4.7252
428.625	4.7237
428.75	4.7213
428.875	4.7221
429.0	4.715
429.125	4.7142
429.25	4.7142
429.375	4.7237
429.5	4.7244
429.625	4.7229
429.75	4.7205
429.875	4.7189
430.0	4.7221
430.125	4.7189
430.25	4.7237
430.375	4.7166
430.5	4.7197
430.625	4.7142
430.75	4.7221
430.875	4.7252
431.0	4.7237
431.125	4.7237
431.25	4.7166
431.375	4.7166
431.5	4.7166
431.625	4.7213
431.75	4.7276
431.875	4.715
432.0	4.7237
432.125	4.7221
432.25	4.715
432.375	4.7166
432.5	4.7213
432.625	4.7244
432.75	4.7237
432.875	4.726
433.0	4.7268
433.125	4.7229
433.25	4.7244
433.375	4.7182
433.5	4.7213
433.625	4.7158
433.75	4.715
433.875	4.7244
434.0	4.7237
434.125	4.7237
434.25	4.7166
434.375	4.6922
434.5	4.6663
434.625	4.634
434.75	4.6089
434.875	4.5845
435.0	4.5539
435.125	4.5208
435.25	4.4878
435.375	4.4572
435.5	4.4281
435.625	4.3982
435.75	4.3581
435.875	4.3267
436.0	4.2858
436.125	4.2472
436.25	4.2111
436.375	4.171
436.5	4.1372
436.625	4.0861
436.75	4.0476
436.875	4.0043
437.0	3.9689
437.125	3.9202
437.25	3.8785
437.375	3.8337
437.5	3.7787
437.625	3.7394
437.75	3.6914
437.875	3.6348
438.0	3.5916
438.125	3.5476
438.25	3.4949
438.375	3.4509
438.5	3.3998
438.625	3.3463
438.75	3.2759
438.875	3.2169
439.0	3.1705
439.125	3.121
439.25	3.0738
439.375	3.0227
439.5	2.9795
439.625	2.9308
439.75	2.8883
439.875	2.8459
440.0	2.7979
440.125	2.7594
440.25	2.7169
440.375	2.6698
440.5	2.6289
440.625	2.5919
440.75	2.5558
440.875	2.5204
441.0	2.485
441.125	2.4473
441.25	2.415
441.375	2.3852
441.5	2.3561
441.625	2.3144
441.75	2.2924
441.875	2.2665
442.0	2.2397
442.125	2.2154
442.25	2.1886
442.375	2.1635
442.5	2.1415
442.625	2.1194
442.75	2.1022
442.875	2.0856
443.0	2.0652
443.125	2.0416
443.25	2.0314
443.375	2.0188
443.5	2.0039
443.625	1.9897
443.75	1.9756
443.875	1.9654
444.0	1.9551
444.125	1.9339
444.25	1.9261
444.375	1.9127
444.5	1.9103
444.625	1.8977
444.75	1.8922
444.875	1.8765
445.0	1.8679
445.125	1.8647
445.25	1.8569
445.375	1.8466
445.5	1.8411
445.625	1.8325
445.75	1.8183
445.875	1.8066
446.0	1.7995
446.125	1.79
446.25	1.7908
446.375	1.779
446.5	1.7641
446.625	1.7578
446.75	1.7468
446.875	1.7366
447.0	1.735
447.125	1.7264
447.25	1.7106
447.375	1.7044
447.5	1.691
447.625	1.6816
447.75	1.6721
447.875	1.6588
448.0	1.6438
448.125	1.6336
448.25	1.6226
448.375	1.6053
448.5	1.5927
448.625	1.5794
448.75	1.5707
448.875	1.5542
449.0	1.5463
449.125	1.5322
449.25	1.5204
449.375	1.5086
449.5	1.4944
449.625	1.4866
449.75	1.4732
449.875	1.4591
450.0	1.4457
450.125	1.4331
450.25	1.4158
450.375	1.408
450.5	1.397
450.625	1.3844
450.75	1.3694
450.875	1.36
451.0	1.3474
451.125	1.3411
451.25	1.3294
451.375	1.3168
451.5	1.2987
451.625	1.2924
451.75	1.2743
451.875	1.2617
452.0	1.25
452.125	1.2429
452.25	1.2342
452.375	1.2256
452.5	1.213
452.625	1.2036
452.75	1.1894
452.875	1.18
453.0	1.1753
453.125	1.1627
453.25	1.1533
453.375	1.1391
453.5	1.1336
453.625	1.125
453.75	1.1139
453.875	1.0951
454.0	1.0927
454.125	1.0856
454.25	1.0731
454.375	1.055
454.5	1.0495
454.625	1.0353
454.75	1.0306
454.875	1.0165
455.0	1.0086
455.125	0.996
455.25	0.9921
455.375	0.9779
455.5	0.9693
455.625	0.9622
455.75	0.9528
455.875	0.9402
456.0	0.9308
456.125	0.9221
456.25	0.908
456.375	0.8977
456.5	0.8891
456.625	0.8844
456.75	0.8726
456.875	0.8655
457.0	0.8553
457.125	0.8451
457.25	0.8372
457.375	0.8278
457.5	0.8207
457.625	0.8121
457.75	0.7995
457.875	0.7916
458.0	0.7783
458.125	0.768
458.25	0.7586
458.375	0.7555
458.5	0.7437
458.625	0.7397
458.75	0.7248
458.875	0.7224
459.0	0.7169
459.125	0.7114
459.25	0.7036
459.375	0.6973
459.5	0.6871
459.625	0.6745
459.75	0.6768
459.875	0.6721
460.0	0.6666
460.125	0.6611
460.25	0.6509
460.375	0.6485
460.5	0.6438
460.625	0.6375
460.75	0.6344
460.875	0.6297
461.0	0.6273
461.125	0.6242
461.25	0.6163
461.375	0.6187
461.5	0.6139
461.625	0.6077
461.75	0.6053
461.875	0.5998
462.0	0.5959
462.125	0.5896
462.25	0.5864
462.375	0.5841
462.5	0.5809
462.625	0.5691
462.75	0.5683
462.875	0.5668
463.0	0.5636
463.125	0.5597
463.25	0.5573
463.375	0.5534
463.5	0.5511
463.625	0.5511
463.75	0.544
463.875	0.5416
464.0	0.5361
464.125	0.5306
464.25	0.5298
464.375	0.5188
464.5	0.5188
464.625	0.518
464.75	0.5141
464.875	0.5094
465.0	0.5086
465.125	0.5
465.25	0.5
465.375	0.4952
465.5	0.4897
465.625	0.485
465.75	0.4772
465.875	0.4764
466.0	0.4685
466.125	0.4669
466.25	0.4614
466.375	0.4544
466.5	0.4528
466.625	0.4473
466.75	0.4457
466.875	0.4394
467.0	0.4355
467.125	0.4221
467.25	0.419
467.375	0.4198
467.5	0.415
467.625	0.4158
467.75	0.4048
467.875	0.4033
468.0	0.4017
468.125	0.4001
468.25	0.3954
468.375	0.3954
468.5	0.3883
468.625	0.3828
468.75	0.3812
468.875	0.3797
469.0	0.3757
469.125	0.3718
469.25	0.3702
469.375	0.3679
469.5	0.3679
469.625	0.3577
469.75	0.3592
469.875	0.3592
470.0	0.3537
470.125	0.3553
470.25	0.3537
470.375	0.3522
470.5	0.3522
470.625	0.3459
470.75	0.3466
470.875	0.3427
471.0	0.3427
471.125	0.3435
471.25	0.3443
471.375	0.3427
471.5	0.3404
471.625	0.3396
471.75	0.3396
471.875	0.3364
472.0	0.3364
472.125	0.3364
472.25	0.3325
472.375	0.3254
472.5	0.3262
472.625	0.3341
472.75	0.3325
472.875	0.3294
473.0	0.3262
473.125	0.3254
473.25	0.3333
473.375	0.3301
473.5	0.3246
473.625	0.3309
473.75	0.3301
473.875	0.3317
474.0	0.3333
474.125	0.3325
474.25	0.3317
474.375	0.3333
474.5	0.3325
474.625	0.3333
474.75	0.3333
474.875	0.3309
475.0	0.3301
475.125	0.3317
475.25	0.3294
475.375	0.3294
475.5	0.3325
475.625	0.3278
475.75	0.3286
475.875	0.3341
476.0	0.3294
476.125	0.3317
476.25	0.3333
476.375	0.3325
476.5	0.3349
476.625	0.3427
476.75	0.3443
476.875	0.3427
477.0	0.3411
477.125	0.349
477.25	0.3506
477.375	0.3537
477.5	0.3537
477.625	0.3506
477.75	0.3537
477.875	0.3553
478.0	0.3663
478.125	0.3671
478.25	0.3718
478.375	0.3718
478.5	0.3773
478.625	0.3789
478.75	0.3836
478.875	0.3797
479.0	0.3907
479.125	0.393
479.25	0.3915
479.375	0.4009
479.5	0.4048
479.625	0.4095
479.75	0.4111
479.875	0.4158
480.0	0.4205
480.125	0.4237
480.25	0.4268
480.375	0.4339
480.5	0.4316
480.625	0.441
480.75	0.4418
480.875	0.4426
481.0	0.4504
481.125	0.4559
481.25	0.4544
481.375	0.4606
481.5	0.4693
481.625	0.4748
481.75	0.4795
481.875	0.4842
482.0	0.4897
482.125	0.4929
482.25	0.4984
482.375	0.5047
482.5	0.5078
482.625	0.5133
482.75	0.5172
482.875	0.5227
483.0	0.5267
483.125	0.533
483.25	0.5283
483.375	0.5353
483.5	0.5424
483.625	0.5511
483.75	0.5558
483.875	0.5566
484.0	0.5573
484.125	0.5621
484.25	0.5691
484.375	0.5794
484.5	0.5864
484.625	0.5849
484.75	0.5896
484.875	0.5966
485.0	0.6029
485.125	0.6108
485.25	0.6155
485.375	0.6257
485.5	0.6305
485.625	0.6312
485.75	0.6383
485.875	0.6477
486.0	0.6485
486.125	0.6548
486.25	0.665
486.375	0.6721
486.5	0.6816
486.625	0.6933
486.75	0.6973
486.875	0.7036
487.0	0.713
487.125	0.7201
487.25	0.7295
487.375	0.735
487.5	0.7437
487.625	0.7507
487.75	0.7665
487.875	0.7696
488.0	0.7798
488.125	0.79
488.25	0.8003
488.375	0.8097
488.5	0.8191
488.625	0.8262
488.75	0.8364
488.875	0.8459
489.0	0.8561
489.125	0.8647
489.25	0.8734
489.375	0.8852
489.5	0.8946
489.625	0.9017
489.75	0.9072
489.875	0.9158
490.0	0.9245
490.125	0.9323
490.25	0.9386
490.375	0.9473
490.5	0.9528
490.625	0.963
490.75	0.9669
490.875	0.9787
491.0	0.9874
491.125	0.9921
491.25	0.9976
491.375	1.007
491.5	1.0141
491.625	1.018
491.75	1.0251
491.875	1.033
492.0	1.0345
492.125	1.0424
492.25	1.0487
492.375	1.0566
492.5	1.0628
492.625	1.0699
492.75	1.0707
492.875	1.0762
493.0	1.0817
493.125	1.0888
493.25	1.0935
493.375	1.0998
493.5	1.1045
493.625	1.1108
493.75	1.1163
493.875	1.121
494.0	1.1242
494.125	1.1234
494.25	1.1265
494.375	1.1391
494.5	1.1415
494.625	1.1501
494.75	1.1462
494.875	1.1525
495.0	1.1658
495.125	1.1713
495.25	1.1792
495.375	1.1823
495.5	1.1839
495.625	1.191
495.75	1.1965
495.875	1.2044
496.0	1.2091
496.125	1.2114
496.25	1.2146
496.375	1.2232
496.5	1.235
496.625	1.2421
496.75	1.2437
496.875	1.25
497.0	1.261
497.125	1.2649
497.25	1.272
497.375	1.2806
497.5	1.2877
497.625	1.294
497.75	1.2963
497.875	1.3073
498.0	1.3191
498.125	1.3246
498.25	1.3262
498.375	1.3372
498.5	1.3459
498.625	1.3498
498.75	1.36
498.875	1.3671
499.0	1.3718
499.125	1.3773
499.25	1.3867
499.375	1.3891
499.5	1.3922
499.625	1.4033
499.75	1.4072
499.875	1.415
500.0	1.4158
500.125	1.4221
500.25	1.4284
500.375	1.4339
500.5	1.4473
500.625	1.4504
500.75	1.4528
500.875	1.4559
501.0	1.4591
501.125	1.4622
501.25	1.4764
501.375	1.4772
501.5	1.4787
501.625	1.4874
501.75	1.4874
501.875	1.4984
502.0	1.4952
502.125	1.4992
502.25	1.4976
502.375	1.5062
502.5	1.5149
502.625	1.5204
502.75	1.5251
502.875	1.5235
503.0	1.529
503.125	1.5353
503.25	1.533
503.375	1.5345
503.5	1.5393
503.625	1.544
503.75	1.5518
503.875	1.555
504.0	1.5526
504.125	1.5628
504.25	1.5676
504.375	1.5683
504.5	1.5731
504.625	1.5723
504.75	1.5849
504.875	1.588
505.0	1.5935
505.125	1.5927
505.25	1.5959
505.375	1.5998
505.5	1.6022
505.625	1.5982
505.75	1.6045
505.875	1.6108
506.0	1.6053
506.125	1.6045
506.25	1.6029
506.375	1.61
506.5	1.6187
506.625	1.6179
506.75	1.6171
506.875	1.6108
507.0	1.6179
507.125	1.6202
507.25	1.6147
507.375	1.6084
507.5	1.6108
507.625	1.6108
507.75	1.6163
507.875	1.6092
508.0	1.6163
508.125	1.6132
508.25	1.6053
508.375	1.6108
508.5	1.6053
508.625	1.6037
508.75	1.599
508.875	1.5959
509.0	1.5935
509.125	1.5966
509.25	1.5966
509.375	1.5872
509.5	1.5841
509.625	1.5833
509.75	1.5801
509.875	1.5746
510.0	1.5715
510.125	1.5731
510.25	1.5676
510.375	1.5691
510.5	1.5636
510.625	1.5542
510.75	1.5534
510.875	1.5526
511.0	1.5573
511.125	1.5542
511.25	1.5534
511.375	1.5518
511.5	1.5503
511.625	1.5455
511.75	1.5448
511.875	1.5408
512.0	1.544
512.125	1.5408
512.25	1.5385
512.375	1.5393
512.5	1.5377
512.625	1.54
512.75	1.5306
512.875	1.5338
513.0	1.5353
513.125	1.5369
513.25	1.5298
513.375	1.5298
513.5	1.5345
513.625	1.5306
513.75	1.5298
513.875	1.5314
514.0	1.5306
514.125	1.5306
514.25	1.5353
514.375	1.5338
514.5	1.5298
514.625	1.533
514.75	1.529
514.875	1.5275
515.0	1.5283
515.125	1.5267
515.25	1.5251
515.375	1.522
515.5	1.5235
515.625	1.5188
515.75	1.5227
515.875	1.5204
516.0	1.5172
516.125	1.511
516.25	1.5125
516.375	1.5062
516.5	1.5007
516.625	1.4944
516.75	1.496
516.875	1.4944
517.0	1.4842
517.125	1.4795
517.25	1.4779
517.375	1.4756
517.5	1.4709
517.625	1.4685
517.75	1.4654
517.875	1.4528
518.0	1.4567
518.125	1.4528
518.25	1.4504
518.375	1.4418
518.5	1.4331
518.625	1.4292
518.75	1.4276
518.875	1.4158
519.0	1.4166
519.125	1.4119
519.25	1.4009
519.375	1.3985
519.5	1.393
519.625	1.393
519.75	1.3922
519.875	1.3875
520.0	1.3742
520.125	1.3781
520.25	1.3773
520.375	1.3726
520.5	1.3632
520.625	1.3537
520.75	1.3569
520.875	1.3569
521.0	1.3506
521.125	1.3522
521.25	1.3529
521.375	1.3396
521.5	1.3356
521.625	1.3404
521.75	1.3262
521.875	1.3325
522.0	1.3238
522.125	1.3176
522.25	1.3168
522.375	1.316
522.5	1.3073
522.625	1.3034
522.75	1.3081
522.875	1.3018
523.0	1.2963
523.125	1.2845
523.25	1.2806
523.375	1.2735
523.5	1.2712
523.625	1.2704
523.75	1.2672
523.875	1.268
524.0	1.2539
524.125	1.2555
524.25	1.2492
524.375	1.2452
524.5	1.2413
524.625	1.2287
524.75	1.2295
524.875	1.2272
525.0	1.2209
525.125	1.2177
525.25	1.2075
525.375	1.2004
525.5	1.1981
525.625	1.1941
525.75	1.1871
525.875	1.1792
526.0	1.1674
526.125	1.1682
526.25	1.1619
526.375	1.1556
526.5	1.1533
526.625	1.1438
526.75	1.1415
526.875	1.1367
527.0	1.1305
527.125	1.1289
527.25	1.1226
527.375	1.1187
527.5	1.1147
527.625	1.1084
527.75	1.1053
527.875	1.1014
528.0	1.0966
528.125	1.0943
528.25	1.088
528.375	1.0825
528.5	1.0778
528.625	1.0731
528.75	1.0707
528.875	1.0644
529.0	1.0581
529.125	1.0566
529.25	1.0503
529.375	1.0479
529.5	1.0408
529.625	1.0377
529.75	1.0314
529.875	1.0314
530.0	1.029
530.125	1.0251
530.25	1.0204
530.375	1.0172
530.5	1.0117
530.625	1.0055
530.75	1.0007
530.875	0.9944
531.0	0.9937
531.125	0.9929
531.25	0.9874
531.375	0.9795
531.5	0.974
531.625	0.9622
531.75	0.9567
531.875	0.9559
532.0	0.9544
532.125	0.9512
532.25	0.9457
532.375	0.9355
532.5	0.9347
532.625	0.9284
532.75	0.9182
532.875	0.9166
533.0	0.9135
533.125	0.9025
533.25	0.8977
533.375	0.8852
533.5	0.8812
533.625	0.8789
533.75	0.8742
533.875	0.8694
534.0	0.8679
534.125	0.8647
534.25	0.8561
534.375	0.8553
534.5	0.8522
534.625	0.8474
534.75	0.8364
534.875	0.8309
535.0	0.827
535.125	0.816
535.25	0.8121
535.375	0.8089
535.5	0.8042
535.625	0.8073
535.75	0.7971
535.875	0.79
536.0	0.7932
536.125	0.7853
536.25	0.779
536.375	0.779
536.5	0.7657
536.625	0.7625
536.75	0.7641
536.875	0.7531
537.0	0.7539
537.125	0.7531
537.25	0.7492
537.375	0.7366
537.5	0.7374
537.625	0.7358
537.75	0.7327
537.875	0.7295
538.0	0.7216
538.125	0.7154
538.25	0.7146
538.375	0.7169
538.5	0.7067
538.625	0.7075
538.75	0.7012
538.875	0.6918
539.0	0.6926
539.125	0.6871
539.25	0.6792
539.375	0.6776
539.5	0.6729
539.625	0.6698
539.75	0.665
539.875	0.6603
540.0	0.6572
540.125	0.6517
540.25	0.6533
540.375	0.6399
540.5	0.6407
540.625	0.6328
540.75	0.6242
540.875	0.6242
541.0	0.6155
541.125	0.6108
541.25	0.6132
541.375	0.6077
541.5	0.5966
541.625	0.5966
541.75	0.5896
541.875	0.5817
542.0	0.5825
542.125	0.5731
542.25	0.5786
542.375	0.5707
542.5	0.5668
542.625	0.5581
542.75	0.555
542.875	0.5495
543.0	0.5448
543.125	0.5408
543.25	0.5377
543.375	0.533
543.5	0.5298
543.625	0.5275
543.75	0.5235
543.875	0.5212
544.0	0.5172
544.125	0.518
544.25	0.507
544.375	0.5094
544.5	0.507
544.625	0.5086
544.75	0.5
544.875	0.4913
545.0	0.4913
545.125	0.4866
545.25	0.4858
545.375	0.4827
545.5	0.4795
545.625	0.4795
545.75	0.4748
545.875	0.4724
546.0	0.4685
546.125	0.4622
546.25	0.4614
546.375	0.463
546.5	0.4599
546.625	0.4551
546.75	0.4559
546.875	0.4504
547.0	0.4481
547.125	0.4386
547.25	0.4347
547.375	0.4386
547.5	0.4339
547.625	0.4292
547.75	0.4284
547.875	0.4182
548.0	0.4174
548.125	0.4135
548.25	0.4166
548.375	0.4103
548.5	0.4111
548.625	0.408
548.75	0.4088
548.875	0.4048
549.0	0.3954
549.125	0.3993
549.25	0.4009
549.375	0.397
549.5	0.3922
549.625	0.3883
549.75	0.3781
549.875	0.3781
550.0	0.3757
550.125	0.3734
550.25	0.3726
550.375	0.3694
550.5	0.3679
550.625	0.3694
550.75	0.3679
550.875	0.3639
551.0	0.3639
551.125	0.3639
551.25	0.3624
551.375	0.3592
551.5	0.3584
551.625	0.3569
551.75	0.3537
551.875	0.349
552.0	0.349
552.125	0.3474
552.25	0.3466
552.375	0.3451
552.5	0.3435
552.625	0.3443
552.75	0.3443
552.875	0.3396
553.0	0.3411
553.125	0.3411
553.25	0.3396
553.375	0.3388
553.5	0.3396
553.625	0.3411
553.75	0.3404
553.875	0.3396
554.0	0.3349
554.125	0.3388
554.25	0.3356
554.375	0.3396
554.5	0.3388
554.625	0.3372
554.75	0.3372
554.875	0.3364
555.0	0.3349
555.125	0.3364
555.25	0.3364
555.375	0.3364
555.5	0.3349
555.625	0.3364
555.75	0.3349
555.875	0.3333
556.0	0.3372
556.125	0.3349
556.25	0.3356
556.375	0.3349
556.5	0.3349
556.625	0.3341
556.75	0.3325
556.875	0.327
557.0	0.3301
557.125	0.3309
557.25	0.3333
557.375	0.3309
557.5	0.3325
557.625	0.3317
557.75	0.3294
557.875	0.3286
558.0	0.3301
558.125	0.3364
558.25	0.3333
558.375	0.3349
558.5	0.3364
558.625	0.3341
558.75	0.3356
558.875	0.3356
559.0	0.3349
559.125	0.3333
559.25	0.3317
559.375	0.3278
559.5	0.3325
559.625	0.3325
559.75	0.3286
559.875	0.3349
560.0	0.3333
560.125	0.3301
560.25	0.3294
560.375	0.3349
560.5	0.3356
560.625	0.3349
560.75	0.3364
560.875	0.3301
561.0	0.3333
561.125	0.3349
561.25	0.3388
561.375	0.3364
561.5	0.3356
561.625	0.3349
561.75	0.3325
561.875	0.3309
562.0	0.3364
562.125	0.327
562.25	0.3301
562.375	0.3294
562.5	0.3254
562.625	0.3254
562.75	0.3325
562.875	0.3301
563.0	0.3294
563.125	0.3286
563.25	0.3254
563.375	0.3238
563.5	0.3238
563.625	0.3254
563.75	0.3207
563.875	0.3231
564.0	0.3183
564.125	0.3168
564.25	0.3183
564.375	0.3152
564.5	0.3136
564.625	0.3152
564.75	0.3136
564.875	0.3097
565.0	0.3105
565.125	0.3066
565.25	0.3073
565.375	0.3089
565.5	0.3042
565.625	0.2987
565.75	0.2995
565.875	0.2971
566.0	0.2955
566.125	0.2932
566.25	0.2971
566.375	0.2971
566.5	0.2979
566.625	0.2924
566.75	0.2908
566.875	0.2869
567.0	0.283
567.125	0.2893
567.25	0.2861
567.375	0.2893
567.5	0.2822
567.625	0.2806
567.75	0.2822
567.875	0.283
568.0	0.2806
568.125	0.2783
568.25	0.2767
568.375	0.2775
568.5	0.2767
568.625	0.2759
568.75	0.2735
568.875	0.2672
569.0	0.2696
569.125	0.2672
569.25	0.2665
569.375	0.2665
569.5	0.2586
569.625	0.2594
569.75	0.2562
569.875	0.2539
570.0	0.2531
570.125	0.2547
570.25	0.2515
570.375	0.2484
570.5	0.2492
570.625	0.25
570.75	0.246
570.875	0.246
571.0	0.2484
571.125	0.25
571.25	0.25
571.375	0.2413
571.5	0.2492
571.625	0.2484
571.75	0.2468
571.875	0.2437
572.0	0.2413
572.125	0.2476
572.25	0.246
572.375	0.2484
572.5	0.25
572.625	0.2531
572.75	0.2547
572.875	0.2547
573.0	0.2539
573.125	0.2578
573.25	0.2578
573.375	0.257
573.5	0.2531
573.625	0.2641
573.75	0.2641
573.875	0.2617
574.0	0.2641
574.125	0.2594
574.25	0.2625
574.375	0.2586
574.5	0.2562
574.625	0.2617
574.75	0.2594
574.875	0.2562
575.0	0.2555
575.125	0.2515
575.25	0.2476
575.375	0.2468
575.5	0.2429
575.625	0.2405
575.75	0.2366
575.875	0.2327
576.0	0.2334
576.125	0.2303
576.25	0.2264
576.375	0.2201
576.5	0.2154
576.625	0.2185
576.75	0.2216
576.875	0.2146
577.0	0.2193
577.125	0.2169
577.25	0.2177
577.375	0.2169
577.5	0.2177
577.625	0.2146
577.75	0.2083
577.875	0.2067
578.0	0.2091
578.125	0.2091
578.25	0.2067
578.375	0.2106
578.5	0.2075
578.625	0.2059
578.75	0.2044
578.875	0.2028
579.0	0.2028
579.125	0.1996
579.25	0.2036
579.375	0.2067
579.5	0.2051
579.625	0.2004
579.75	0.202
579.875	0.2075
580.0	0.1996
580.125	0.2044
580.25	0.2036
580.375	0.2004
580.5	0.1965
580.625	0.1981
580.75	0.1981
580.875	0.1973
581.0	0.1965
581.125	0.1988
581.25	0.1988
581.375	0.2012
581.5	0.2028
581.625	0.1996
581.75	0.2059
581.875	0.2099
582.0	0.2075
582.125	0.2114
582.25	0.2169
582.375	0.2201
582.5	0.2216
582.625	0.2295
582.75	0.2421
582.875	0.2602
583.0	0.2814
583.125	0.3026
583.25	0.3231
583.375	0.3506
583.5	0.3781
583.625	0.3985
583.75	0.4292
583.875	0.452
584.0	0.4811
584.125	0.5023
584.25	0.5251
584.375	0.5424
584.5	0.5558
584.625	0.5699
584.75	0.5746
584.875	0.5841
585.0	0.5864
585.125	0.5801
585.25	0.5731
585.375	0.5668
585.5	0.5495
585.625	0.5416
585.75	0.522
585.875	0.4984
586.0	0.4882
586.125	0.4654
586.25	0.4481
586.375	0.4284
586.5	0.4127
586.625	0.3977
586.75	0.3946
586.875	0.3954
587.0	0.3977
587.125	0.4111
587.25	0.4323
587.375	0.4504
587.5	0.4889
587.625	0.522
587.75	0.5676
587.875	0.6187
588.0	0.6768
588.125	0.7366
588.25	0.7877
588.375	0.8443
588.5	0.897
588.625	0.9528
588.75	1.0039
588.875	1.044
589.0	1.0778
589.125	1.1116
589.25	1.1352
589.375	1.1493
589.5	1.1548
589.625	1.1493
589.75	1.1375
589.875	1.1265
590.0	1.099
590.125	1.0668
590.25	1.033
590.375	0.9921
590.5	0.9441
590.625	0.9033
590.75	0.86
590.875	0.8073
591.0	0.7539
591.125	0.7036
591.25	0.6556
591.375	0.6053
591.5	0.5644
591.625	0.518
591.75	0.485
591.875	0.4496
592.0	0.4245
592.125	0.3954
592.25	0.3702
592.375	0.3482
592.5	0.3388
592.625	0.3183
592.75	0.305
592.875	0.2916
593.0	0.294
593.125	0.2869
593.25	0.2822
593.375	0.2759
593.5	0.2696
593.625	0.2649
593.75	0.2594
593.875	0.2633
594.0	0.2657
594.125	0.2688
594.25	0.268
594.375	0.268
594.5	0.2657
594.625	0.2657
594.75	0.2743
594.875	0.2712
595.0	0.2759
595.125	0.2783
595.25	0.2743
595.375	0.2735
595.5	0.2704
595.625	0.2696
595.75	0.272
595.875	0.2696
596.0	0.2688
596.125	0.2672
596.25	0.2657
596.375	0.2617
596.5	0.2594
596.625	0.2555
596.75	0.2562
596.875	0.2555
597.0	0.25
597.125	0.25
597.25	0.2444
597.375	0.2452
597.5	0.2452
597.625	0.2437
597.75	0.2421
597.875	0.2342
598.0	0.2405
598.125	0.2397
598.25	0.2382
598.375	0.2366
598.5	0.2397
598.625	0.2311
598.75	0.2389
598.875	0.2429
599.0	0.2405
599.125	0.246
599.25	0.2437
599.375	0.2492
599.5	0.2492
599.625	0.2523
599.75	0.2515
599.875	0.2547
600.0	0.2562
600.125	0.2594
600.25	0.2617
600.375	0.2625
600.5	0.2602
600.625	0.2657
600.75	0.272
600.875	0.2735
601.0	0.2743
601.125	0.2665
601.25	0.2783
601.375	0.279
601.5	0.2775
601.625	0.2735
601.75	0.2727
601.875	0.272
602.0	0.272
602.125	0.2743
602.25	0.2759
602.375	0.2783
602.5	0.2877
602.625	0.2877
602.75	0.29
602.875	0.2924
603.0	0.29
603.125	0.2916
603.25	0.3018
603.375	0.3018
603.5	0.3081
603.625	0.3207
603.75	0.3317
603.875	0.3443
604.0	0.3577
604.125	0.3781
604.25	0.404
604.375	0.4378
604.5	0.4779
604.625	0.533
604.75	0.5935
604.875	0.6698
605.0	0.75
605.125	0.8435
605.25	0.9386
605.375	1.044
605.5	1.1572
605.625	1.2696
605.75	1.3797
605.875	1.4897
606.0	1.5911
606.125	1.6902
606.25	1.779
606.375	1.86
606.5	1.9261
606.625	1.9732
606.75	2.0094
606.875	2.0314
607.0	2.0377
607.125	2.0267
607.25	2.0055
607.375	1.9661
607.5	1.9135
607.625	1.8514
607.75	1.783
607.875	1.6988
608.0	1.6132
608.125	1.518
608.25	1.4292
608.375	1.3262
608.5	1.2429
608.625	1.1548
608.75	1.0794
608.875	1.0133
609.0	0.9622
609.125	0.9166
609.25	0.8836
609.375	0.8726
609.5	0.8694
609.625	0.882
609.75	0.9048
609.875	0.9378
610.0	0.9693
610.125	1.0133
610.25	1.055
610.375	1.1006
610.5	1.1391
610.625	1.1823
610.75	1.2067
610.875	1.2389
611.0	1.2555
611.125	1.2578
611.25	1.2555
611.375	1.2523
611.5	1.2342
611.625	1.2012
611.75	1.1643
611.875	1.1226
612.0	1.0723
612.125	1.0117
612.25	0.9567
612.375	0.8915
612.5	0.8286
612.625	0.7649
612.75	0.7004
612.875	0.6391
613.0	0.5809
613.125	0.5267
613.25	0.4693
613.375	0.4174
613.5	0.3726
613.625	0.3309
613.75	0.29
613.875	0.2594
614.0	0.2311
614.125	0.2083
614.25	0.1918
614.375	0.1721
614.5	0.1595
614.625	0.147
614.75	0.1352
614.875	0.1273
615.0	0.1187
615.125	0.1116
615.25	0.1116
615.375	0.1014
615.5	0.0951
615.625	0.0935
615.75	0.0943
615.875	0.0841
616.0	0.0833
616.125	0.0841
616.25	0.0817
616.375	0.0817
616.5	0.0676
616.625	0.0723
616.75	0.0628
616.875	0.0628
617.0	0.0668
617.125	0.0636
617.25	0.0644
617.375	0.0668
617.5	0.0707
617.625	0.0707
617.75	0.0628
617.875	0.0573
618.0	0.0566
618.125	0.0628
618.25	0.0652
618.375	0.0621
618.5	0.0581
618.625	0.0628
618.75	0.0605
618.875	0.0589
619.0	0.0542
619.125	0.0605
619.25	0.0613
619.375	0.0597
619.5	0.0487
619.625	0.0518
619.75	0.0495
619.875	0.0597
620.0	0.0652
620.125	0.0652
620.25	0.0566
620.375	0.0605
620.5	0.0621
620.625	0.0573
620.75	0.0652
620.875	0.0652
621.0	0.066
621.125	0.0731
621.25	0.077
621.375	0.0951
621.5	0.1037
621.625	0.1163
621.75	0.125
621.875	0.1415
622.0	0.1548
622.125	0.1698
622.25	0.1839
622.375	0.202
622.5	0.2287
622.625	0.2389
622.75	0.25
622.875	0.2633
623.0	0.2783
623.125	0.2877
623.25	0.3058
623.375	0.3066
623.5	0.3136
623.625	0.3254
623.75	0.3254
623.875	0.3262
624.0	0.3089
624.125	0.3113
624.25	0.2979
624.375	0.2885
624.5	0.283
624.625	0.2704
624.75	0.2515
624.875	0.2342
625.0	0.2193
625.125	0.2091
625.25	0.1941
625.375	0.1768
625.5	0.1635
625.625	0.154
625.75	0.1375
625.875	0.125
626.0	0.125
626.125	0.1084
626.25	0.1037
626.375	0.1014
626.5	0.0966
626.625	0.0935
626.75	0.0833
626.875	0.0786
627.0	0.0778
627.125	0.0738
627.25	0.0746
627.375	0.0699
627.5	0.0786
627.625	0.0778
627.75	0.0723
627.875	0.0762
628.0	0.0731
628.125	0.0731
628.25	0.0738
628.375	0.0794
628.5	0.0809
628.625	0.0691
628.75	0.0699
628.875	0.0676
629.0	0.0754
629.125	0.0676
629.25	0.0636
629.375	0.066
629.5	0.0628
629.625	0.0621
629.75	0.066
629.875	0.0597
630.0	0.0495
630.125	0.0613
630.25	0.0534
630.375	0.0503
630.5	0.0487
630.625	0.0463
630.75	0.0495
630.875	0.0526
631.0	0.0534
631.125	0.0518
631.25	0.0471
631.375	0.0479
631.5	0.0479
631.625	0.044
631.75	0.0448
631.875	0.0471
632.0	0.0393
632.125	0.0408
632.25	0.0353
632.375	0.0385
632.5	0.0424
632.625	0.0377
632.75	0.044
632.875	0.0369
633.0	0.04
633.125	0.0424
633.25	0.0322
633.375	0.0416
633.5	0.0298
633.625	0.0314
633.75	0.0235
633.875	0.0322
634.0	0.0275
634.125	0.0251
634.25	0.0227
634.375	0.0259
634.5	0.029
634.625	0.0227
634.75	0.0267
634.875	0.0283
635.0	0.029
635.125	0.0251
635.25	0.0227
635.375	0.0259
635.5	0.0235
635.625	0.0204
635.75	0.0259
635.875	0.0275
636.0	0.0259
636.125	0.0283
636.25	0.029
636.375	0.0322
636.5	0.0283
636.625	0.0298
636.75	0.029
636.875	0.0251
637.0	0.0275
637.125	0.0235
637.25	0.0243
637.375	0.022
637.5	0.0235
637.625	0.0188
637.75	0.0188
637.875	0.0188
638.0	0.0204
638.125	0.0251
638.25	0.0251
638.375	0.0243
638.5	0.0243
638.625	0.0165
638.75	0.018
638.875	0.0094
639.0	0.0094
639.125	0.018
639.25	0.0204
639.375	0.0188
639.5	0.018
639.625	0.018
639.75	0.0117
639.875	0.0149
640.0	0.0172
640.125	0.0196
640.25	0.0133
640.375	0.0172
640.5	0.022
640.625	0.0141
640.75	0.0227
640.875	0.0251
641.0	0.0227
641.125	0.0125
641.25	0.0188
641.375	0.0204
641.5	0.0227
641.625	0.0259
641.75	0.0283
641.875	0.0212
642.0	0.0227
642.125	0.0188
642.25	0.0204
642.375	0.0165
642.5	0.0125
642.625	0.0165
642.75	0.022
642.875	0.0235
643.0	0.0227
643.125	0.022
643.25	0.0204
643.375	0.0196
643.5	0.0196
643.625	0.0172
643.75	0.0172
643.875	0.0235
644.0	0.0251
644.125	0.0243
644.25	0.0243
644.375	0.0259
644.5	0.0235
644.625	0.0251
644.75	0.0251
644.875	0.029
645.0	0.0275
645.125	0.0212
645.25	0.0243
645.375	0.0235
645.5	0.0251
645.625	0.0275
645.75	0.0283
645.875	0.029
646.0	0.029
646.125	0.0259
646.25	0.0235
646.375	0.0298
646.5	0.0275
646.625	0.0212
646.75	0.022
646.875	0.0267
647.0	0.0235
647.125	0.0259
647.25	0.0235
647.375	0.0267
647.5	0.0251
647.625	0.0251
647.75	0.0275
647.875	0.0251
648.0	0.0243
648.125	0.0243
648.25	0.0243
648.375	0.0235
648.5	0.0235
648.625	0.0188
648.75	0.0196
648.875	0.022
649.0	0.0196
649.125	0.0196
649.25	0.0117
649.375	0.018
649.5	0.0172
649.625	0.0133
649.75	0.0094
649.875	0.0141
650.0	0.0172
650.125	0.0165
650.25	0.018
650.375	0.0172
650.5	0.0157
650.625	0.0141
650.75	0.0165
650.875	0.0117
651.0	0.0141
651.125	0.0157
651.25	0.0165
651.375	0.0141
651.5	0.0149
651.625	0.0157
651.75	0.0125
651.875	0.0117
652.0	0.0094
652.125	0.0086
652.25	0.0133
652.375	0.0149
652.5	0.0133
652.625	0.0157
652.75	0.018
652.875	0.0157
653.0	0.0125
653.125	0.0165
653.25	0.0141
653.375	0.0165
653.5	0.0102
653.625	0.0133
653.75	0.0141
653.875	0.0078
654.0	0.0133
654.125	0.0133
654.25	0.0165
654.375	0.0141
654.5	0.0117
654.625	0.0133
654.75	0.018
654.875	0.0149
655.0	0.0141
655.125	0.0125
655.25	0.0102
655.375	0.0117
655.5	0.0062
655.625	0.0055
655.75	0.0125
655.875	0.0141
656.0	0.011
656.125	0.0055
656.25	0.007
656.375	0.0062
656.5	0.0047
656.625	0.007
656.75	0.0078
656.875	0.0102
657.0	0.0094
657.125	0.011
657.25	0.0117
657.375	0.0125
657.5	0.0117
657.625	0.011
657.75	0.0031
657.875	0.0031
658.0	0.0039
658.125	0.0094
658.25	0.0165
658.375	0.0165
658.5	0.0133
658.625	0.0149
658.75	0.0188
658.875	0.0188
659.0	0.0172
659.125	0.0141
659.25	0.0157
659.375	0.0165
659.5	0.0149
659.625	0.0196
659.75	0.0125
659.875	0.0102
660.0	0.0165
660.125	0.0204
660.25	0.0157
660.375	0.0172
660.5	0.0117
660.625	0.0188
660.75	0.0188
660.875	0.0149
661.0	0.0165
661.125	0.0125
661.25	0.0149
661.375	0.0157
661.5	0.0102
661.625	0.011
661.75	0.0141
661.875	0.0078
662.0	0.0125
662.125	0.0133
662.25	0.0094
662.375	0.0094
662.5	0.011
662.625	0.0149
662.75	0.0157
662.875	0.0133
663.0	0.0141
663.125	0.0141
663.25	0.0062
663.375	0.0062
663.5	0.0086
663.625	0.0141
663.75	0.0125
663.875	0.0117
664.0	0.0125
664.125	0.0141
664.25	0.0149
664.375	0.0157
664.5	0.0141
664.625	0.0157
664.75	0.0141
664.875	0.0141
665.0	0.0141
665.125	0.0188
665.25	0.0172
665.375	0.0172
665.5	0.018
665.625	0.0149
665.75	0.0141
665.875	0.0165
666.0	0.0133
666.125	0.0157
666.25	0.0172
666.375	0.0172
666.5	0.0133
666.625	0.0102
666.75	0.0125
666.875	0.0102
667.0	0.0141
667.125	0.0165
667.25	0.0165
667.375	0.0196
667.5	0.0157
667.625	0.0102
667.75	0.0125
667.875	0.011
668.0	0.0062
668.125	0.0125
668.25	0.0141
668.375	0.0172
668.5	0.0172
668.625	0.0172
668.75	0.0149
668.875	0.0133
669.0	0.0094
669.125	0.011
669.25	0.0086
669.375	0.0125
669.5	0.011
669.625	0.0141
669.75	0.0102
669.875	0.011
670.0	0.011
670.125	0.0086
670.25	0.0133
670.375	0.0141
670.5	0.0133
670.625	0.0125
670.75	0.0094
670.875	0.0125
671.0	0.0086
671.125	0.0117
671.25	0.0157
671.375	0.011
671.5	0.011
671.625	0.0102
671.75	0.0086
671.875	0.0086
672.0	0.0102
672.125	0.0094
672.25	0.0133
672.375	0.0117
672.5	0.0102
672.625	0.011
672.75	0.011
672.875	0.0086
673.0	0.0094
673.125	0.0133
673.25	0.011
673.375	0.0086
673.5	0.0047
673.625	0.007
673.75	0.0086
673.875	0.007
674.0	0.0102
674.125	0.0117
674.25	0.0133
674.375	0.0117
674.5	0.011
674.625	0.0141
674.75	0.0125
674.875	0.0125
675.0	0.0117
675.125	0.0149
675.25	0.011
675.375	0.0125
675.5	0.0125
675.625	0.0125
675.75	0.0102
675.875	0.0094
676.0	0.0062
676.125	0.0102
676.25	0.0086
676.375	0.007
676.5	0.0047
676.625	0.0047
676.75	0.0078
676.875	0.0062
677.0	0.0094
677.125	0.0102
677.25	0.007
677.375	0.0086
677.5	0.0039
677.625	0.0062
677.75	0.0094
677.875	0.0047
678.0	0.0047
678.125	0.011
678.25	0.0086
678.375	0.0078
678.5	0.0086
678.625	0.0094
678.75	0.0094
678.875	0.0094
679.0	0.0078
679.125	0.0078
679.25	0.0055
679.375	0.0094
679.5	0.007
679.625	0.0094
679.75	0.0094
679.875	0.007
680.0	0.0078
680.125	0.007
680.25	0.0078
680.375	0.0055
680.5	0.0094
680.625	0.0078
680.75	0.0086
680.875	0.007
681.0	0.0031
681.125	0.0039
681.25	0.0023
681.375	0.0047
681.5	0.0047
681.625	0.0062
681.75	0.0047
681.875	0.0094
682.0	0.0062
682.125	0.0055
682.25	0.0094
682.375	0.0055
682.5	0.0031
682.625	0.0102
682.75	0.0062
682.875	0.0133
683.0	0.011
683.125	0.0062
683.25	7.0E-4
683.375	0.0031
683.5	0.007
683.625	0.0086
683.75	0.007
683.875	0.0023
684.0	0.011
684.125	0.0149
684.25	0.0165
684.375	0.0141
684.5	0.0062
684.625	0.007
684.75	0.0047
684.875	0.0023
685.0	0.0
685.125	0.0
685.25	0.0031
685.375	0.0078
685.5	0.0086
685.625	0.0086
685.75	0.0078
685.875	0.0047
686.0	0.0031
686.125	0.0015
686.25	0.0047
686.375	0.0055
686.5	0.0086
686.625	0.0094
686.75	0.0062
686.875	0.0039
687.0	0.007
687.125	0.0062
687.25	0.0078
687.375	0.0039
687.5	0.0015
687.625	0.0031
687.75	0.0055
687.875	0.0047
688.0	0.0055
688.125	0.0055
688.25	0.0039
688.375	0.0023
688.5	0.0039
688.625	0.0055
688.75	0.0047
688.875	0.0062
689.0	0.0031
689.125	0.0047
689.25	0.0078
689.375	0.0078
689.5	0.0078
689.625	0.007
689.75	0.0047
689.875	0.0062
690.0	0.0055
690.125	0.0055
690.25	0.0039
690.375	0.0015
690.5	0.0047
690.625	0.0078
690.75	0.0062
690.875	0.0023
691.0	0.0055
691.125	0.0062
691.25	0.0039
691.375	0.007
691.5	0.0023
691.625	0.0039
691.75	0.0039
691.875	0.0
692.0	0.0
692.125	0.0
692.25	0.0
692.375	0.0
692.5	0.0
692.625	0.0
692.75	0.0
692.875	0.0
693.0	0.0
693.125	0.0
693.25	0.0
693.375	0.0
693.5	0.0
693.625	0.0
693.75	0.0
693.875	0.0023
694.0	0.0
694.125	0.0
694.25	0.0
694.375	0.0
694.5	0.0
694.625	0.0
694.75	0.0
694.875	0.0
695.0	0.0
695.125	0.0
695.25	0.0
695.375	0.0
695.5	0.0
695.625	7.0E-4
695.75	0.0
695.875	0.0
696.0	0.0
696.125	0.0
696.25	0.0
696.375	0.0
696.5	0.0
696.625	7.0E-4
696.75	0.0
696.875	0.0047
697.0	0.0047
697.125	0.0031
697.25	0.0
697.375	0.0
697.5	0.0
697.625	0.0
697.75	0.0
697.875	0.0
698.0	0.0
698.125	0.0
698.25	0.0
698.375	0.0
698.5	0.0
698.625	0.0
698.75	0.0
698.875	0.0
699.0	0.0
699.125	0.0
699.25	0.0
699.375	0.0
699.5	0.0
699.625	0.0
699.75	0.0
699.875	0.0
700.0	0.0
700.125	0.0
700.25	0.0
700.375	0.0
700.5	0.0
700.625	0.0
700.75	0.0
700.875	0.0
701.0	0.0
701.125	0.0
701.25	0.0
701.375	0.0
701.5	0.0
701.625	0.0
701.75	0.0
701.875	0.0
702.0	0.0
702.125	0.0
702.25	0.0
702.375	0.0
702.5	0.0
702.625	0.0
702.75	0.0
702.875	0.0
703.0	0.0
703.125	0.0
703.25	0.0
703.375	0.0
703.5	0.0
703.625	0.0
703.75	0.0015
703.875	0.0
704.0	0.0
704.125	0.0
704.25	0.0
704.375	0.0
704.5	0.0
704.625	0.0
704.75	0.0
704.875	0.0
705.0	0.0
705.125	0.0
705.25	0.0
705.375	0.0
705.5	0.0
705.625	0.0
705.75	0.0
705.875	0.0
706.0	0.0
706.125	0.0
706.25	0.0
706.375	0.0
706.5	0.0
706.625	0.0
706.75	0.0
706.875	0.0
707.0	0.0
707.125	0.0
707.25	0.0
707.375	0.0
707.5	0.0
707.625	0.0
707.75	0.0
707.875	0.0
708.0	0.0
708.125	0.0
708.25	0.0
708.375	0.0
708.5	0.0
708.625	0.0
708.75	0.0
708.875	0.0
709.0	0.0
709.125	0.0
709.25	0.0
709.375	0.0
709.5	0.0
709.625	0.0
709.75	0.0
709.875	0.0
710.0	0.0
710.125	0.0
710.25	0.0
710.375	0.0
710.5	0.0
710.625	0.0
710.75	0.0
710.875	0.0
711.0	0.0
711.125	0.0
711.25	0.0
711.375	0.0
711.5	0.0
711.625	0.0
711.75	0.0
711.875	0.0
712.0	0.0
712.125	0.0
712.25	0.0
712.375	0.0
712.5	0.0
712.625	0.0
712.75	0.0
712.875	0.0
713.0	0.0
713.125	0.0
713.25	0.0
713.375	0.0
713.5	0.0
713.625	0.0
713.75	0.0
713.875	0.0
714.0	0.0015
714.125	0.0023
714.25	0.0023
714.375	0.0
714.5	0.0023
714.625	7.0E-4
714.75	7.0E-4
714.875	0.0047
715.0	0.0031
715.125	0.0031
715.25	7.0E-4
715.375	0.007
715.5	0.0047
715.625	0.0023
715.75	0.0
715.875	0.0023
716.0	0.0047
716.125	0.0047
716.25	0.0047
716.375	0.0055
716.5	0.0047
716.625	0.0047
716.75	0.0039
716.875	0.0031
717.0	0.0031
717.125	0.0055
717.25	0.0047
717.375	0.0039
717.5	0.0031
717.625	0.0039
717.75	7.0E-4
717.875	0.0
718.0	0.0
718.125	0.0
718.25	0.0023
718.375	0.0031
718.5	0.0047
718.625	0.0031
718.75	0.0055
718.875	0.0047
719.0	0.0031
719.125	0.0047
719.25	0.0055
719.375	0.0055
719.5	0.0039
719.625	0.0055
719.75	0.0047
719.875	0.0039
720.0	0.0047
720.125	0.0031
720.25	0.0055
720.375	0.0039
720.5	0.0047
720.625	0.0015
720.75	0.0023
720.875	0.0047
721.0	0.0047
721.125	0.0047
721.25	0.0031
721.375	0.0047
721.5	0.0023
721.625	0.0039
721.75	0.0031
721.875	0.0
722.0	0.0047
722.125	0.0039
722.25	0.0
722.375	0.0
722.5	0.0
722.625	0.0
722.75	0.0
722.875	0.0
723.0	0.0
723.125	0.0
723.25	0.0
723.375	0.0
723.5	7.0E-4
723.625	0.0
723.75	0.0015
723.875	0.0
724.0	0.0015
724.125	0.0
724.25	0.0
724.375	0.0
724.5	0.0
724.625	0.0
724.75	0.0
724.875	0.0
725.0	0.0
725.125	0.0
725.25	7.0E-4
725.375	0.0
725.5	7.0E-4
725.625	0.0
725.75	0.0
725.875	0.0
726.0	0.0
726.125	0.0
726.25	0.0
726.375	0.0
726.5	0.0
726.625	0.0
726.75	0.0015
726.875	0.0
727.0	0.0
727.125	0.0
727.25	0.0
727.375	0.0
727.5	0.0
727.625	0.0
727.75	0.0
727.875	0.0
728.0	0.0
728.125	0.0
728.25	0.0015
728.375	0.0
728.5	0.0015
728.625	0.0
728.75	0.0
728.875	0.0
729.0	0.0
729.125	0.0015
729.25	0.0
729.375	0.0015
729.5	0.0047
729.625	7.0E-4
729.75	7.0E-4
729.875	0.0023
730.0	0.0031
730.125	0.0031
730.25	0.0015
730.375	0.0023
730.5	0.0047
730.625	0.0015
730.75	0.0
730.875	7.0E-4
731.0	0.0
731.125	0.0031
731.25	0.0
731.375	0.0023
731.5	0.0055
731.625	0.0031
731.75	0.0015
731.875	7.0E-4
732.0	7.0E-4
732.125	0.0015
732.25	0.007
732.375	0.0023
732.5	0.0023
732.625	0.0055
732.75	0.0039
732.875	0.0055
733.0	0.0086
733.125	0.0047
733.25	0.0031
733.375	0.0055
733.5	0.0047
733.625	0.0055
733.75	0.0062
733.875	0.007
734.0	0.0047
734.125	0.0
734.25	0.0086
734.375	0.007
734.5	0.0031
734.625	0.0055
734.75	0.0055
734.875	0.0039
735.0	0.0039
735.125	0.0047
735.25	0.0031
735.375	0.0062
735.5	0.0015
735.625	0.0023
735.75	0.0015
735.875	0.0055
736.0	0.0039
736.125	0.0
736.25	7.0E-4
736.375	0.0031
736.5	0.0031
736.625	0.0031
736.75	0.0031
736.875	0.0039
737.0	0.0039
737.125	0.0039
737.25	0.0023
737.375	0.0015
737.5	0.0
737.625	0.0
737.75	0.0039
737.875	0.0
738.0	7.0E-4
738.125	7.0E-4
738.25	0.0
738.375	0.0
738.5	0.0
738.625	0.0
738.75	0.0
738.875	0.0
739.0	0.0
739.125	0.0
739.25	0.0
739.375	0.0
739.5	0.0
739.625	0.0
739.75	0.0
739.875	0.0
740.0	0.0
740.125	0.0
740.25	0.0
740.375	0.0023
740.5	0.0078
740.625	0.0094
740.75	0.0047
740.875	0.0078
741.0	0.0062
741.125	0.0047
741.25	0.0047
741.375	0.0015
741.5	0.0055
741.625	0.0047
741.75	0.0
741.875	0.0
742.0	0.0
742.125	0.0015
742.25	0.0015
742.375	0.0031
742.5	0.0
742.625	0.0
742.75	0.0
742.875	7.0E-4
743.0	0.0
743.125	0.0
743.25	0.0
743.375	0.0055
743.5	0.0055
743.625	0.0031
743.75	0.0047
743.875	0.0047
744.0	0.0
744.125	0.0
744.25	0.0
744.375	0.0
744.5	0.0
744.625	7.0E-4
744.75	0.0
744.875	0.0
745.0	0.0
745.125	0.0
745.25	0.0
745.375	0.0
745.5	0.0
745.625	0.0
745.75	0.0
745.875	0.0
746.0	0.0015
746.125	0.0
746.25	0.0
746.375	0.0031
746.5	0.0023
746.625	0.0
746.75	0.0
746.875	0.0
747.0	0.0
747.125	0.0
747.25	0.0
747.375	0.0
747.5	0.0
747.625	0.0
747.75	0.0
747.875	0.0
748.0	0.0
748.125	0.0015
748.25	7.0E-4
748.375	0.0047
748.5	0.0023
748.625	0.0023
748.75	0.0047
748.875	0.0055
749.0	0.0094
749.125	0.0094
749.25	0.0094
749.375	0.0062
749.5	0.0094
749.625	0.0094
749.75	0.0102
749.875	0.0078
750.0	0.007
750.125	0.0086
750.25	0.0086
750.375	0.0039
750.5	0.0086
750.625	0.0078
750.75	0.0047
750.875	0.0023
751.0	7.0E-4
751.125	0.0055
751.25	0.0047
751.375	0.0062
751.5	0.0078
751.625	0.0094
751.75	0.007
751.875	0.007
752.0	0.0023
752.125	0.0039
752.25	7.0E-4
752.375	0.0031
752.5	0.0078
752.625	0.0094
752.75	0.007
752.875	0.0094
753.0	0.0094
753.125	0.0062
753.25	0.0031
753.375	0.0062
753.5	0.007
753.625	0.0062
753.75	0.007
753.875	0.0031
754.0	7.0E-4
754.125	0.0023
754.25	0.0
754.375	7.0E-4
754.5	7.0E-4
754.625	0.0
754.75	0.0
754.875	0.0
755.0	0.0
755.125	0.0
755.25	0.0
755.375	0.0
755.5	0.0
755.625	0.0
755.75	0.0
755.875	0.0
756.0	0.0
756.125	0.0
756.25	0.0015
756.375	0.0
756.5	0.0
756.625	0.0023
756.75	0.0
756.875	0.0015
757.0	0.0023
757.125	0.0
757.25	0.0
757.375	0.0
757.5	0.0
757.625	0.0
757.75	0.0
757.875	0.0
758.0	7.0E-4
758.125	0.0
758.25	0.0
758.375	0.0
758.5	0.0
758.625	0.0
758.75	0.0
758.875	0.0
759.0	7.0E-4
759.125	0.0
759.25	0.0
759.375	0.0
759.5	0.0
759.625	0.0015
759.75	0.0
759.875	0.0
760.0	0.0
760.125	0.0
760.25	0.0
760.375	0.0
760.5	0.0
760.625	0.0
760.75	0.0
760.875	7.0E-4
761.0	0.0
761.125	0.0
761.25	7.0E-4
761.375	0.0
761.5	0.0
761.625	7.0E-4
761.75	0.0
761.875	0.0
762.0	0.0
762.125	0.0
762.25	0.0
762.375	0.0
762.5	0.0
762.625	0.0
762.75	0.0
762.875	0.0015
763.0	0.0031
763.125	0.0
763.25	0.0039
763.375	0.0047
763.5	0.0
763.625	7.0E-4
763.75	0.0023
763.875	0.0
764.0	0.0015
764.125	7.0E-4
764.25	0.0015
764.375	0.0031
764.5	0.0023
764.625	0.0
764.75	0.0
764.875	7.0E-4
765.0	0.0023
765.125	0.0023
765.25	0.0023
765.375	7.0E-4
765.5	0.0031
765.625	0.0015
765.75	0.0031
765.875	7.0E-4
766.0	0.0031
766.125	0.0031
766.25	7.0E-4
766.375	0.0
766.5	0.0
766.625	0.0
766.75	0.0
766.875	0.0
767.0	0.0
767.125	0.0
767.25	7.0E-4
767.375	0.0
767.5	0.0
767.625	7.0E-4
767.75	0.0
767.875	7.0E-4
768.0	0.0
768.125	0.0
768.25	0.0
768.375	0.0
768.5	0.0
768.625	0.0
768.75	0.0
768.875	0.0
769.0	0.0
769.125	0.0
769.25	0.0
769.375	0.0
769.5	0.0
769.625	0.0
769.75	0.0
769.875	0.0
770.0	0.0
770.125	0.0
770.25	0.0
770.375	0.0
770.5	0.0
770.625	0.0
770.75	0.0
770.875	0.0
771.0	0.0015
771.125	0.0
771.25	0.0039
771.375	0.0
771.5	0.0
771.625	0.0
771.75	0.0
771.875	0.0023
772.0	0.0039
772.125	0.0023
772.25	0.0039
772.375	7.0E-4
772.5	0.0
772.625	7.0E-4
772.75	0.0015
772.875	7.0E-4
773.0	0.0
773.125	0.0
773.25	7.0E-4
773.375	7.0E-4
773.5	0.0015
773.625	7.0E-4
773.75	0.0015
773.875	0.0
774.0	0.0
774.125	0.0
774.25	7.0E-4
774.375	7.0E-4
774.5	0.0
774.625	0.0015
774.75	0.0
774.875	0.0
775.0	0.0055
775.125	0.0031
775.25	0.0062
775.375	7.0E-4
775.5	7.0E-4
775.625	0.0
775.75	0.0
775.875	0.0
776.0	0.0
776.125	0.0
776.25	0.0
776.375	0.0
776.5	0.0
776.625	0.0
776.75	0.0
776.875	0.0
777.0	0.0
777.125	0.0
777.25	0.0
777.375	0.0
777.5	0.0
777.625	0.0
777.75	0.0
777.875	0.0
778.0	0.0
778.125	0.0
778.25	0.0
778.375	7.0E-4
778.5	0.0
778.625	0.0
778.75	0.0
778.875	0.0
779.0	7.0E-4
779.125	0.0
779.25	0.0
779.375	0.0
779.5	0.0
779.625	0.0
779.75	0.0
779.875	7.0E-4
780.0	0.0015
780.125	0.0
780.25	0.0
780.375	0.0
780.5	7.0E-4
780.625	7.0E-4
780.75	0.0
780.875	0.0
781.0	0.0
781.125	0.0
781.25	0.0
781.375	0.0
781.5	0.0
781.625	0.0
781.75	0.0
781.875	0.0
782.0	0.0039
782.125	0.0031
782.25	7.0E-4
782.375	0.0
782.5	0.0
782.625	0.0015
782.75	7.0E-4
782.875	0.0023
783.0	7.0E-4
783.125	0.0023
783.25	0.0
783.375	0.0
783.5	0.0
783.625	0.0031
783.75	0.0023
783.875	0.0
784.0	0.0
784.125	0.0015
784.25	0.0
784.375	0.0
784.5	0.0
784.625	0.0
784.75	0.0
784.875	0.0
785.0	0.0
785.125	0.0
785.25	0.0
785.375	0.0
785.5	0.0
785.625	0.0
785.75	0.0023
785.875	0.0031
786.0	0.0
786.125	0.0
786.25	0.0023
786.375	0.0015
786.5	0.0039
786.625	0.0047
786.75	0.0015
786.875	0.0
787.0	0.0
787.125	0.0
787.25	0.0
787.375	0.0039
787.5	0.0047
787.625	0.0023
787.75	7.0E-4
787.875	0.0
788.0	0.0
788.125	0.0
788.25	0.0
788.375	0.0
788.5	0.0
788.625	0.0
788.75	0.0
788.875	0.0
789.0	0.0
789.125	0.0039
789.25	0.0023
789.375	0.0
789.5	0.0055
789.625	0.0031
789.75	0.0031
789.875	0.0
790.0	0.0023
790.125	0.0
790.25	0.0
790.375	0.0
790.5	0.0
790.625	0.0
790.75	0.0
790.875	0.0
791.0	0.0
791.125	0.0
791.25	0.0023
791.375	0.0031
791.5	0.0
791.625	0.0
791.75	0.0
791.875	0.0
792.0	0.0
792.125	0.0
792.25	0.0
792.375	0.0
792.5	0.0
792.625	0.0015
792.75	0.0
792.875	0.0
793.0	0.0
793.125	0.0
793.25	0.0
793.375	0.0
793.5	0.0
793.625	7.0E-4
793.75	0.0
793.875	0.0
794.0	0.0
794.125	0.0023
794.25	0.0047
794.375	0.0031
794.5	0.0055
794.625	0.0039
794.75	0.0015
794.875	0.0055
795.0	0.0
795.125	0.0023
795.25	0.0
795.375	7.0E-4
795.5	0.0
795.625	0.0
795.75	0.0015
795.875	0.0015
796.0	7.0E-4
796.125	0.0039
796.25	0.0
796.375	0.0
796.5	0.0
796.625	0.0
796.75	0.0
796.875	0.0
797.0	0.0
797.125	0.0
797.25	0.0
797.375	0.0
797.5	0.0
797.625	0.0
797.75	0.0
797.875	0.0
798.0	0.0
798.125	0.0
798.25	0.0
798.375	0.0
798.5	0.0
798.625	0.0
798.75	0.0
798.875	0.0
799.0	0.0
799.125	0.0
799.25	0.0
799.375	0.0
799.5	0.0
799.625	0.0
799.75	0.0
799.875	0.0
800.0	0.0
800.125	0.0
800.25	0.0
800.375	0.0
800.5	0.0
800.625	0.0
800.75	0.0
800.875	0.0
801.0	0.0
801.125	0.0
801.25	0.0
801.375	0.0
801.5	0.0
801.625	0.0
801.75	0.0
801.875	0.0
802.0	0.0
802.125	0.0
802.25	0.0
802.375	0.0
802.5	0.0
802.625	0.0
802.75	0.0
802.875	0.0
803.0	0.0
803.125	0.0
803.25	0.0
803.375	0.0
803.5	0.0
803.625	0.0
803.75	0.0
803.875	0.0
804.0	0.0
804.125	0.0
804.25	0.0
804.375	0.0
804.5	0.0
804.625	0.0
804.75	0.0
804.875	0.0
805.0	0.0
805.125	0.0
805.25	0.0
805.375	0.0
805.5	0.0
805.625	0.0
805.75	0.0
805.875	0.0
806.0	0.0
806.125	0.0
806.25	0.0
806.375	0.0
806.5	0.0
806.625	0.0
806.75	0.0
806.875	0.0
807.0	0.0
807.125	0.0
807.25	0.0
807.375	0.0
807.5	0.0
807.625	0.0
807.75	0.0
807.875	0.0
808.0	0.0
808.125	0.0
808.25	0.0
808.375	0.0
808.5	0.0
808.625	0.0
808.75	0.0
808.875	0.0
809.0	0.0
809.125	0.0
809.25	0.0
809.375	0.0
809.5	0.0
809.625	0.0
809.75	0.0
809.875	0.0
810.0	0.0
810.125	0.0
810.25	0.0
810.375	0.0
810.5	0.0
810.625	0.0
810.75	0.0
810.875	0.0
811.0	0.0
811.125	0.0
811.25	0.0
811.375	0.0
811.5	0.0
811.625	0.0
811.75	0.0
811.875	0.0
812.0	0.0
812.125	0.0
812.25	0.0
812.375	0.0
812.5	0.0
812.625	0.0
812.75	0.0
812.875	0.0
813.0	0.0
813.125	0.0
813.25	0.0
813.375	0.0
813.5	0.0
813.625	0.0
813.75	0.0
813.875	0.0
814.0	0.0
814.125	0.0
814.25	0.0
814.375	0.0
814.5	0.0
814.625	0.0
814.75	0.0
814.875	0.0
815.0	0.0
815.125	0.0
815.25	0.0
815.375	0.0
815.5	0.0
815.625	0.0
815.75	0.0
815.875	0.0
816.0	0.0
816.125	0.0
816.25	0.0
816.375	0.0
816.5	0.0
816.625	0.0
816.75	0.0
816.875	0.0
817.0	0.0
817.125	0.0
817.25	0.0
817.375	0.0
817.5	0.0
817.625	0.0
817.75	0.0
817.875	0.0
818.0	0.0
818.125	0.0
818.25	0.0
818.375	0.0
818.5	0.0
818.625	0.0
818.75	0.0
818.875	0.0
819.0	0.0
819.125	0.0
819.25	0.0
819.375	0.0
819.5	0.0
819.625	0.0
819.75	0.0
819.875	0.0
820.0	0.0
820.125	0.0
820.25	0.0
820.375	0.0
820.5	0.0
820.625	0.0
820.75	0.0
820.875	0.0
821.0	0.0
821.125	0.0
821.25	0.0
821.375	0.0
821.5	0.0
821.625	0.0
821.75	0.0
821.875	0.0
822.0	0.0
822.125	0.0
822.25	0.0
822.375	0.0
822.5	0.0
822.625	0.0
822.75	0.0015
822.875	0.0
823.0	0.0
823.125	0.0
823.25	0.0
823.375	7.0E-4
823.5	0.0
823.625	7.0E-4
823.75	0.0
823.875	0.0
824.0	0.0
824.125	0.0
824.25	0.0
824.375	0.0
824.5	0.0
824.625	0.0
824.75	0.0
824.875	0.0
825.0	0.0
825.125	0.0
825.25	0.0
825.375	0.0
825.5	0.0
825.625	0.0
825.75	0.0
825.875	0.0
826.0	0.0
826.125	0.0
826.25	0.0
826.375	0.0
826.5	0.0
826.625	0.0
826.75	0.0
826.875	0.0
827.0	0.0
827.125	0.0
827.25	7.0E-4
827.375	0.0
827.5	0.0015
827.625	0.0047
827.75	0.007
827.875	7.0E-4
828.0	7.0E-4
828.125	0.0
828.25	0.0
828.375	0.0
828.5	0.0
828.625	7.0E-4
828.75	0.0078
828.875	0.0078
829.0	0.007
829.125	0.007
829.25	0.0102
829.375	0.0102
829.5	0.011
829.625	0.0141
829.75	0.0
829.875	7.0E-4
830.0	0.0015
830.125	0.0086
830.25	0.0062
830.375	0.0094
830.5	0.0039
830.625	7.0E-4
830.75	0.0039
830.875	0.0062
831.0	0.0039
831.125	0.0055
831.25	0.0055
831.375	0.0
831.5	7.0E-4
831.625	0.0023
831.75	0.0
831.875	0.0
832.0	0.0
832.125	0.0031
832.25	0.0062
832.375	0.0023
832.5	0.0031
832.625	0.0039
832.75	0.0039
832.875	0.0078
833.0	0.0047
833.125	0.0
833.25	0.0015
833.375	7.0E-4
833.5	0.0
833.625	0.0
833.75	0.0
833.875	0.0
834.0	0.0023
834.125	0.0
834.25	0.0
834.375	0.0
834.5	0.0
834.625	0.0
834.75	0.0
834.875	0.0023
835.0	0.0
835.125	0.0
835.25	7.0E-4
835.375	0.0
835.5	0.0
835.625	0.0
835.75	0.0
835.875	0.0
836.0	0.0
836.125	0.0015
836.25	0.0
836.375	0.0
836.5	7.0E-4
836.625	0.0023
836.75	0.0015
836.875	0.0
837.0	7.0E-4
837.125	0.0
837.25	0.0
837.375	0.0023
837.5	0.0039
837.625	0.0055
837.75	0.0015
837.875	0.0
838.0	0.0039
838.125	0.0062
838.25	0.0047
838.375	0.0039
838.5	0.0039
838.625	0.0062
838.75	0.007
838.875	0.0094
839.0	0.0047
839.125	0.0055
839.25	0.0086
839.375	0.0047
839.5	0.007
839.625	0.0055
839.75	0.0086
839.875	0.0102
840.0	0.0078
840.125	0.0102
840.25	0.0078
840.375	0.0102
840.5	0.007
840.625	0.007
840.75	0.0062
840.875	0.011
841.0	0.0102
841.125	0.0094
841.25	0.0094
841.375	0.0086
841.5	0.0086
841.625	0.0094
841.75	0.0062
841.875	0.007
842.0	0.0039
842.125	0.0062
842.25	0.0078
842.375	0.0047
842.5	0.0031
842.625	0.0078
842.75	0.007
842.875	0.007
843.0	0.0055
843.125	0.0086
843.25	0.0047
843.375	0.0086
843.5	0.0078
843.625	0.0094
843.75	0.0117
843.875	0.0102
844.0	0.011
844.125	0.0047
844.25	0.0047
844.375	0.0102
844.5	0.0086
844.625	0.0094
844.75	0.007
844.875	0.0094
845.0	0.0055
845.125	0.0078
845.25	0.0078
845.375	0.0055
845.5	0.0062
845.625	0.0086
845.75	0.0094
845.875	0.0133
846.0	0.0086
846.125	0.0078
846.25	0.0078
846.375	0.0078
846.5	0.011
846.625	0.0133
846.75	0.0133
846.875	0.0133
847.0	0.011
847.125	0.011
847.25	0.0141
847.375	0.0117
847.5	0.0133
847.625	0.0157
847.75	0.0086
847.875	0.0117
848.0	0.0157
848.125	0.0149
848.25	0.0149
848.375	0.011
848.5	0.0172
848.625	0.0157
848.75	0.0117
848.875	0.0094
849.0	0.011
849.125	0.0125
849.25	0.0094
849.375	0.0125
849.5	0.0094
849.625	0.0086
849.75	0.0172
849.875	0.0117
850.0	0.0102
850.125	0.0125
850.25	0.0086
850.375	0.0102
850.5	0.0141
850.625	0.018
850.75	0.018
850.875	0.0157
851.0	0.0204
851.125	0.0141
851.25	0.0117
851.375	0.0172
851.5	0.0149
851.625	0.0188
851.75	0.0172
851.875	0.018
852.0	0.0204
852.125	0.0204
852.25	0.0212
852.375	0.0235
852.5	0.0243
852.625	0.0227
852.75	0.0243
852.875	0.0235
853.0	0.0243
853.125	0.0243
853.25	0.0235
853.375	0.0267
853.5	0.0259
853.625	0.0235
853.75	0.0259
853.875	0.0251
854.0	0.0259
854.125	0.0243
854.25	0.0235
854.375	0.0243
854.5	0.0243
854.625	0.0314
854.75	0.0298
854.875	0.0298
855.0	0.0306
855.125	0.0353
855.25	0.0322
855.375	0.0275
855.5	0.033
855.625	0.0345
855.75	0.0314
855.875	0.0275
856.0	0.0306
856.125	0.033
856.25	0.0322
856.375	0.0322
856.5	0.0322
856.625	0.033
856.75	0.0369
856.875	0.0338
857.0	0.0353
857.125	0.0353
857.25	0.0361
857.375	0.0385
857.5	0.0377
857.625	0.0408
857.75	0.0416
857.875	0.0416
858.0	0.0432
858.125	0.0408
858.25	0.0424
858.375	0.0408
858.5	0.04
858.625	0.0385
858.75	0.04
858.875	0.0377
859.0	0.0377
859.125	0.0416
859.25	0.0385
859.375	0.0416
859.5	0.0408
859.625	0.0416
859.75	0.0416
859.875	0.0393
860.0	0.044
860.125	0.0393
860.25	0.0408
860.375	0.0432
860.5	0.0408
860.625	0.04
860.75	0.0424
860.875	0.0408
861.0	0.0432
861.125	0.0455
861.25	0.0463
861.375	0.0463
861.5	0.0471
861.625	0.0487
861.75	0.0503
861.875	0.0463
862.0	0.0495
862.125	0.0471
862.25	0.0518
862.375	0.0534
862.5	0.0503
862.625	0.055
862.75	0.0518
862.875	0.0542
863.0	0.0558
863.125	0.0542
863.25	0.0566
863.375	0.0542
863.5	0.0566
863.625	0.055
863.75	0.055
863.875	0.0526
864.0	0.0566
864.125	0.0581
864.25	0.0566
864.375	0.0495
864.5	0.0518
864.625	0.0542
864.75	0.0566
864.875	0.0566
865.0	0.0597
865.125	0.0644
865.25	0.066
865.375	0.0573
865.5	0.0566
865.625	0.0581
865.75	0.0581
865.875	0.0636
866.0	0.0652
866.125	0.0652
866.25	0.066
866.375	0.0699
866.5	0.066
866.625	0.0668
866.75	0.0668
866.875	0.0691
867.0	0.0652
867.125	0.0683
867.25	0.0683
867.375	0.0754
867.5	0.0707
867.625	0.0707
867.75	0.0707
867.875	0.0707
868.0	0.0707
868.125	0.0754
868.25	0.0683
868.375	0.0668
868.5	0.0683
868.625	0.0762
868.75	0.0778
868.875	0.0754
869.0	0.077
869.125	0.0817
869.25	0.0801
869.375	0.0849
869.5	0.0849
869.625	0.0841
869.75	0.0856
869.875	0.0856
870.0	0.0896
870.125	0.0888
870.25	0.0927
870.375	0.0911
870.5	0.0919
870.625	0.0911
870.75	0.088
870.875	0.0943
871.0	0.0911
871.125	0.0959
871.25	0.0998
871.375	0.0982
871.5	0.1037
871.625	0.0966
871.75	0.1037
871.875	0.1006
872.0	0.1014
872.125	0.1037
872.25	0.1037
872.375	0.1037
872.5	0.1084
872.625	0.1092
872.75	0.1084
872.875	0.1108
873.0	0.1077
873.125	0.1061
873.25	0.1116
873.375	0.1139
873.5	0.1108
873.625	0.1171
873.75	0.1108
873.875	0.1132
874.0	0.1171
874.125	0.1187
874.25	0.1163
874.375	0.1171
874.5	0.1257
874.625	0.1289
874.75	0.1312
874.875	0.1305
875.0	0.1281
875.125	0.1281
875.25	0.1289
875.375	0.1352
875.5	0.1344
875.625	0.132
875.75	0.1344
875.875	0.1344
876.0	0.1375
876.125	0.1407
876.25	0.1415
876.375	0.1454
876.5	0.1422
876.625	0.1415
876.75	0.1446
876.875	0.1454
877.0	0.1485
877.125	0.1501
877.25	0.1477
877.375	0.1493
877.5	0.1477
877.625	0.1525
877.75	0.1509
877.875	0.1556
878.0	0.1548
878.125	0.1564
878.25	0.158
878.375	0.1548
878.5	0.1595
878.625	0.1525
878.75	0.1588
878.875	0.1643
879.0	0.1635
879.125	0.1674
879.25	0.1674
879.375	0.165
879.5	0.169
879.625	0.1682
879.75	0.1682
879.875	0.1666
880.0	0.1658
880.125	0.1705
880.25	0.1729
880.375	0.1721
880.5	0.1753
880.625	0.1784
880.75	0.1761
880.875	0.1768
881.0	0.18
881.125	0.1776
881.25	0.1761
881.375	0.18
881.5	0.1784
881.625	0.1761
881.75	0.1776
881.875	0.1761
882.0	0.1745
882.125	0.1745
882.25	0.1792
882.375	0.18
882.5	0.1753
882.625	0.1753
882.75	0.1745
882.875	0.1768
883.0	0.1737
883.125	0.1753
883.25	0.1745
883.375	0.1823
883.5	0.1784
883.625	0.1839
883.75	0.1816
883.875	0.1847
884.0	0.1878
884.125	0.1926
884.25	0.1926
884.375	0.1847
884.5	0.1823
884.625	0.1784
884.75	0.1808
884.875	0.1831
885.0	0.1847
885.125	0.1839
885.25	0.1871
885.375	0.1855
885.5	0.1831
885.625	0.1776
885.75	0.1784
885.875	0.1816
886.0	0.1831
886.125	0.1847
886.25	0.1831
886.375	0.1823
886.5	0.1847
886.625	0.1831
886.75	0.1847
886.875	0.1863
887.0	0.1831
887.125	0.1839
887.25	0.1839
887.375	0.1792
887.5	0.1737
887.625	0.1721
887.75	0.1753
887.875	0.1721
888.0	0.1729
888.125	0.1737
888.25	0.1745
888.375	0.1753
888.5	0.1729
888.625	0.1745
888.75	0.1729
888.875	0.1713
889.0	0.1698
889.125	0.1682
889.25	0.169
889.375	0.1674
889.5	0.1666
889.625	0.1635
889.75	0.1627
889.875	0.1619
890.0	0.1603
890.125	0.1611
890.25	0.1595
890.375	0.1595
890.5	0.1619
890.625	0.1572
890.75	0.1611
890.875	0.1572
891.0	0.1619
891.125	0.1603
891.25	0.1595
891.375	0.1588
891.5	0.1564
891.625	0.1556
891.75	0.1556
891.875	0.154
892.0	0.1533
892.125	0.1533
892.25	0.1533
892.375	0.1517
892.5	0.1525
892.625	0.1525
892.75	0.154
892.875	0.1501
893.0	0.1533
893.125	0.1533
893.25	0.1509
893.375	0.1454
893.5	0.1485
893.625	0.1509
893.75	0.1485
893.875	0.1501
894.0	0.1485
894.125	0.1399
894.25	0.143
894.375	0.143
894.5	0.1391
894.625	0.136
894.75	0.1375
894.875	0.136
895.0	0.1391
895.125	0.1383
895.25	0.1344
895.375	0.1328
895.5	0.136
895.625	0.1375
895.75	0.1367
895.875	0.1336
896.0	0.1383
896.125	0.1352
896.25	0.1336
896.375	0.1352
896.5	0.132
896.625	0.1312
896.75	0.132
896.875	0.1297
897.0	0.1312
897.125	0.1312
897.25	0.1257
897.375	0.125
897.5	0.1226
897.625	0.121
897.75	0.121
897.875	0.1218
898.0	0.121
898.125	0.1194
898.25	0.1194
898.375	0.1139
898.5	0.1163
898.625	0.1124
898.75	0.125
898.875	0.1226
899.0	0.1124
899.125	0.1116
899.25	0.1084
899.375	0.1084
899.5	0.1092
899.625	0.1077
899.75	0.1092
899.875	0.1132
