300.0	0.0
300.125	0.0
300.25	0.0
300.375	0.0
300.5	0.0
300.625	0.0
300.75	0.0
300.875	0.0
301.0	0.0
301.125	0.0
301.25	0.0
301.375	0.0
301.5	0.0
301.625	0.0
301.75	0.0
301.875	0.0
302.0	0.0
302.125	0.0
302.25	0.0
302.375	0.0
302.5	0.0
302.625	0.0
302.75	0.0
302.875	0.0
303.0	0.0
303.125	0.0
303.25	0.0
303.375	0.0
303.5	0.0
303.625	0.0
303.75	0.0
303.875	0.0
304.0	0.0
304.125	0.0
304.25	0.0
304.375	0.0
304.5	0.0
304.625	0.0
304.75	0.0
304.875	0.0
305.0	0.0
305.125	0.0
305.25	0.0
305.375	0.0
305.5	0.0
305.625	0.0
305.75	0.0
305.875	0.0
306.0	0.0
306.125	0.0
306.25	0.0
306.375	0.0
306.5	0.0
306.625	0.0
306.75	0.0
306.875	0.0
307.0	0.0
307.125	0.0
307.25	0.0
307.375	0.0
307.5	0.0
307.625	0.0
307.75	0.0
307.875	0.0
308.0	0.0
308.125	0.0
308.25	0.0
308.375	0.0
308.5	0.0
308.625	0.0
308.75	0.0
308.875	0.0
309.0	0.0
309.125	0.0
309.25	0.0
309.375	0.0
309.5	0.0
309.625	0.0
309.75	0.0
309.875	0.0
310.0	0.0
310.125	0.0
310.25	0.0
310.375	0.0
310.5	0.0
310.625	0.0
310.75	0.0
310.875	0.0
311.0	0.0
311.125	0.0
311.25	0.0
311.375	0.0
311.5	0.0
311.625	0.0
311.75	0.0
311.875	0.0
312.0	0.0
312.125	0.0
312.25	0.0
312.375	0.0
312.5	0.0
312.625	0.0
312.75	0.0
312.875	0.0
313.0	0.0
313.125	0.0
313.25	0.0
313.375	0.0
313.5	0.0
313.625	0.0
313.75	0.0
313.875	0.0
314.0	0.0
314.125	0.0
314.25	0.0
314.375	0.0
314.5	0.0
314.625	0.0
314.75	0.0
314.875	0.0
315.0	0.0
315.125	0.0
315.25	0.0
315.375	0.0
315.5	0.0
315.625	0.0
315.75	0.0
315.875	0.0
316.0	0.0
316.125	0.0
316.25	0.0
316.375	0.0
316.5	0.0
316.625	0.0
316.75	0.0
316.875	0.0
317.0	0.0
317.125	0.0
317.25	0.0
317.375	0.0
317.5	0.0
317.625	0.0
317.75	0.0
317.875	0.0
318.0	0.0
318.125	0.0
318.25	0.0
318.375	0.0
318.5	0.0
318.625	0.0
318.75	0.0
318.875	0.0
319.0	0.0
319.125	0.0
319.25	0.0
319.375	0.0
319.5	0.0
319.625	0.0
319.75	0.0
319.875	0.0
320.0	0.0
320.125	0.0
320.25	0.0
320.375	0.0
320.5	0.0
320.625	0.0
320.75	0.0
320.875	0.0
321.0	0.0
321.125	0.0
321.25	0.0
321.375	0.0
321.5	0.0
321.625	0.0
321.75	0.0
321.875	0.0
322.0	0.0
322.125	0.0
322.25	0.0
322.375	0.0
322.5	0.0
322.625	0.0
322.75	0.0
322.875	0.0
323.0	0.0
323.125	0.0
323.25	0.0
323.375	0.0
323.5	0.0
323.625	0.0
323.75	0.0
323.875	0.0
324.0	0.0
324.125	0.0
324.25	0.0
324.375	0.0
324.5	0.0
324.625	0.0
324.75	0.0
324.875	0.0
325.0	0.0
325.125	0.0
325.25	0.0
325.375	0.0
325.5	0.0
325.625	0.0
325.75	0.0
325.875	0.0
326.0	0.0
326.125	0.0
326.25	0.0
326.375	0.0
326.5	0.0
326.625	0.0
326.75	0.0
326.875	0.0
327.0	0.0
327.125	0.0
327.25	0.0
327.375	0.0
327.5	0.0
327.625	0.0
327.75	0.0
327.875	0.0
328.0	0.0
328.125	0.0
328.25	0.0
328.375	0.0
328.5	0.0
328.625	0.0
328.75	0.0
328.875	0.0
329.0	0.0
329.125	0.0
329.25	0.0
329.375	0.0
329.5	0.0
329.625	0.0
329.75	0.0
329.875	0.0
330.0	0.0
330.125	0.0
330.25	0.0
330.375	0.0
330.5	0.0
330.625	0.0
330.75	0.0
330.875	0.0
331.0	0.0
331.125	0.0
331.25	0.0
331.375	0.0
331.5	0.0
331.625	0.0
331.75	0.0
331.875	0.0
332.0	0.0
332.125	0.0
332.25	0.0
332.375	0.0
332.5	0.0
332.625	0.0
332.75	0.0
332.875	0.0
333.0	0.0
333.125	0.0
333.25	0.0
333.375	0.0
333.5	0.0
333.625	0.0
333.75	0.0
333.875	0.0
334.0	0.0
334.125	0.0
334.25	0.0
334.375	0.0
334.5	0.0
334.625	0.0
334.75	0.0
334.875	0.0
335.0	0.0
335.125	0.0
335.25	0.0
335.375	0.0
335.5	0.0
335.625	0.0
335.75	0.0
335.875	0.0
336.0	0.0
336.125	0.0
336.25	0.0
336.375	0.0
336.5	0.0
336.625	0.0
336.75	0.0
336.875	0.0
337.0	0.0
337.125	0.0
337.25	0.0
337.375	0.0
337.5	0.0
337.625	0.0
337.75	0.0
337.875	0.0
338.0	0.0
338.125	0.0
338.25	0.0
338.375	0.0
338.5	0.0
338.625	0.0
338.75	0.0
338.875	0.0
339.0	0.0
339.125	0.0
339.25	0.0
339.375	0.0
339.5	0.0
339.625	0.0
339.75	0.0
339.875	0.0
340.0	0.0
340.125	0.0
340.25	0.0
340.375	0.0
340.5	0.0
340.625	0.0
340.75	0.0
340.875	0.0
341.0	0.0
341.125	0.0
341.25	0.0
341.375	0.0
341.5	0.0
341.625	0.0
341.75	0.0
341.875	0.0
342.0	0.0
342.125	0.0
342.25	0.0
342.375	0.0
342.5	0.0
342.625	0.0
342.75	0.0
342.875	0.0
343.0	0.0
343.125	0.0
343.25	0.0
343.375	0.0
343.5	0.0
343.625	0.0
343.75	0.0
343.875	0.0
344.0	0.0
344.125	0.0
344.25	0.0
344.375	0.0
344.5	0.0
344.625	0.0
344.75	0.0
344.875	0.0
345.0	0.0
345.125	0.0
345.25	0.0
345.375	0.0
345.5	0.0
345.625	0.0
345.75	0.0
345.875	0.0
346.0	0.0
346.125	0.0
346.25	0.0
346.375	0.0
346.5	0.0
346.625	0.0
346.75	0.0
346.875	0.0
347.0	0.0
347.125	0.0
347.25	0.0
347.375	0.0
347.5	0.0
347.625	0.0
347.75	0.0
347.875	0.0
348.0	0.0
348.125	0.0
348.25	0.0
348.375	0.0
348.5	0.0
348.625	0.0
348.75	0.0
348.875	0.0
349.0	0.0
349.125	0.0
349.25	0.0
349.375	0.0
349.5	0.0
349.625	0.0
349.75	0.0
349.875	0.0
350.0	0.0
350.125	0.0
350.25	0.0
350.375	0.0
350.5	0.0
350.625	0.0
350.75	0.0
350.875	0.0
351.0	0.0
351.125	0.0
351.25	0.0
351.375	0.0
351.5	0.0
351.625	0.0
351.75	0.0
351.875	0.0
352.0	0.0
352.125	0.0
352.25	0.0
352.375	0.0
352.5	0.0
352.625	0.0
352.75	0.0
352.875	0.0
353.0	0.0
353.125	0.0
353.25	0.0
353.375	0.0
353.5	0.0
353.625	0.0
353.75	0.0
353.875	0.0
354.0	0.0
354.125	0.0
354.25	0.0
354.375	0.0
354.5	0.0
354.625	0.0
354.75	0.0
354.875	0.0
355.0	0.0
355.125	0.0
355.25	0.0
355.375	0.0
355.5	0.0
355.625	0.0
355.75	0.0
355.875	0.0
356.0	0.0
356.125	0.0
356.25	0.0
356.375	0.0
356.5	0.0
356.625	0.0
356.75	0.0
356.875	0.0
357.0	0.0
357.125	0.0
357.25	0.0
357.375	0.0
357.5	0.0
357.625	0.0
357.75	0.0
357.875	0.0
358.0	0.0
358.125	0.0
358.25	0.0
358.375	0.0
358.5	0.0
358.625	0.0
358.75	0.0
358.875	0.0
359.0	0.0
359.125	0.0
359.25	0.0
359.375	0.0
359.5	0.0
359.625	0.0
359.75	0.0
359.875	0.0
360.0	0.0
360.125	0.0
360.25	0.0
360.375	0.0
360.5	0.0
360.625	0.0
360.75	0.0
360.875	0.0
361.0	0.0
361.125	0.0
361.25	0.0
361.375	0.0
361.5	0.0
361.625	0.0
361.75	0.0
361.875	0.0
362.0	0.0
362.125	0.0
362.25	0.0
362.375	0.0
362.5	0.0
362.625	0.0
362.75	0.0
362.875	0.0
363.0	0.0
363.125	0.0
363.25	0.0
363.375	0.0
363.5	0.0
363.625	0.0
363.75	0.0
363.875	0.0
364.0	0.0
364.125	0.0
364.25	0.0
364.375	0.0
364.5	0.0
364.625	0.0
364.75	0.0
364.875	0.0
365.0	0.0
365.125	0.0
365.25	0.0
365.375	0.0
365.5	0.0
365.625	0.0
365.75	0.0
365.875	0.0
366.0	0.0
366.125	0.0
366.25	0.0
366.375	0.0
366.5	0.0
366.625	0.0
366.75	0.0
366.875	0.0
367.0	0.0
367.125	0.0
367.25	0.0
367.375	0.0
367.5	0.0
367.625	0.0
367.75	0.0
367.875	0.0
368.0	0.0
368.125	0.0
368.25	0.0
368.375	0.0
368.5	0.0
368.625	0.0
368.75	0.0
368.875	0.0
369.0	0.0
369.125	0.0
369.25	0.0
369.375	0.0
369.5	0.0
369.625	0.0
369.75	0.0
369.875	0.0
370.0	0.0
370.125	0.0
370.25	0.0
370.375	0.0
370.5	0.0
370.625	0.0
370.75	0.0
370.875	0.0
371.0	0.0
371.125	0.0
371.25	0.0
371.375	0.0
371.5	0.0
371.625	0.0
371.75	0.0
371.875	0.0
372.0	0.0
372.125	0.0
372.25	0.0
372.375	0.0
372.5	0.0
372.625	0.0
372.75	0.0
372.875	0.0
373.0	0.0
373.125	0.0
373.25	0.0
373.375	0.0
373.5	0.0
373.625	0.0
373.75	0.0
373.875	0.0
374.0	0.0
374.125	0.0
374.25	0.0
374.375	0.0
374.5	0.0
374.625	0.0
374.75	0.0
374.875	0.0
375.0	0.0
375.125	0.0
375.25	0.0
375.375	0.0
375.5	0.0
375.625	0.0
375.75	0.0
375.875	0.0
376.0	0.0
376.125	0.0
376.25	0.0
376.375	0.0
376.5	0.0
376.625	0.0
376.75	0.0
376.875	0.0
377.0	0.0
377.125	0.0
377.25	0.0
377.375	0.0
377.5	0.0
377.625	0.0
377.75	0.0
377.875	0.0
378.0	0.0
378.125	0.0
378.25	0.0
378.375	0.0
378.5	0.0
378.625	0.0
378.75	0.0
378.875	0.0
379.0	0.0
379.125	0.0
379.25	0.0
379.375	0.0
379.5	0.0
379.625	0.0
379.75	0.0
379.875	0.0
380.0	0.0
380.125	0.0
380.25	0.0
380.375	0.0
380.5	0.0
380.625	0.0
380.75	0.0
380.875	0.0
381.0	0.0
381.125	0.0
381.25	0.0
381.375	0.0
381.5	0.0
381.625	0.0
381.75	0.0
381.875	0.0
382.0	0.0
382.125	0.0
382.25	0.0
382.375	0.0
382.5	0.0
382.625	0.0
382.75	0.0
382.875	0.0
383.0	0.0
383.125	0.0
383.25	0.0
383.375	0.0
383.5	0.0
383.625	0.0
383.75	0.0
383.875	0.0
384.0	0.0
384.125	0.0
384.25	0.0
384.375	0.0
384.5	0.0
384.625	0.0
384.75	0.0
384.875	0.0
385.0	0.0
385.125	0.0
385.25	0.0
385.375	0.0
385.5	0.0
385.625	0.0
385.75	0.0
385.875	0.0
386.0	0.0
386.125	0.0
386.25	0.0
386.375	0.0
386.5	0.0
386.625	0.0
386.75	0.0
386.875	0.0
387.0	0.0
387.125	0.0
387.25	0.0
387.375	0.0
387.5	0.0
387.625	0.0
387.75	0.0
387.875	0.0
388.0	0.0
388.125	0.0
388.25	0.0
388.375	0.0
388.5	0.0
388.625	0.0
388.75	0.0
388.875	0.0
389.0	0.0
389.125	0.0
389.25	0.0
389.375	0.0
389.5	0.0
389.625	0.0
389.75	0.0
389.875	0.0
390.0	0.0
390.125	0.0
390.25	0.0
390.375	0.0
390.5	0.0
390.625	0.0
390.75	0.0
390.875	0.0
391.0	0.0
391.125	0.0
391.25	0.0
391.375	0.0
391.5	0.0
391.625	0.0
391.75	0.0
391.875	0.0
392.0	0.0
392.125	0.0
392.25	0.0
392.375	0.0
392.5	0.0
392.625	0.0
392.75	0.0
392.875	0.0
393.0	0.0
393.125	0.0
393.25	0.0
393.375	0.0039
393.5	0.0047
393.625	0.0047
393.75	0.0055
393.875	0.0094
394.0	0.0102
394.125	0.011
394.25	0.0125
394.375	0.0133
394.5	0.0149
394.625	0.0165
394.75	0.0188
394.875	0.0165
395.0	0.018
395.125	0.0227
395.25	0.0259
395.375	0.0298
395.5	0.0298
395.625	0.0322
395.75	0.0314
395.875	0.0345
396.0	0.0369
396.125	0.0361
396.25	0.0377
396.375	0.0408
396.5	0.0424
396.625	0.044
396.75	0.0432
396.875	0.0471
397.0	0.0495
397.125	0.0471
397.25	0.0495
397.375	0.055
397.5	0.0566
397.625	0.0589
397.75	0.0628
397.875	0.0613
398.0	0.066
398.125	0.0676
398.25	0.0715
398.375	0.0746
398.5	0.077
398.625	0.0801
398.75	0.0833
398.875	0.0872
399.0	0.0864
399.125	0.0896
399.25	0.0935
399.375	0.0951
399.5	0.099
399.625	0.1037
399.75	0.1045
399.875	0.1084
400.0	0.1116
400.125	0.1132
400.25	0.1155
400.375	0.1187
400.5	0.1218
400.625	0.1234
400.75	0.1297
400.875	0.132
401.0	0.1352
401.125	0.136
401.25	0.1399
401.375	0.1415
401.5	0.1462
401.625	0.1501
401.75	0.1525
401.875	0.1556
402.0	0.1572
402.125	0.1627
402.25	0.1666
402.375	0.1729
402.5	0.1753
402.625	0.1784
402.75	0.18
402.875	0.1831
403.0	0.1878
403.125	0.191
403.25	0.1941
403.375	0.1988
403.5	0.2028
403.625	0.2067
403.75	0.2099
403.875	0.2138
404.0	0.2185
404.125	0.2216
404.25	0.2279
404.375	0.235
404.5	0.2358
404.625	0.2413
404.75	0.2476
404.875	0.2531
405.0	0.2586
405.125	0.2617
405.25	0.268
405.375	0.2743
405.5	0.279
405.625	0.283
405.75	0.2877
405.875	0.2932
406.0	0.2987
406.125	0.305
406.25	0.3097
406.375	0.3144
406.5	0.3207
406.625	0.3262
406.75	0.3309
406.875	0.3372
407.0	0.3435
407.125	0.349
407.25	0.3561
407.375	0.3671
407.5	0.3687
407.625	0.3773
407.75	0.382
407.875	0.3883
408.0	0.3946
408.125	0.3993
408.25	0.4088
408.375	0.415
408.5	0.419
408.625	0.4276
408.75	0.4371
408.875	0.4426
409.0	0.452
409.125	0.4599
409.25	0.4661
409.375	0.4716
409.5	0.4779
409.625	0.4842
409.75	0.4913
409.875	0.5
410.0	0.5062
410.125	0.5133
410.25	0.5235
410.375	0.533
410.5	0.5377
410.625	0.5479
410.75	0.5534
410.875	0.5652
411.0	0.5715
411.125	0.5833
411.25	0.5896
411.375	0.5998
411.5	0.6108
411.625	0.6194
411.75	0.6265
411.875	0.6352
412.0	0.6446
412.125	0.654
412.25	0.665
412.375	0.6745
412.5	0.6816
412.625	0.6918
412.75	0.7012
412.875	0.7114
413.0	0.7209
413.125	0.7319
413.25	0.7405
413.375	0.7523
413.5	0.7602
413.625	0.7727
413.75	0.7822
413.875	0.7924
414.0	0.8011
414.125	0.8113
414.25	0.8207
414.375	0.8301
414.5	0.8427
414.625	0.8537
414.75	0.8663
414.875	0.8765
415.0	0.886
415.125	0.9001
415.25	0.9143
415.375	0.9261
415.5	0.9386
415.625	0.9473
415.75	0.963
415.875	0.9764
416.0	0.9882
416.125	1.0
416.25	1.0125
416.375	1.0275
416.5	1.04
416.625	1.0518
416.75	1.0652
416.875	1.0801
417.0	1.0911
417.125	1.1045
417.25	1.1257
417.375	1.1367
417.5	1.1556
417.625	1.1682
417.75	1.1863
417.875	1.202
418.0	1.2201
418.125	1.2303
418.25	1.2444
418.375	1.2672
418.5	1.2838
418.625	1.2995
418.75	1.3191
418.875	1.338
419.0	1.3553
419.125	1.3773
419.25	1.393
419.375	1.4166
419.5	1.4323
419.625	1.4567
419.75	1.4724
419.875	1.496
420.0	1.5133
420.125	1.5361
420.25	1.5573
420.375	1.5762
420.5	1.599
420.625	1.6218
420.75	1.6399
420.875	1.6595
421.0	1.6839
421.125	1.7059
421.25	1.7264
421.375	1.75
421.5	1.7688
421.625	1.7908
421.75	1.8128
421.875	1.8372
422.0	1.8561
422.125	1.8805
422.25	1.8993
422.375	1.9245
422.5	1.9433
422.625	1.9701
422.75	1.9882
422.875	2.0141
423.0	2.0314
423.125	2.0534
423.25	2.077
423.375	2.0974
423.5	2.1187
423.625	2.1407
423.75	2.1674
423.875	2.1847
424.0	2.2106
424.125	2.2264
424.25	2.25
424.375	2.2688
424.5	2.2924
424.625	2.3113
424.75	2.3341
424.875	2.3537
425.0	2.3694
425.125	2.3922
425.25	2.4103
425.375	2.43
425.5	2.4481
425.625	2.4669
425.75	2.4811
425.875	2.5039
426.0	2.518
426.125	2.5361
426.25	2.5511
426.375	2.5613
426.5	2.5833
426.625	2.5951
426.75	2.6084
426.875	2.6155
427.0	2.6328
427.125	2.643
427.25	2.6556
427.375	2.6635
427.5	2.6784
427.625	2.6839
427.75	2.6981
427.875	2.7051
428.0	2.7083
428.125	2.7169
428.25	2.7232
428.375	2.7342
428.5	2.735
428.625	2.7413
428.75	2.7382
428.875	2.7421
429.0	2.7421
429.125	2.7405
429.25	2.7382
429.375	2.7366
429.5	2.7382
429.625	2.7295
429.75	2.7334
429.875	2.7224
430.0	2.7256
430.125	2.7075
430.25	2.7106
430.375	2.6957
430.5	2.6957
430.625	2.6768
430.75	2.6698
430.875	2.6611
431.0	2.6462
431.125	2.6407
431.25	2.6202
431.375	2.6163
431.5	2.5896
431.625	2.5841
431.75	2.5652
431.875	2.5534
432.0	2.5314
432.125	2.5172
432.25	2.4992
432.375	2.4803
432.5	2.4646
432.625	2.4441
432.75	2.4292
432.875	2.4064
433.0	2.3922
433.125	2.3694
433.25	2.3545
433.375	2.3317
433.5	2.3152
433.625	2.2924
433.75	2.2735
433.875	2.2547
434.0	2.2311
434.125	2.2161
434.25	2.1926
434.375	2.1761
434.5	2.1517
434.625	2.136
434.75	2.1139
434.875	2.0943
435.0	2.077
435.125	2.0573
435.25	2.04
435.375	2.0172
435.5	1.9992
435.625	1.9811
435.75	1.963
435.875	1.9386
436.0	1.919
436.125	1.9001
436.25	1.8836
436.375	1.8655
436.5	1.8482
436.625	1.8309
436.75	1.8176
436.875	1.7979
437.0	1.7838
437.125	1.7641
437.25	1.75
437.375	1.7366
437.5	1.7185
437.625	1.7036
437.75	1.6871
437.875	1.6713
438.0	1.6572
438.125	1.6446
438.25	1.6273
438.375	1.6147
438.5	1.599
438.625	1.5856
438.75	1.5746
438.875	1.5613
439.0	1.5495
439.125	1.5369
439.25	1.5298
439.375	1.5172
439.5	1.507
439.625	1.4944
439.75	1.4827
439.875	1.4716
440.0	1.4638
440.125	1.4496
440.25	1.4386
440.375	1.4284
440.5	1.4205
440.625	1.4095
440.75	1.4009
440.875	1.3922
441.0	1.3836
441.125	1.3742
441.25	1.3663
441.375	1.36
441.5	1.349
441.625	1.3451
441.75	1.3364
441.875	1.3309
442.0	1.3231
442.125	1.3128
442.25	1.3073
442.375	1.2971
442.5	1.2924
442.625	1.283
442.75	1.2759
442.875	1.268
443.0	1.261
443.125	1.2531
443.25	1.2484
443.375	1.2421
443.5	1.2374
443.625	1.2264
443.75	1.2193
443.875	1.2122
444.0	1.2036
444.125	1.1981
444.25	1.1894
444.375	1.1808
444.5	1.1721
444.625	1.165
444.75	1.1572
444.875	1.1509
445.0	1.1438
445.125	1.1383
445.25	1.132
445.375	1.1242
445.5	1.1147
445.625	1.1084
445.75	1.099
445.875	1.0919
446.0	1.0872
446.125	1.0801
446.25	1.0746
446.375	1.0644
446.5	1.0566
446.625	1.0479
446.75	1.0432
446.875	1.0283
447.0	1.0204
447.125	1.0141
447.25	1.0094
447.375	1.0
447.5	0.9921
447.625	0.9897
447.75	0.9819
447.875	0.974
448.0	0.974
448.125	0.9677
448.25	0.9599
448.375	0.9544
448.5	0.9504
448.625	0.9441
448.75	0.9378
448.875	0.9292
449.0	0.9237
449.125	0.915
449.25	0.9088
449.375	0.904
449.5	0.8962
449.625	0.8907
449.75	0.8828
449.875	0.8789
450.0	0.875
450.125	0.8694
450.25	0.8592
450.375	0.8584
450.5	0.8545
450.625	0.8498
450.75	0.8443
450.875	0.8396
451.0	0.8349
451.125	0.8278
451.25	0.8254
451.375	0.8207
451.5	0.8183
451.625	0.8121
451.75	0.8066
451.875	0.8034
452.0	0.7971
452.125	0.7924
452.25	0.7885
452.375	0.7885
452.5	0.783
452.625	0.779
452.75	0.7767
452.875	0.7712
453.0	0.7688
453.125	0.7641
453.25	0.7602
453.375	0.7594
453.5	0.7547
453.625	0.75
453.75	0.7413
453.875	0.7397
454.0	0.7429
454.125	0.7405
454.25	0.7382
454.375	0.7342
454.5	0.7327
454.625	0.735
454.75	0.7319
454.875	0.7311
455.0	0.7272
455.125	0.7295
455.25	0.7264
455.375	0.7224
455.5	0.7177
455.625	0.7177
455.75	0.7169
455.875	0.7177
456.0	0.7138
456.125	0.7122
456.25	0.7099
456.375	0.7075
456.5	0.7059
456.625	0.7028
456.75	0.7051
456.875	0.7036
457.0	0.7044
457.125	0.7012
457.25	0.6965
457.375	0.6973
457.5	0.7004
457.625	0.7012
457.75	0.6988
457.875	0.7028
458.0	0.6988
458.125	0.6996
458.25	0.7004
458.375	0.702
458.5	0.702
458.625	0.702
458.75	0.7028
458.875	0.6988
459.0	0.702
459.125	0.7028
459.25	0.7028
459.375	0.7028
459.5	0.7051
459.625	0.7028
459.75	0.7028
459.875	0.7036
460.0	0.7044
460.125	0.702
460.25	0.6996
460.375	0.6988
460.5	0.7044
460.625	0.7051
460.75	0.7044
460.875	0.7051
461.0	0.7036
461.125	0.7028
461.25	0.7028
461.375	0.7059
461.5	0.7075
461.625	0.7075
461.75	0.7067
461.875	0.7067
462.0	0.7083
462.125	0.7075
462.25	0.7099
462.375	0.7091
462.5	0.7106
462.625	0.7146
462.75	0.7154
462.875	0.7161
463.0	0.7161
463.125	0.7169
463.25	0.7138
463.375	0.7169
463.5	0.7154
463.625	0.7201
463.75	0.7201
463.875	0.7201
464.0	0.7201
464.125	0.7216
464.25	0.7248
464.375	0.7248
464.5	0.7248
464.625	0.7232
464.75	0.7264
464.875	0.7264
465.0	0.7272
465.125	0.7303
465.25	0.7311
465.375	0.7319
465.5	0.7334
465.625	0.7358
465.75	0.7342
465.875	0.7366
466.0	0.7358
466.125	0.7374
466.25	0.7397
466.375	0.7405
466.5	0.7429
466.625	0.7397
466.75	0.7413
466.875	0.7405
467.0	0.7429
467.125	0.7444
467.25	0.7452
467.375	0.7476
467.5	0.7484
467.625	0.75
467.75	0.7452
467.875	0.75
468.0	0.7476
468.125	0.7531
468.25	0.7515
468.375	0.7555
468.5	0.7617
468.625	0.7578
468.75	0.7641
468.875	0.7641
469.0	0.7665
469.125	0.7641
469.25	0.7649
469.375	0.768
469.5	0.7688
469.625	0.7735
469.75	0.7735
469.875	0.7751
470.0	0.7783
470.125	0.7822
470.25	0.7806
470.375	0.7838
470.5	0.7806
470.625	0.783
470.75	0.7845
470.875	0.7877
471.0	0.7885
471.125	0.79
471.25	0.7932
471.375	0.7971
471.5	0.7971
471.625	0.7979
471.75	0.8003
471.875	0.7995
472.0	0.8034
472.125	0.8034
472.25	0.8058
472.375	0.8026
472.5	0.8066
472.625	0.8081
472.75	0.8081
472.875	0.8113
473.0	0.8136
473.125	0.816
473.25	0.816
473.375	0.8207
473.5	0.8191
473.625	0.8246
473.75	0.8246
473.875	0.8254
474.0	0.8278
474.125	0.8278
474.25	0.8294
474.375	0.8309
474.5	0.8349
474.625	0.8325
474.75	0.8388
474.875	0.8372
475.0	0.8404
475.125	0.8404
475.25	0.8443
475.375	0.8459
475.5	0.8482
475.625	0.8474
475.75	0.849
475.875	0.8522
476.0	0.8529
476.125	0.8537
476.25	0.8561
476.375	0.8592
476.5	0.8584
476.625	0.8592
476.75	0.8616
476.875	0.8663
477.0	0.8663
477.125	0.8671
477.25	0.8679
477.375	0.8679
477.5	0.8694
477.625	0.8687
477.75	0.8726
477.875	0.8726
478.0	0.8773
478.125	0.8765
478.25	0.8773
478.375	0.8773
478.5	0.882
478.625	0.8852
478.75	0.8867
478.875	0.8899
479.0	0.8899
479.125	0.8875
479.25	0.8915
479.375	0.8922
479.5	0.8954
479.625	0.897
479.75	0.9001
479.875	0.9025
480.0	0.9009
480.125	0.9025
480.25	0.9056
480.375	0.9088
480.5	0.9127
480.625	0.9135
480.75	0.9135
480.875	0.915
481.0	0.9143
481.125	0.915
481.25	0.915
481.375	0.9166
481.5	0.915
481.625	0.9182
481.75	0.9158
481.875	0.9198
482.0	0.9221
482.125	0.9245
482.25	0.9245
482.375	0.9292
482.5	0.9323
482.625	0.9339
482.75	0.9331
482.875	0.9339
483.0	0.9347
483.125	0.9355
483.25	0.9355
483.375	0.9355
483.5	0.9386
483.625	0.9394
483.75	0.9386
483.875	0.9418
484.0	0.9418
484.125	0.9433
484.25	0.9433
484.375	0.9433
484.5	0.9433
484.625	0.9457
484.75	0.9426
484.875	0.9402
485.0	0.9449
485.125	0.9481
485.25	0.9433
485.375	0.9496
485.5	0.9512
485.625	0.9496
485.75	0.9528
485.875	0.9528
486.0	0.9567
486.125	0.9551
486.25	0.9575
486.375	0.9512
486.5	0.9567
486.625	0.9599
486.75	0.9606
486.875	0.9606
487.0	0.9606
487.125	0.963
487.25	0.9622
487.375	0.9661
487.5	0.9669
487.625	0.9661
487.75	0.9654
487.875	0.9716
488.0	0.9677
488.125	0.9669
488.25	0.9669
488.375	0.9709
488.5	0.9693
488.625	0.9685
488.75	0.9701
488.875	0.9693
489.0	0.9716
489.125	0.9701
489.25	0.9716
489.375	0.9724
489.5	0.9772
489.625	0.974
489.75	0.9787
489.875	0.9772
490.0	0.9795
490.125	0.9803
490.25	0.9764
490.375	0.9779
490.5	0.9764
490.625	0.9764
490.75	0.9787
490.875	0.9811
491.0	0.9787
491.125	0.9811
491.25	0.9827
491.375	0.9811
491.5	0.9811
491.625	0.9834
491.75	0.9858
491.875	0.9858
492.0	0.9858
492.125	0.9811
492.25	0.9819
492.375	0.9811
492.5	0.9811
492.625	0.9842
492.75	0.9858
492.875	0.9858
493.0	0.9874
493.125	0.9889
493.25	0.9921
493.375	0.9913
493.5	0.9952
493.625	0.9937
493.75	0.9929
493.875	0.9952
494.0	0.9929
494.125	0.9952
494.25	0.9976
494.375	0.9968
494.5	0.9968
494.625	0.9952
494.75	0.9984
494.875	1.0
495.0	1.0015
495.125	1.0015
495.25	1.0031
495.375	1.0015
495.5	0.996
495.625	0.9968
495.75	0.996
495.875	0.9976
496.0	0.9984
496.125	1.0
496.25	1.0007
496.375	1.0
496.5	1.0015
496.625	1.0
496.75	1.0007
496.875	1.0015
497.0	1.0
497.125	0.9968
497.25	0.9984
497.375	0.9992
497.5	1.0
497.625	1.0
497.75	0.996
497.875	0.9984
498.0	0.9968
498.125	0.9968
498.25	1.0
498.375	1.0023
498.5	1.0015
498.625	1.0007
498.75	1.0
498.875	0.9992
499.0	1.0
499.125	1.0
499.25	0.9976
499.375	0.9968
499.5	0.9968
499.625	0.9992
499.75	0.9992
499.875	1.0
500.0	1.0
500.125	1.0
500.25	1.0023
500.375	1.0007
500.5	1.0
500.625	1.0
500.75	1.0023
500.875	1.0
501.0	1.0
501.125	1.0
501.25	1.0
501.375	1.0
501.5	1.0023
501.625	1.0023
501.75	1.0015
501.875	1.0
502.0	1.0
502.125	1.0
502.25	1.0
502.375	1.0
502.5	1.0
502.625	1.0
502.75	1.0
502.875	1.0015
503.0	1.0
503.125	1.0
503.25	0.9976
503.375	0.9976
503.5	1.0
503.625	0.9952
503.75	0.9968
503.875	0.9968
504.0	0.9937
504.125	0.9944
504.25	0.9937
504.375	0.9929
504.5	0.9929
504.625	0.9905
504.75	0.9944
504.875	0.9874
505.0	0.9921
505.125	0.9905
505.25	0.9913
505.375	0.9905
505.5	0.9897
505.625	0.9889
505.75	0.9905
505.875	0.9905
506.0	0.9897
506.125	0.9858
506.25	0.9866
506.375	0.9858
506.5	0.9858
506.625	0.9866
506.75	0.9858
506.875	0.9858
507.0	0.9858
507.125	0.9858
507.25	0.9858
507.375	0.9874
507.5	0.9834
507.625	0.9834
507.75	0.985
507.875	0.9811
508.0	0.9803
508.125	0.9811
508.25	0.9811
508.375	0.9795
508.5	0.9811
508.625	0.9795
508.75	0.9795
508.875	0.9795
509.0	0.9795
509.125	0.9764
509.25	0.9764
509.375	0.9764
509.5	0.9772
509.625	0.9764
509.75	0.974
509.875	0.9748
510.0	0.9685
510.125	0.9701
510.25	0.974
510.375	0.9732
510.5	0.974
510.625	0.9724
510.75	0.9709
510.875	0.9677
511.0	0.9701
511.125	0.9677
511.25	0.9716
511.375	0.9677
511.5	0.9677
511.625	0.9661
511.75	0.9654
511.875	0.9661
512.0	0.9622
512.125	0.9614
512.25	0.9622
512.375	0.963
512.5	0.9622
512.625	0.9622
512.75	0.9614
512.875	0.9614
513.0	0.9606
513.125	0.9599
513.25	0.9614
513.375	0.9606
513.5	0.9591
513.625	0.9575
513.75	0.9583
513.875	0.9575
514.0	0.9575
514.125	0.9575
514.25	0.9567
514.375	0.9528
514.5	0.9544
514.625	0.952
514.75	0.9512
514.875	0.9481
515.0	0.9481
515.125	0.9481
515.25	0.9457
515.375	0.9433
515.5	0.9426
515.625	0.9386
515.75	0.9426
515.875	0.9441
516.0	0.9386
516.125	0.9386
516.25	0.9386
516.375	0.9386
516.5	0.9378
516.625	0.9355
516.75	0.9386
516.875	0.9386
517.0	0.9386
517.125	0.9363
517.25	0.9292
517.375	0.93
517.5	0.9339
517.625	0.9316
517.75	0.9316
517.875	0.93
518.0	0.9323
518.125	0.93
518.25	0.9292
518.375	0.9331
518.5	0.93
518.625	0.93
518.75	0.9253
518.875	0.9284
519.0	0.9261
519.125	0.9245
519.25	0.9245
519.375	0.9245
519.5	0.9237
519.625	0.9213
519.75	0.9198
519.875	0.9158
520.0	0.9182
520.125	0.9198
520.25	0.9182
520.375	0.9174
520.5	0.919
520.625	0.915
520.75	0.9158
520.875	0.9174
521.0	0.9166
521.125	0.9158
521.25	0.915
521.375	0.9103
521.5	0.9103
521.625	0.9111
521.75	0.908
521.875	0.9056
522.0	0.9072
522.125	0.9056
522.25	0.9056
522.375	0.9056
522.5	0.9056
522.625	0.9017
522.75	0.9056
522.875	0.9017
523.0	0.9001
523.125	0.9009
523.25	0.8985
523.375	0.8985
523.5	0.897
523.625	0.8962
523.75	0.8954
523.875	0.8946
524.0	0.8938
524.125	0.8915
524.25	0.8938
524.375	0.893
524.5	0.8883
524.625	0.8875
524.75	0.8915
524.875	0.8867
525.0	0.8867
525.125	0.8867
525.25	0.8867
525.375	0.8844
525.5	0.8836
525.625	0.882
525.75	0.8844
525.875	0.882
526.0	0.8797
526.125	0.8812
526.25	0.882
526.375	0.8773
526.5	0.8773
526.625	0.8773
526.75	0.8797
526.875	0.8773
527.0	0.8718
527.125	0.8726
527.25	0.871
527.375	0.8671
527.5	0.8679
527.625	0.8679
527.75	0.8679
527.875	0.8647
528.0	0.8655
528.125	0.8616
528.25	0.8632
528.375	0.8584
528.5	0.8569
528.625	0.8561
528.75	0.8569
528.875	0.8569
529.0	0.8529
529.125	0.8537
529.25	0.8537
529.375	0.8537
529.5	0.8537
529.625	0.849
529.75	0.849
529.875	0.849
530.0	0.8482
530.125	0.8451
530.25	0.8427
530.375	0.8435
530.5	0.8443
530.625	0.8435
530.75	0.8411
530.875	0.8396
531.0	0.8396
531.125	0.8396
531.25	0.8372
531.375	0.8356
531.5	0.8388
531.625	0.8356
531.75	0.8349
531.875	0.8396
532.0	0.8349
532.125	0.8349
532.25	0.8325
532.375	0.8309
532.5	0.8309
532.625	0.8301
532.75	0.8238
532.875	0.8246
533.0	0.8254
533.125	0.8215
533.25	0.8207
533.375	0.8183
533.5	0.8254
533.625	0.8223
533.75	0.8207
533.875	0.8207
534.0	0.8176
534.125	0.8207
534.25	0.816
534.375	0.816
534.5	0.8152
534.625	0.8152
534.75	0.8128
534.875	0.8121
535.0	0.8113
535.125	0.8105
535.25	0.8113
535.375	0.8152
535.5	0.816
535.625	0.8136
535.75	0.8144
535.875	0.816
536.0	0.8121
536.125	0.8121
536.25	0.8113
536.375	0.8113
536.5	0.8113
536.625	0.8089
536.75	0.8089
536.875	0.8073
537.0	0.8066
537.125	0.8066
537.25	0.8018
537.375	0.8018
537.5	0.8018
537.625	0.7995
537.75	0.8011
537.875	0.7971
538.0	0.7971
538.125	0.7948
538.25	0.794
538.375	0.7932
538.5	0.7924
538.625	0.7924
538.75	0.79
538.875	0.7924
539.0	0.7885
539.125	0.7893
539.25	0.7869
539.375	0.7877
539.5	0.7853
539.625	0.7869
539.75	0.7869
539.875	0.7861
540.0	0.783
540.125	0.783
540.25	0.7822
540.375	0.7822
540.5	0.7783
540.625	0.7783
540.75	0.7783
540.875	0.7775
541.0	0.7743
541.125	0.7751
541.25	0.7743
541.375	0.7727
541.5	0.7727
541.625	0.772
541.75	0.7735
541.875	0.7704
542.0	0.7704
542.125	0.7704
542.25	0.7704
542.375	0.7688
542.5	0.7641
542.625	0.7641
542.75	0.7617
542.875	0.7625
543.0	0.7617
543.125	0.7633
543.25	0.7594
543.375	0.761
543.5	0.7586
543.625	0.7586
543.75	0.7531
543.875	0.7562
544.0	0.7547
544.125	0.7547
544.25	0.7547
544.375	0.7547
544.5	0.7547
544.625	0.7547
544.75	0.7515
544.875	0.7507
545.0	0.7523
545.125	0.7507
545.25	0.7484
545.375	0.7484
545.5	0.75
545.625	0.7492
545.75	0.7452
545.875	0.7476
546.0	0.746
546.125	0.7429
546.25	0.7437
546.375	0.7444
546.5	0.7421
546.625	0.7413
546.75	0.7405
546.875	0.7405
547.0	0.7405
547.125	0.7366
547.25	0.7374
547.375	0.7358
547.5	0.7366
547.625	0.7327
547.75	0.7319
547.875	0.7311
548.0	0.7319
548.125	0.7303
548.25	0.7295
548.375	0.7272
548.5	0.7279
548.625	0.7311
548.75	0.7264
548.875	0.724
549.0	0.7232
549.125	0.7264
549.25	0.7216
549.375	0.7224
549.5	0.7209
549.625	0.7216
549.75	0.7193
549.875	0.7209
550.0	0.7177
550.125	0.7177
550.25	0.7169
550.375	0.7169
550.5	0.7169
550.625	0.7169
550.75	0.7169
550.875	0.7122
551.0	0.7122
551.125	0.7099
551.25	0.7106
551.375	0.7091
551.5	0.7106
551.625	0.7106
551.75	0.7075
551.875	0.7075
552.0	0.7075
552.125	0.7075
552.25	0.7028
552.375	0.7028
552.5	0.702
552.625	0.6988
552.75	0.6981
552.875	0.6981
553.0	0.6981
553.125	0.6965
553.25	0.6973
553.375	0.6933
553.5	0.6933
553.625	0.6973
553.75	0.6965
553.875	0.6902
554.0	0.6902
554.125	0.6878
554.25	0.6886
554.375	0.6886
554.5	0.6871
554.625	0.6871
554.75	0.6863
554.875	0.6886
555.0	0.6871
555.125	0.6871
555.25	0.6855
555.375	0.6847
555.5	0.6839
555.625	0.6839
555.75	0.6839
555.875	0.6839
556.0	0.68
556.125	0.68
556.25	0.6808
556.375	0.6792
556.5	0.6792
556.625	0.6792
556.75	0.6753
556.875	0.6737
557.0	0.6745
557.125	0.6729
557.25	0.6745
557.375	0.6713
557.5	0.6682
557.625	0.6698
557.75	0.6698
557.875	0.6666
558.0	0.6658
558.125	0.6643
558.25	0.6611
558.375	0.6619
558.5	0.6627
558.625	0.6603
558.75	0.658
558.875	0.6588
559.0	0.6588
559.125	0.6588
559.25	0.6611
559.375	0.6588
559.5	0.6588
559.625	0.658
559.75	0.6603
559.875	0.6572
560.0	0.658
560.125	0.658
560.25	0.6564
560.375	0.6556
560.5	0.6556
560.625	0.6556
560.75	0.6548
560.875	0.6548
561.0	0.6525
561.125	0.6525
561.25	0.6525
561.375	0.6509
561.5	0.6509
561.625	0.6493
561.75	0.6509
561.875	0.6485
562.0	0.6493
562.125	0.647
562.25	0.6462
562.375	0.647
562.5	0.6462
562.625	0.6462
562.75	0.6438
562.875	0.6422
563.0	0.6422
563.125	0.6407
563.25	0.6415
563.375	0.6383
563.5	0.6367
563.625	0.6367
563.75	0.6352
563.875	0.6344
564.0	0.632
564.125	0.6312
564.25	0.632
564.375	0.632
564.5	0.632
564.625	0.6312
564.75	0.632
564.875	0.632
565.0	0.6297
565.125	0.6289
565.25	0.6281
565.375	0.6273
565.5	0.6257
565.625	0.6273
565.75	0.6265
565.875	0.6265
566.0	0.6226
566.125	0.6234
566.25	0.6187
566.375	0.6179
566.5	0.6163
566.625	0.6202
566.75	0.6163
566.875	0.6187
567.0	0.6179
567.125	0.6163
567.25	0.6171
567.375	0.6132
567.5	0.6139
567.625	0.6124
567.75	0.6124
567.875	0.6116
568.0	0.6108
568.125	0.6084
568.25	0.6061
568.375	0.6077
568.5	0.6061
568.625	0.6045
568.75	0.6045
568.875	0.6053
569.0	0.6037
569.125	0.6045
569.25	0.6029
569.375	0.6045
569.5	0.6037
569.625	0.6037
569.75	0.6022
569.875	0.599
570.0	0.599
570.125	0.5982
570.25	0.5982
570.375	0.5974
570.5	0.5943
570.625	0.5943
570.75	0.5943
570.875	0.5896
571.0	0.5919
571.125	0.5904
571.25	0.5919
571.375	0.5896
571.5	0.5896
571.625	0.5896
571.75	0.5896
571.875	0.5849
572.0	0.5872
572.125	0.5856
572.25	0.5849
572.375	0.5849
572.5	0.5872
572.625	0.5849
572.75	0.5825
572.875	0.5825
573.0	0.5833
573.125	0.5833
573.25	0.5801
573.375	0.5801
573.5	0.5801
573.625	0.5762
573.75	0.577
573.875	0.5762
574.0	0.5754
574.125	0.5754
574.25	0.5754
574.375	0.5707
574.5	0.5707
574.625	0.5699
574.75	0.5668
574.875	0.5699
575.0	0.566
575.125	0.5707
575.25	0.5707
575.375	0.5707
575.5	0.5676
575.625	0.566
575.75	0.5628
575.875	0.5652
576.0	0.566
576.125	0.5652
576.25	0.5652
576.375	0.566
576.5	0.5636
576.625	0.5613
576.75	0.5605
576.875	0.5597
577.0	0.5621
577.125	0.5597
577.25	0.5518
577.375	0.5566
577.5	0.5566
577.625	0.5566
577.75	0.5597
577.875	0.5566
578.0	0.5558
578.125	0.5566
578.25	0.5526
578.375	0.5542
578.5	0.5518
578.625	0.5518
578.75	0.5495
578.875	0.5518
579.0	0.5487
579.125	0.5511
579.25	0.5511
579.375	0.5471
579.5	0.5471
579.625	0.5495
579.75	0.5479
579.875	0.5455
580.0	0.5455
580.125	0.5424
580.25	0.5448
580.375	0.5424
580.5	0.5408
580.625	0.5393
580.75	0.5424
580.875	0.5416
581.0	0.5393
581.125	0.5393
581.25	0.5393
581.375	0.5377
581.5	0.5369
581.625	0.5377
581.75	0.5353
581.875	0.5345
582.0	0.5377
582.125	0.5353
582.25	0.5369
582.375	0.5314
582.5	0.5322
582.625	0.529
582.75	0.5322
582.875	0.5283
583.0	0.5283
583.125	0.5283
583.25	0.5267
583.375	0.5243
583.5	0.5275
583.625	0.5251
583.75	0.5259
583.875	0.5235
584.0	0.5212
584.125	0.5212
584.25	0.5188
584.375	0.5188
584.5	0.5196
584.625	0.5188
584.75	0.5157
584.875	0.5141
585.0	0.5141
585.125	0.5117
585.25	0.511
585.375	0.5094
585.5	0.511
585.625	0.5086
585.75	0.5055
585.875	0.5047
586.0	0.507
586.125	0.5062
586.25	0.5055
586.375	0.5047
586.5	0.5031
586.625	0.5047
586.75	0.5023
586.875	0.5
587.0	0.5
587.125	0.5
587.25	0.496
587.375	0.4968
587.5	0.4952
587.625	0.4952
587.75	0.4944
587.875	0.4944
588.0	0.4905
588.125	0.4905
588.25	0.4897
588.375	0.4882
588.5	0.4882
588.625	0.4866
588.75	0.4882
588.875	0.4858
589.0	0.4858
589.125	0.4858
589.25	0.4811
589.375	0.4795
589.5	0.4803
589.625	0.4819
589.75	0.4811
589.875	0.4819
590.0	0.4803
590.125	0.4834
590.25	0.4795
590.375	0.4811
590.5	0.4803
590.625	0.4787
590.75	0.4756
590.875	0.4764
591.0	0.4764
591.125	0.4732
591.25	0.4732
591.375	0.4732
591.5	0.4716
591.625	0.4724
591.75	0.4669
591.875	0.4677
592.0	0.4701
592.125	0.4669
592.25	0.4661
592.375	0.4606
592.5	0.4638
592.625	0.4638
592.75	0.4622
592.875	0.4622
593.0	0.4599
593.125	0.4583
593.25	0.4559
593.375	0.4551
593.5	0.4575
593.625	0.4551
593.75	0.4528
593.875	0.4536
594.0	0.4496
594.125	0.4512
594.25	0.4528
594.375	0.4512
594.5	0.4496
594.625	0.4481
594.75	0.4473
594.875	0.4449
595.0	0.4433
595.125	0.4433
595.25	0.441
595.375	0.4394
595.5	0.4386
595.625	0.4378
595.75	0.4386
595.875	0.4386
596.0	0.4378
596.125	0.4339
596.25	0.4363
596.375	0.4363
596.5	0.4339
596.625	0.4339
596.75	0.4323
596.875	0.4331
597.0	0.4292
597.125	0.4284
597.25	0.4245
597.375	0.4245
597.5	0.4237
597.625	0.4245
597.75	0.4245
597.875	0.4229
598.0	0.4198
598.125	0.4213
598.25	0.4198
598.375	0.4198
598.5	0.4198
598.625	0.4182
598.75	0.4198
598.875	0.4166
599.0	0.415
599.125	0.4143
599.25	0.4135
599.375	0.4119
599.5	0.4103
599.625	0.4119
599.75	0.4103
599.875	0.4088
600.0	0.4056
600.125	0.4056
600.25	0.4056
600.375	0.4056
600.5	0.4025
600.625	0.404
600.75	0.4001
600.875	0.3962
601.0	0.3977
601.125	0.3985
601.25	0.397
601.375	0.397
601.5	0.3962
601.625	0.3954
601.75	0.3977
601.875	0.397
602.0	0.3946
602.125	0.3946
602.25	0.3922
602.375	0.3915
602.5	0.3891
602.625	0.3891
602.75	0.3883
602.875	0.3867
603.0	0.3891
603.125	0.3867
603.25	0.3867
603.375	0.3852
603.5	0.386
603.625	0.382
603.75	0.3797
603.875	0.3781
604.0	0.3805
604.125	0.3781
604.25	0.3765
604.375	0.3742
604.5	0.3726
604.625	0.3734
604.75	0.3726
604.875	0.3702
605.0	0.3694
605.125	0.3687
605.25	0.3679
605.375	0.3639
605.5	0.3647
605.625	0.3632
605.75	0.3632
605.875	0.3632
606.0	0.36
606.125	0.3616
606.25	0.3577
606.375	0.3577
606.5	0.3569
606.625	0.3577
606.75	0.3537
606.875	0.3553
607.0	0.3537
607.125	0.3529
607.25	0.3522
607.375	0.3498
607.5	0.3498
607.625	0.3482
607.75	0.3506
607.875	0.3482
608.0	0.3427
608.125	0.3451
608.25	0.3443
608.375	0.3435
608.5	0.3451
608.625	0.3435
608.75	0.3396
608.875	0.3411
609.0	0.3396
609.125	0.3396
609.25	0.3404
609.375	0.3388
609.5	0.3388
609.625	0.3356
609.75	0.3349
609.875	0.3341
610.0	0.3349
610.125	0.3301
610.25	0.3301
610.375	0.3301
610.5	0.3294
610.625	0.3301
610.75	0.3254
610.875	0.327
611.0	0.3238
611.125	0.3238
611.25	0.3215
611.375	0.3223
611.5	0.3223
611.625	0.3176
611.75	0.3176
611.875	0.316
612.0	0.3207
612.125	0.3207
612.25	0.3144
612.375	0.3113
612.5	0.3113
612.625	0.3113
612.75	0.3121
612.875	0.3113
613.0	0.3081
613.125	0.3113
613.25	0.3089
613.375	0.3066
613.5	0.3058
613.625	0.3066
613.75	0.3066
613.875	0.3042
614.0	0.3042
614.125	0.3018
614.25	0.2995
614.375	0.2995
614.5	0.2971
614.625	0.294
614.75	0.2948
614.875	0.2924
615.0	0.2924
615.125	0.2924
615.25	0.2924
615.375	0.2908
615.5	0.2932
615.625	0.2908
615.75	0.2924
615.875	0.2885
616.0	0.2861
616.125	0.2869
616.25	0.2861
616.375	0.2845
616.5	0.2822
616.625	0.283
616.75	0.2798
616.875	0.279
617.0	0.2806
617.125	0.2751
617.25	0.2735
617.375	0.2735
617.5	0.2727
617.625	0.272
617.75	0.2712
617.875	0.2688
618.0	0.2727
618.125	0.2712
618.25	0.2665
618.375	0.2657
618.5	0.2657
618.625	0.2633
618.75	0.2641
618.875	0.2665
619.0	0.2649
619.125	0.2617
619.25	0.2594
619.375	0.2578
619.5	0.2594
619.625	0.2594
619.75	0.2578
619.875	0.2617
620.0	0.2555
620.125	0.2586
620.25	0.2547
620.375	0.2547
620.5	0.2531
620.625	0.25
620.75	0.2507
620.875	0.2492
621.0	0.2468
621.125	0.2444
621.25	0.2444
621.375	0.2413
621.5	0.2405
621.625	0.2405
621.75	0.2405
621.875	0.2405
622.0	0.2405
622.125	0.2358
622.25	0.235
622.375	0.2358
622.5	0.2358
622.625	0.2334
622.75	0.2358
622.875	0.2319
623.0	0.2342
623.125	0.2334
623.25	0.2311
623.375	0.2295
623.5	0.2303
623.625	0.2303
623.75	0.2272
623.875	0.2303
624.0	0.2279
624.125	0.2264
624.25	0.2264
624.375	0.224
624.5	0.2232
624.625	0.224
624.75	0.2216
624.875	0.2185
625.0	0.2185
625.125	0.2177
625.25	0.2193
625.375	0.2169
625.5	0.2169
625.625	0.2154
625.75	0.2161
625.875	0.2138
626.0	0.2122
626.125	0.2122
626.25	0.2122
626.375	0.2114
626.5	0.2122
626.625	0.213
626.75	0.2106
626.875	0.2075
627.0	0.2075
627.125	0.2067
627.25	0.2067
627.375	0.2044
627.5	0.2051
627.625	0.2051
627.75	0.202
627.875	0.2036
628.0	0.2067
628.125	0.202
628.25	0.2028
628.375	0.1996
628.5	0.1988
628.625	0.2004
628.75	0.2012
628.875	0.1981
629.0	0.1981
629.125	0.1957
629.25	0.1933
629.375	0.1949
629.5	0.1933
629.625	0.1918
629.75	0.1926
629.875	0.1886
630.0	0.1878
630.125	0.1847
630.25	0.1839
630.375	0.1847
630.5	0.1839
630.625	0.1823
630.75	0.1831
630.875	0.1847
631.0	0.1863
631.125	0.1847
631.25	0.1839
631.375	0.1839
631.5	0.1792
631.625	0.1784
631.75	0.1776
631.875	0.1784
632.0	0.1792
632.125	0.1737
632.25	0.1705
632.375	0.1705
632.5	0.169
632.625	0.1682
632.75	0.169
632.875	0.1682
633.0	0.169
633.125	0.1666
633.25	0.1674
633.375	0.1658
633.5	0.1619
633.625	0.1635
633.75	0.1611
633.875	0.1603
634.0	0.1588
634.125	0.1603
634.25	0.1603
634.375	0.1603
634.5	0.1611
634.625	0.1595
634.75	0.1588
634.875	0.1525
635.0	0.1556
635.125	0.1509
635.25	0.154
635.375	0.1548
635.5	0.1533
635.625	0.1509
635.75	0.1533
635.875	0.1509
636.0	0.1517
636.125	0.1509
636.25	0.1501
636.375	0.1485
636.5	0.1462
636.625	0.1422
636.75	0.1462
636.875	0.1438
637.0	0.143
637.125	0.1415
637.25	0.1415
637.375	0.1399
637.5	0.1407
637.625	0.1375
637.75	0.136
637.875	0.1344
638.0	0.1336
638.125	0.132
638.25	0.1265
638.375	0.1257
638.5	0.1265
638.625	0.1257
638.75	0.1257
638.875	0.1226
639.0	0.1242
639.125	0.1226
639.25	0.1234
639.375	0.1218
639.5	0.1242
639.625	0.1257
639.75	0.125
639.875	0.1265
640.0	0.1273
640.125	0.1234
640.25	0.1257
640.375	0.1234
640.5	0.1226
640.625	0.1218
640.75	0.1226
640.875	0.1226
641.0	0.1179
641.125	0.1226
641.25	0.1179
641.375	0.121
641.5	0.1179
641.625	0.1155
641.75	0.1147
641.875	0.1139
642.0	0.1132
642.125	0.1124
642.25	0.1116
642.375	0.1084
642.5	0.1084
642.625	0.1092
642.75	0.1084
642.875	0.1084
643.0	0.1077
643.125	0.1084
643.25	0.1084
643.375	0.1069
643.5	0.1037
643.625	0.1029
643.75	0.1029
643.875	0.1037
644.0	0.1037
644.125	0.1037
644.25	0.099
644.375	0.0998
644.5	0.099
644.625	0.0982
644.75	0.0974
644.875	0.0982
645.0	0.0982
645.125	0.0966
645.25	0.0943
645.375	0.0935
645.5	0.0943
645.625	0.0927
645.75	0.0935
645.875	0.0943
646.0	0.0935
646.125	0.0919
646.25	0.0896
646.375	0.0911
646.5	0.0864
646.625	0.0849
646.75	0.088
646.875	0.0849
647.0	0.0872
647.125	0.0849
647.25	0.0817
647.375	0.0794
647.5	0.077
647.625	0.0801
647.75	0.0801
647.875	0.0801
648.0	0.0841
648.125	0.0801
648.25	0.0786
648.375	0.077
648.5	0.0754
648.625	0.0754
648.75	0.0754
648.875	0.0746
649.0	0.0746
649.125	0.0731
649.25	0.0715
649.375	0.0731
649.5	0.0738
649.625	0.0707
649.75	0.0731
649.875	0.0754
650.0	0.0731
650.125	0.0738
650.25	0.0707
650.375	0.0707
650.5	0.0691
650.625	0.0691
650.75	0.0715
650.875	0.0691
651.0	0.0683
651.125	0.0668
651.25	0.0707
651.375	0.0668
651.5	0.0683
651.625	0.0644
651.75	0.0644
651.875	0.0668
652.0	0.0621
652.125	0.0621
652.25	0.0628
652.375	0.0668
652.5	0.0652
652.625	0.0628
652.75	0.0628
652.875	0.0597
653.0	0.0613
653.125	0.0589
653.25	0.0566
653.375	0.0566
653.5	0.0542
653.625	0.0558
653.75	0.0573
653.875	0.0534
654.0	0.0558
654.125	0.0566
654.25	0.0566
654.375	0.0542
654.5	0.0495
654.625	0.0511
654.75	0.0487
654.875	0.0495
655.0	0.0518
655.125	0.0455
655.25	0.0471
655.375	0.0479
655.5	0.0471
655.625	0.0463
655.75	0.0471
655.875	0.0448
656.0	0.0424
656.125	0.0424
656.25	0.0424
656.375	0.0424
656.5	0.0424
656.625	0.0432
656.75	0.044
656.875	0.0424
657.0	0.0424
657.125	0.0416
657.25	0.0385
657.375	0.0424
657.5	0.0393
657.625	0.0408
657.75	0.0416
657.875	0.0393
658.0	0.0385
658.125	0.0377
658.25	0.0361
658.375	0.029
658.5	0.0283
658.625	0.0306
658.75	0.0322
658.875	0.0353
659.0	0.0377
659.125	0.0353
659.25	0.0353
659.375	0.033
659.5	0.033
659.625	0.033
659.75	0.0306
659.875	0.0306
660.0	0.0298
660.125	0.0298
660.25	0.0283
660.375	0.0298
660.5	0.029
660.625	0.029
660.75	0.0283
660.875	0.0283
661.0	0.0275
661.125	0.0298
661.25	0.0251
661.375	0.0267
661.5	0.0259
661.625	0.0243
661.75	0.0235
661.875	0.0243
662.0	0.022
662.125	0.0227
662.25	0.0243
662.375	0.022
662.5	0.022
662.625	0.0196
662.75	0.0196
662.875	0.0196
663.0	0.0188
663.125	0.0204
663.25	0.0172
663.375	0.0165
663.5	0.018
663.625	0.0157
663.75	0.018
663.875	0.0188
664.0	0.0172
664.125	0.0172
664.25	0.018
664.375	0.0102
664.5	0.0094
664.625	0.0047
664.75	0.0055
664.875	0.0031
665.0	0.0023
665.125	0.007
665.25	0.0055
665.375	0.007
665.5	0.0047
665.625	0.0047
665.75	0.0055
665.875	0.0039
666.0	0.0039
666.125	0.0023
666.25	7.0E-4
666.375	0.0
666.5	0.0
666.625	0.0
666.75	0.0
666.875	0.0
667.0	0.0
667.125	0.0
667.25	0.0
667.375	0.0
667.5	7.0E-4
667.625	0.0
667.75	0.0023
667.875	0.0031
668.0	0.0015
668.125	0.0
668.25	0.0
668.375	0.0
668.5	0.0
668.625	0.0
668.75	0.0
668.875	0.0
669.0	0.0
669.125	0.0
669.25	0.0
669.375	0.0
669.5	0.0
669.625	0.0
669.75	0.0
669.875	0.0
670.0	0.0
670.125	0.0
670.25	0.0
670.375	0.0
670.5	0.0
670.625	0.0
670.75	0.0
670.875	0.0
671.0	0.0
671.125	0.0
671.25	0.0
671.375	0.0
671.5	0.0
671.625	0.0
671.75	0.0
671.875	0.0
672.0	0.0
672.125	0.0
672.25	0.0
672.375	0.0
672.5	0.0
672.625	0.0
672.75	0.0
672.875	0.0
673.0	0.0
673.125	0.0
673.25	0.0
673.375	0.0
673.5	0.0
673.625	0.0
673.75	0.0
673.875	0.0
674.0	0.0
674.125	0.0
674.25	0.0
674.375	0.0
674.5	0.0
674.625	0.0
674.75	0.0
674.875	0.0
675.0	0.0
675.125	0.0
675.25	0.0
675.375	0.0
675.5	0.0
675.625	0.0
675.75	0.0
675.875	0.0
676.0	0.0
676.125	0.0
676.25	0.0
676.375	0.0
676.5	0.0
676.625	0.0
676.75	0.0
676.875	0.0
677.0	0.0
677.125	0.0
677.25	0.0
677.375	0.0
677.5	0.0
677.625	0.0
677.75	0.0
677.875	0.0
678.0	0.0
678.125	0.0
678.25	0.0
678.375	0.0
678.5	0.0
678.625	0.0
678.75	0.0
678.875	0.0
679.0	0.0
679.125	0.0
679.25	0.0
679.375	0.0
679.5	0.0
679.625	0.0
679.75	0.0
679.875	0.0
680.0	0.0
680.125	0.0
680.25	0.0
680.375	0.0
680.5	0.0
680.625	0.0
680.75	0.0
680.875	0.0
681.0	0.0
681.125	0.0
681.25	0.0
681.375	0.0
681.5	0.0
681.625	0.0
681.75	0.0
681.875	0.0
682.0	0.0
682.125	0.0
682.25	0.0
682.375	0.0
682.5	0.0
682.625	0.0
682.75	0.0
682.875	0.0
683.0	0.0
683.125	0.0
683.25	0.0
683.375	0.0
683.5	0.0
683.625	0.0
683.75	0.0
683.875	0.0
684.0	0.0
684.125	0.0
684.25	0.0
684.375	0.0
684.5	0.0
684.625	0.0
684.75	0.0
684.875	0.0
685.0	0.0
685.125	0.0
685.25	0.0
685.375	0.0
685.5	0.0
685.625	0.0
685.75	0.0
685.875	0.0
686.0	0.0
686.125	0.0
686.25	0.0
686.375	0.0
686.5	0.0
686.625	0.0
686.75	0.0
686.875	0.0
687.0	0.0
687.125	0.0
687.25	0.0
687.375	0.0
687.5	0.0
687.625	0.0
687.75	0.0
687.875	0.0
688.0	0.0
688.125	0.0
688.25	0.0
688.375	0.0
688.5	0.0
688.625	0.0
688.75	0.0
688.875	0.0
689.0	0.0
689.125	0.0
689.25	0.0
689.375	0.0
689.5	0.0
689.625	0.0
689.75	0.0
689.875	0.0
690.0	0.0
690.125	0.0
690.25	0.0
690.375	0.0
690.5	0.0
690.625	0.0
690.75	0.0
690.875	0.0
691.0	0.0
691.125	0.0
691.25	0.0
691.375	0.0
691.5	0.0
691.625	0.0
691.75	0.0
691.875	0.0
692.0	0.0
692.125	0.0
692.25	0.0
692.375	0.0
692.5	0.0
692.625	0.0
692.75	0.0
692.875	0.0
693.0	0.0
693.125	0.0
693.25	0.0
693.375	0.0
693.5	0.0
693.625	0.0
693.75	0.0
693.875	0.0
694.0	0.0
694.125	0.0
694.25	0.0
694.375	0.0
694.5	0.0
694.625	0.0
694.75	0.0
694.875	0.0
695.0	0.0
695.125	0.0
695.25	0.0
695.375	0.0
695.5	0.0
695.625	0.0
695.75	0.0
695.875	0.0
696.0	0.0
696.125	0.0
696.25	0.0
696.375	0.0
696.5	0.0
696.625	0.0
696.75	0.0
696.875	0.0
697.0	0.0
697.125	0.0
697.25	0.0
697.375	0.0
697.5	0.0
697.625	0.0
697.75	0.0
697.875	0.0
698.0	0.0
698.125	0.0
698.25	0.0
698.375	0.0
698.5	0.0
698.625	0.0
698.75	0.0
698.875	0.0
699.0	0.0
699.125	0.0
699.25	0.0
699.375	0.0
699.5	0.0
699.625	0.0
699.75	0.0
699.875	0.0
700.0	0.0
700.125	0.0
700.25	0.0
700.375	0.0
700.5	0.0
700.625	0.0
700.75	0.0
700.875	0.0
701.0	0.0
701.125	0.0
701.25	0.0
701.375	0.0
701.5	0.0
701.625	0.0
701.75	0.0
701.875	0.0
702.0	0.0
702.125	0.0
702.25	0.0
702.375	0.0
702.5	0.0
702.625	0.0
702.75	0.0
702.875	0.0
703.0	0.0
703.125	0.0
703.25	0.0
703.375	0.0
703.5	0.0
703.625	0.0
703.75	0.0
703.875	0.0
704.0	0.0
704.125	0.0
704.25	0.0
704.375	0.0
704.5	0.0
704.625	0.0
704.75	0.0
704.875	0.0
705.0	0.0
705.125	0.0
705.25	0.0
705.375	0.0
705.5	0.0
705.625	0.0
705.75	0.0
705.875	0.0
706.0	0.0
706.125	0.0
706.25	0.0
706.375	0.0
706.5	0.0
706.625	0.0
706.75	0.0
706.875	0.0
707.0	0.0
707.125	0.0
707.25	0.0
707.375	0.0
707.5	0.0
707.625	0.0
707.75	0.0
707.875	0.0
708.0	0.0
708.125	0.0
708.25	0.0
708.375	0.0
708.5	0.0
708.625	0.0
708.75	0.0
708.875	0.0
709.0	0.0
709.125	0.0
709.25	0.0
709.375	0.0
709.5	0.0
709.625	0.0
709.75	0.0
709.875	0.0
710.0	0.0
710.125	0.0
710.25	0.0
710.375	0.0
710.5	0.0
710.625	0.0
710.75	0.0
710.875	0.0
711.0	0.0
711.125	0.0
711.25	0.0
711.375	0.0
711.5	0.0
711.625	0.0
711.75	0.0
711.875	0.0
712.0	0.0
712.125	0.0
712.25	0.0
712.375	0.0
712.5	0.0
712.625	0.0
712.75	0.0
712.875	0.0
713.0	0.0
713.125	0.0
713.25	0.0
713.375	0.0
713.5	0.0
713.625	0.0
713.75	0.0
713.875	0.0
714.0	0.0
714.125	0.0
714.25	0.0
714.375	0.0
714.5	0.0
714.625	0.0
714.75	0.0
714.875	0.0
715.0	0.0
715.125	0.0
715.25	0.0
715.375	0.0
715.5	0.0
715.625	0.0
715.75	0.0
715.875	0.0
716.0	0.0
716.125	0.0
716.25	0.0
716.375	0.0
716.5	0.0
716.625	0.0
716.75	0.0
716.875	0.0
717.0	0.0
717.125	0.0
717.25	0.0
717.375	0.0
717.5	0.0
717.625	0.0
717.75	0.0
717.875	0.0
718.0	0.0
718.125	0.0
718.25	0.0
718.375	0.0
718.5	0.0
718.625	0.0
718.75	0.0
718.875	0.0
719.0	0.0
719.125	0.0
719.25	0.0
719.375	0.0
719.5	0.0
719.625	0.0
719.75	0.0
719.875	0.0
720.0	0.0
720.125	0.0
720.25	0.0
720.375	0.0
720.5	0.0
720.625	0.0
720.75	0.0
720.875	0.0
721.0	0.0
721.125	0.0
721.25	0.0
721.375	0.0
721.5	0.0
721.625	0.0
721.75	0.0
721.875	0.0
722.0	0.0
722.125	0.0
722.25	0.0
722.375	0.0
722.5	0.0
722.625	0.0
722.75	0.0
722.875	0.0
723.0	0.0
723.125	0.0
723.25	0.0
723.375	0.0
723.5	0.0
723.625	0.0
723.75	0.0
723.875	0.0
724.0	0.0
724.125	0.0
724.25	0.0
724.375	0.0
724.5	0.0
724.625	0.0
724.75	0.0
724.875	0.0
725.0	0.0
725.125	0.0
725.25	0.0
725.375	0.0
725.5	0.0
725.625	0.0
725.75	0.0
725.875	0.0
726.0	0.0
726.125	0.0
726.25	0.0
726.375	0.0
726.5	0.0
726.625	0.0
726.75	0.0
726.875	0.0
727.0	0.0
727.125	0.0
727.25	0.0
727.375	0.0
727.5	0.0
727.625	0.0
727.75	0.0
727.875	0.0
728.0	0.0
728.125	0.0
728.25	0.0
728.375	0.0
728.5	0.0
728.625	0.0
728.75	0.0
728.875	0.0
729.0	0.0
729.125	0.0
729.25	0.0
729.375	0.0
729.5	0.0
729.625	0.0
729.75	0.0
729.875	0.0
730.0	0.0
730.125	0.0
730.25	0.0
730.375	0.0
730.5	0.0
730.625	0.0
730.75	0.0
730.875	0.0
731.0	0.0
731.125	0.0
731.25	0.0
731.375	0.0
731.5	0.0
731.625	0.0
731.75	0.0
731.875	0.0
732.0	0.0
732.125	0.0
732.25	0.0
732.375	0.0
732.5	0.0
732.625	0.0
732.75	0.0
732.875	0.0
733.0	0.0
733.125	0.0
733.25	0.0
733.375	0.0
733.5	0.0
733.625	0.0
733.75	0.0
733.875	0.0
734.0	0.0
734.125	0.0
734.25	0.0
734.375	0.0
734.5	0.0
734.625	0.0
734.75	0.0
734.875	0.0
735.0	0.0
735.125	0.0
735.25	0.0
735.375	0.0
735.5	0.0
735.625	0.0
735.75	0.0
735.875	0.0
736.0	0.0
736.125	0.0
736.25	0.0
736.375	0.0
736.5	0.0
736.625	0.0
736.75	0.0
736.875	0.0
737.0	0.0
737.125	0.0
737.25	0.0
737.375	0.0
737.5	0.0
737.625	0.0
737.75	0.0
737.875	0.0
738.0	0.0
738.125	0.0
738.25	0.0
738.375	0.0
738.5	0.0
738.625	0.0
738.75	0.0
738.875	0.0
739.0	0.0
739.125	0.0
739.25	0.0
739.375	0.0
739.5	0.0
739.625	0.0
739.75	0.0
739.875	0.0
740.0	0.0
740.125	0.0
740.25	0.0
740.375	0.0
740.5	0.0
740.625	0.0
740.75	0.0
740.875	0.0
741.0	0.0
741.125	0.0
741.25	0.0
741.375	0.0
741.5	0.0
741.625	0.0
741.75	0.0
741.875	0.0
742.0	0.0
742.125	0.0
742.25	0.0
742.375	0.0
742.5	0.0
742.625	0.0
742.75	0.0
742.875	0.0
743.0	0.0
743.125	0.0
743.25	0.0
743.375	0.0
743.5	0.0
743.625	0.0
743.75	0.0
743.875	0.0
744.0	0.0
744.125	0.0
744.25	0.0
744.375	0.0
744.5	0.0
744.625	0.0
744.75	0.0
744.875	0.0
745.0	0.0
745.125	0.0
745.25	0.0
745.375	0.0
745.5	0.0
745.625	0.0
745.75	0.0
745.875	0.0
746.0	0.0
746.125	0.0
746.25	0.0
746.375	0.0
746.5	0.0
746.625	0.0
746.75	0.0
746.875	0.0
747.0	0.0
747.125	0.0
747.25	0.0
747.375	0.0
747.5	0.0
747.625	0.0
747.75	0.0
747.875	0.0
748.0	0.0
748.125	0.0
748.25	0.0
748.375	0.0
748.5	0.0
748.625	0.0
748.75	0.0
748.875	0.0
749.0	0.0
749.125	0.0
749.25	0.0
749.375	0.0
749.5	0.0
749.625	0.0
749.75	0.0
749.875	0.0
750.0	0.0
750.125	0.0
750.25	0.0
750.375	0.0
750.5	0.0
750.625	0.0
750.75	0.0
750.875	0.0
751.0	0.0
751.125	0.0
751.25	0.0
751.375	0.0
751.5	0.0
751.625	0.0
751.75	0.0
751.875	0.0
752.0	0.0
752.125	0.0
752.25	0.0
752.375	0.0
752.5	0.0
752.625	0.0
752.75	0.0
752.875	0.0
753.0	0.0
753.125	0.0
753.25	0.0
753.375	0.0
753.5	0.0
753.625	0.0
753.75	0.0
753.875	0.0
754.0	0.0
754.125	0.0
754.25	0.0
754.375	0.0
754.5	0.0
754.625	0.0
754.75	0.0
754.875	0.0
755.0	0.0
755.125	0.0
755.25	0.0
755.375	0.0
755.5	0.0
755.625	0.0
755.75	0.0
755.875	0.0
756.0	0.0
756.125	0.0
756.25	0.0
756.375	0.0
756.5	0.0
756.625	0.0
756.75	0.0
756.875	0.0
757.0	0.0
757.125	0.0
757.25	0.0
757.375	0.0
757.5	0.0
757.625	0.0
757.75	0.0
757.875	0.0
758.0	0.0
758.125	0.0
758.25	0.0
758.375	0.0
758.5	0.0
758.625	0.0
758.75	0.0
758.875	0.0
759.0	0.0
759.125	0.0
759.25	0.0
759.375	0.0
759.5	0.0
759.625	0.0
759.75	0.0
759.875	0.0
760.0	0.0
760.125	0.0
760.25	0.0
760.375	0.0
760.5	0.0
760.625	0.0
760.75	0.0
760.875	0.0
761.0	0.0
761.125	0.0
761.25	0.0
761.375	0.0
761.5	0.0
761.625	0.0
761.75	0.0
761.875	0.0
762.0	0.0
762.125	0.0
762.25	0.0
762.375	0.0
762.5	0.0
762.625	0.0
762.75	0.0
762.875	0.0
763.0	0.0
763.125	0.0
763.25	0.0
763.375	0.0
763.5	0.0
763.625	0.0
763.75	0.0
763.875	0.0
764.0	0.0
764.125	0.0
764.25	0.0
764.375	0.0
764.5	0.0
764.625	0.0
764.75	0.0
764.875	0.0
765.0	0.0
765.125	0.0
765.25	0.0
765.375	0.0
765.5	0.0
765.625	0.0
765.75	0.0
765.875	0.0
766.0	0.0
766.125	0.0
766.25	0.0
766.375	0.0
766.5	0.0
766.625	0.0
766.75	0.0
766.875	0.0
767.0	0.0
767.125	0.0
767.25	0.0
767.375	0.0
767.5	0.0
767.625	0.0
767.75	0.0
767.875	0.0
768.0	0.0
768.125	0.0
768.25	0.0
768.375	0.0
768.5	0.0
768.625	0.0
768.75	0.0
768.875	0.0
769.0	0.0
769.125	0.0
769.25	0.0
769.375	0.0
769.5	0.0
769.625	0.0
769.75	0.0
769.875	0.0
770.0	0.0
770.125	0.0
770.25	0.0
770.375	0.0
770.5	0.0
770.625	0.0
770.75	0.0
770.875	0.0
771.0	0.0
771.125	0.0
771.25	0.0
771.375	0.0
771.5	0.0
771.625	0.0
771.75	0.0
771.875	0.0
772.0	0.0
772.125	0.0
772.25	0.0
772.375	0.0
772.5	0.0
772.625	0.0
772.75	0.0
772.875	0.0
773.0	0.0
773.125	0.0
773.25	0.0
773.375	0.0
773.5	0.0
773.625	0.0
773.75	0.0
773.875	0.0
774.0	0.0
774.125	0.0
774.25	0.0
774.375	0.0
774.5	0.0
774.625	0.0
774.75	0.0
774.875	0.0
775.0	0.0
775.125	0.0
775.25	0.0
775.375	0.0
775.5	0.0
775.625	0.0
775.75	0.0
775.875	0.0
776.0	0.0
776.125	0.0
776.25	0.0
776.375	0.0
776.5	0.0
776.625	0.0
776.75	0.0
776.875	0.0
777.0	0.0
777.125	0.0
777.25	0.0
777.375	0.0
777.5	0.0
777.625	0.0
777.75	0.0
777.875	0.0
778.0	0.0
778.125	0.0
778.25	0.0
778.375	0.0
778.5	0.0
778.625	0.0
778.75	0.0
778.875	0.0
779.0	0.0
779.125	0.0
779.25	0.0
779.375	0.0
779.5	0.0
779.625	0.0
779.75	0.0
779.875	0.0
780.0	0.0
780.125	0.0
780.25	0.0
780.375	0.0
780.5	0.0
780.625	0.0
780.75	0.0
780.875	0.0
781.0	0.0
781.125	0.0
781.25	0.0
781.375	0.0
781.5	0.0
781.625	0.0
781.75	0.0
781.875	0.0
782.0	0.0
782.125	0.0
782.25	0.0
782.375	0.0
782.5	0.0
782.625	0.0
782.75	0.0
782.875	0.0
783.0	0.0
783.125	0.0
783.25	0.0
783.375	0.0
783.5	0.0
783.625	0.0
783.75	0.0
783.875	0.0
784.0	0.0
784.125	0.0
784.25	0.0
784.375	0.0
784.5	0.0
784.625	0.0
784.75	0.0
784.875	0.0
785.0	0.0
785.125	0.0
785.25	0.0
785.375	0.0
785.5	0.0
785.625	0.0
785.75	0.0
785.875	0.0
786.0	0.0
786.125	0.0
786.25	0.0
786.375	0.0
786.5	0.0
786.625	0.0
786.75	0.0
786.875	0.0
787.0	0.0
787.125	0.0
787.25	0.0
787.375	0.0
787.5	0.0
787.625	0.0
787.75	0.0
787.875	0.0
788.0	0.0
788.125	0.0
788.25	0.0
788.375	0.0
788.5	0.0
788.625	0.0
788.75	0.0
788.875	0.0
789.0	0.0
789.125	0.0
789.25	0.0
789.375	0.0
789.5	0.0
789.625	0.0
789.75	0.0
789.875	0.0
790.0	0.0
790.125	0.0
790.25	0.0
790.375	0.0
790.5	0.0
790.625	0.0
790.75	0.0
790.875	0.0
791.0	0.0
791.125	0.0
791.25	0.0
791.375	0.0
791.5	0.0
791.625	0.0
791.75	0.0
791.875	0.0
792.0	0.0
792.125	0.0
792.25	0.0
792.375	0.0
792.5	0.0
792.625	0.0
792.75	0.0
792.875	0.0
793.0	0.0
793.125	0.0
793.25	0.0
793.375	0.0
793.5	0.0
793.625	0.0
793.75	0.0
793.875	0.0
794.0	0.0
794.125	0.0
794.25	0.0
794.375	0.0
794.5	0.0
794.625	0.0
794.75	0.0
794.875	0.0
795.0	0.0
795.125	0.0
795.25	0.0
795.375	0.0
795.5	0.0
795.625	0.0
795.75	0.0
795.875	0.0
796.0	0.0
796.125	0.0
796.25	0.0
796.375	0.0
796.5	0.0
796.625	0.0
796.75	0.0
796.875	0.0
797.0	0.0
797.125	0.0
797.25	0.0
797.375	0.0
797.5	0.0
797.625	0.0
797.75	0.0
797.875	0.0
798.0	0.0
798.125	0.0
798.25	0.0
798.375	0.0
798.5	0.0
798.625	0.0
798.75	0.0
798.875	0.0
799.0	0.0
799.125	0.0
799.25	0.0
799.375	0.0
799.5	0.0
799.625	0.0
799.75	0.0
799.875	0.0
800.0	0.0
800.125	0.0
800.25	0.0
800.375	0.0
800.5	0.0
800.625	0.0
800.75	0.0
800.875	0.0
801.0	0.0
801.125	0.0
801.25	0.0
801.375	0.0
801.5	0.0
801.625	0.0
801.75	0.0
801.875	0.0
802.0	0.0
802.125	0.0
802.25	0.0
802.375	0.0
802.5	0.0
802.625	0.0
802.75	0.0
802.875	0.0
803.0	0.0
803.125	0.0
803.25	0.0
803.375	0.0
803.5	0.0
803.625	0.0
803.75	0.0
803.875	0.0
804.0	0.0
804.125	0.0
804.25	0.0
804.375	0.0
804.5	0.0
804.625	0.0
804.75	0.0
804.875	0.0
805.0	0.0
805.125	0.0
805.25	0.0
805.375	0.0
805.5	0.0
805.625	0.0
805.75	0.0
805.875	0.0
806.0	0.0
806.125	0.0
806.25	0.0
806.375	0.0
806.5	0.0
806.625	0.0
806.75	0.0
806.875	0.0
807.0	0.0
807.125	0.0
807.25	0.0
807.375	0.0
807.5	0.0
807.625	0.0
807.75	0.0
807.875	0.0
808.0	0.0
808.125	0.0
808.25	0.0
808.375	0.0
808.5	0.0
808.625	0.0
808.75	0.0
808.875	0.0
809.0	0.0
809.125	0.0
809.25	0.0
809.375	0.0
809.5	0.0
809.625	0.0
809.75	0.0
809.875	0.0
810.0	0.0
810.125	0.0
810.25	0.0
810.375	0.0
810.5	0.0
810.625	0.0
810.75	0.0
810.875	0.0
811.0	0.0
811.125	0.0
811.25	0.0
811.375	0.0
811.5	0.0
811.625	0.0
811.75	0.0
811.875	0.0
812.0	0.0
812.125	0.0
812.25	0.0
812.375	0.0
812.5	0.0
812.625	0.0
812.75	0.0
812.875	0.0
813.0	0.0
813.125	0.0
813.25	0.0
813.375	0.0
813.5	0.0
813.625	0.0
813.75	0.0
813.875	0.0
814.0	0.0
814.125	0.0
814.25	0.0
814.375	0.0
814.5	0.0
814.625	0.0
814.75	0.0
814.875	0.0
815.0	0.0
815.125	0.0
815.25	0.0
815.375	0.0
815.5	0.0
815.625	0.0
815.75	0.0
815.875	0.0
816.0	0.0
816.125	0.0
816.25	0.0
816.375	0.0
816.5	0.0
816.625	0.0
816.75	0.0
816.875	0.0
817.0	0.0
817.125	0.0
817.25	0.0
817.375	0.0
817.5	0.0
817.625	0.0
817.75	0.0
817.875	0.0
818.0	0.0
818.125	0.0
818.25	0.0
818.375	0.0
818.5	0.0
818.625	0.0
818.75	0.0
818.875	0.0
819.0	0.0
819.125	0.0
819.25	0.0
819.375	0.0
819.5	0.0
819.625	0.0
819.75	0.0
819.875	0.0
820.0	0.0
820.125	0.0
820.25	0.0
820.375	0.0
820.5	0.0
820.625	0.0
820.75	0.0
820.875	0.0
821.0	0.0
821.125	0.0
821.25	0.0
821.375	0.0
821.5	0.0
821.625	0.0
821.75	0.0
821.875	0.0
822.0	0.0
822.125	0.0
822.25	0.0
822.375	0.0
822.5	0.0
822.625	0.0
822.75	0.0
822.875	0.0
823.0	0.0
823.125	0.0
823.25	0.0
823.375	0.0
823.5	0.0
823.625	0.0
823.75	0.0
823.875	0.0
824.0	0.0
824.125	0.0
824.25	0.0
824.375	0.0
824.5	0.0
824.625	0.0
824.75	0.0
824.875	0.0
825.0	0.0
825.125	0.0
825.25	0.0
825.375	0.0
825.5	0.0
825.625	0.0
825.75	0.0
825.875	0.0
826.0	0.0
826.125	0.0
826.25	0.0
826.375	0.0
826.5	0.0
826.625	0.0
826.75	0.0
826.875	0.0
827.0	0.0
827.125	0.0
827.25	0.0
827.375	0.0
827.5	0.0
827.625	0.0
827.75	0.0
827.875	0.0
828.0	0.0
828.125	0.0
828.25	0.0
828.375	0.0
828.5	0.0
828.625	0.0
828.75	0.0
828.875	0.0
829.0	0.0
829.125	0.0
829.25	0.0
829.375	0.0
829.5	0.0
829.625	0.0
829.75	0.0
829.875	0.0
830.0	0.0
830.125	0.0
830.25	0.0
830.375	0.0
830.5	0.0
830.625	0.0
830.75	0.0
830.875	0.0
831.0	0.0
831.125	0.0
831.25	0.0
831.375	0.0
831.5	0.0
831.625	0.0
831.75	0.0
831.875	0.0
832.0	0.0
832.125	0.0
832.25	0.0
832.375	0.0
832.5	0.0
832.625	0.0
832.75	0.0
832.875	0.0
833.0	0.0
833.125	0.0
833.25	0.0
833.375	0.0
833.5	0.0
833.625	0.0
833.75	0.0
833.875	0.0
834.0	0.0
834.125	0.0
834.25	0.0
834.375	0.0
834.5	0.0
834.625	0.0
834.75	0.0
834.875	0.0
835.0	0.0
835.125	0.0
835.25	0.0
835.375	0.0
835.5	0.0
835.625	0.0
835.75	0.0
835.875	0.0
836.0	0.0
836.125	0.0
836.25	0.0
836.375	0.0
836.5	0.0
836.625	0.0
836.75	0.0
836.875	0.0
837.0	0.0
837.125	0.0
837.25	0.0
837.375	0.0
837.5	0.0
837.625	0.0
837.75	0.0
837.875	0.0
838.0	0.0
838.125	0.0
838.25	0.0
838.375	0.0
838.5	0.0
838.625	0.0
838.75	0.0
838.875	0.0
839.0	0.0
839.125	0.0
839.25	0.0
839.375	0.0
839.5	0.0
839.625	0.0
839.75	0.0
839.875	0.0
840.0	0.0
840.125	0.0
840.25	0.0
840.375	0.0
840.5	0.0
840.625	0.0
840.75	0.0
840.875	0.0
841.0	0.0
841.125	0.0
841.25	0.0
841.375	0.0
841.5	0.0
841.625	0.0
841.75	0.0
841.875	0.0
842.0	0.0
842.125	0.0
842.25	0.0
842.375	0.0
842.5	0.0
842.625	0.0
842.75	0.0
842.875	0.0
843.0	0.0
843.125	0.0
843.25	0.0
843.375	0.0
843.5	0.0
843.625	0.0
843.75	0.0
843.875	0.0
844.0	0.0
844.125	0.0
844.25	0.0
844.375	0.0
844.5	0.0
844.625	0.0
844.75	0.0
844.875	0.0
845.0	0.0
845.125	0.0
845.25	0.0
845.375	0.0
845.5	0.0
845.625	0.0
845.75	0.0
845.875	0.0
846.0	0.0
846.125	0.0
846.25	0.0
846.375	0.0
846.5	0.0
846.625	0.0
846.75	0.0
846.875	0.0
847.0	0.0
847.125	0.0
847.25	0.0
847.375	0.0
847.5	0.0
847.625	0.0
847.75	0.0
847.875	0.0
848.0	0.0
848.125	0.0
848.25	0.0
848.375	0.0
848.5	0.0
848.625	0.0
848.75	0.0
848.875	0.0
849.0	0.0
849.125	0.0
849.25	0.0
849.375	0.0
849.5	0.0
849.625	0.0
849.75	0.0
849.875	0.0
850.0	0.0
850.125	0.0
850.25	0.0
850.375	0.0
850.5	0.0
850.625	0.0
850.75	0.0
850.875	0.0
851.0	0.0
851.125	0.0
851.25	0.0
851.375	0.0
851.5	0.0
851.625	0.0
851.75	0.0
851.875	0.0
852.0	0.0
852.125	0.0
852.25	0.0
852.375	0.0
852.5	0.0
852.625	0.0
852.75	0.0
852.875	0.0
853.0	0.0
853.125	0.0
853.25	0.0
853.375	0.0
853.5	0.0
853.625	0.0
853.75	0.0
853.875	0.0
854.0	0.0
854.125	0.0
854.25	0.0
854.375	0.0
854.5	0.0
854.625	0.0
854.75	0.0
854.875	0.0
855.0	0.0
855.125	0.0
855.25	0.0
855.375	0.0
855.5	0.0
855.625	0.0
855.75	0.0
855.875	0.0
856.0	0.0
856.125	0.0
856.25	0.0
856.375	0.0
856.5	0.0
856.625	0.0
856.75	0.0
856.875	0.0
857.0	0.0
857.125	0.0
857.25	0.0
857.375	0.0
857.5	0.0
857.625	0.0
857.75	0.0
857.875	0.0
858.0	0.0
858.125	0.0
858.25	0.0
858.375	0.0
858.5	0.0
858.625	0.0
858.75	0.0
858.875	0.0
859.0	0.0
859.125	0.0
859.25	0.0
859.375	0.0
859.5	0.0
859.625	0.0
859.75	0.0
859.875	0.0
860.0	0.0
860.125	0.0
860.25	0.0
860.375	0.0
860.5	0.0
860.625	0.0
860.75	0.0
860.875	0.0
861.0	0.0
861.125	0.0
861.25	0.0
861.375	0.0
861.5	0.0
861.625	0.0
861.75	0.0
861.875	0.0
862.0	0.0
862.125	0.0
862.25	0.0
862.375	0.0
862.5	0.0
862.625	0.0
862.75	0.0
862.875	0.0
863.0	0.0
863.125	0.0
863.25	0.0
863.375	0.0
863.5	0.0
863.625	0.0031
863.75	0.0
863.875	0.0015
864.0	0.0015
864.125	0.0047
864.25	7.0E-4
864.375	0.0023
864.5	7.0E-4
864.625	7.0E-4
864.75	7.0E-4
864.875	0.0031
865.0	0.0
865.125	0.0023
865.25	0.0031
865.375	0.0047
865.5	0.0086
865.625	0.0078
865.75	0.007
865.875	0.0086
866.0	0.0062
866.125	0.0047
866.25	0.0055
866.375	0.0047
866.5	0.0086
866.625	0.0086
866.75	0.0094
866.875	0.0078
867.0	0.0062
867.125	0.0078
867.25	0.0094
867.375	0.007
867.5	0.0102
867.625	0.0117
867.75	0.0125
867.875	0.0133
868.0	0.0141
868.125	0.0141
868.25	0.0141
868.375	0.0133
868.5	0.0141
868.625	0.0149
868.75	0.0157
868.875	0.0165
869.0	0.0157
869.125	0.0141
869.25	0.0188
869.375	0.0188
869.5	0.0188
869.625	0.0196
869.75	0.0188
869.875	0.0204
870.0	0.0204
870.125	0.0204
870.25	0.0235
870.375	0.0227
870.5	0.0196
870.625	0.0235
870.75	0.0243
870.875	0.0235
871.0	0.0275
871.125	0.0259
871.25	0.0251
871.375	0.0251
871.5	0.0259
871.625	0.0275
871.75	0.0283
871.875	0.0235
872.0	0.0259
872.125	0.0259
872.25	0.0251
872.375	0.0267
872.5	0.0251
872.625	0.0235
872.75	0.0259
872.875	0.0283
873.0	0.029
873.125	0.0283
873.25	0.029
873.375	0.0298
873.5	0.0298
873.625	0.0322
873.75	0.0298
873.875	0.0306
874.0	0.0283
874.125	0.0314
874.25	0.0306
874.375	0.0314
874.5	0.0314
874.625	0.0298
874.75	0.029
874.875	0.029
875.0	0.0345
875.125	0.0345
875.25	0.0345
875.375	0.0338
875.5	0.0361
875.625	0.033
875.75	0.033
875.875	0.0353
876.0	0.0338
876.125	0.0345
876.25	0.0353
876.375	0.0369
876.5	0.0353
876.625	0.0345
876.75	0.0353
876.875	0.0377
877.0	0.0353
877.125	0.0345
877.25	0.0345
877.375	0.0338
877.5	0.0353
877.625	0.0353
877.75	0.0377
877.875	0.0393
878.0	0.0424
878.125	0.0408
878.25	0.0408
878.375	0.0424
878.5	0.0424
878.625	0.0416
878.75	0.04
878.875	0.044
879.0	0.0463
879.125	0.0463
879.25	0.0424
879.375	0.0448
879.5	0.0448
879.625	0.0471
879.75	0.0463
879.875	0.0455
880.0	0.0471
880.125	0.0463
880.25	0.0448
880.375	0.0448
880.5	0.0455
880.625	0.0471
880.75	0.0463
880.875	0.0471
881.0	0.0448
881.125	0.0455
881.25	0.0424
881.375	0.0455
881.5	0.0455
881.625	0.0471
881.75	0.0432
881.875	0.0424
882.0	0.0424
882.125	0.0424
882.25	0.0448
882.375	0.0416
882.5	0.044
882.625	0.0424
882.75	0.044
882.875	0.0424
883.0	0.0424
883.125	0.0424
883.25	0.0424
883.375	0.0416
883.5	0.0416
883.625	0.04
883.75	0.0416
883.875	0.0416
884.0	0.0424
884.125	0.044
884.25	0.0424
884.375	0.0416
884.5	0.0385
884.625	0.0377
884.75	0.0385
884.875	0.0408
885.0	0.0393
885.125	0.0361
885.25	0.0377
885.375	0.0377
885.5	0.0385
885.625	0.0377
885.75	0.0369
885.875	0.0369
886.0	0.0369
886.125	0.0385
886.25	0.0385
886.375	0.0377
886.5	0.0361
886.625	0.0338
886.75	0.033
886.875	0.0377
887.0	0.0361
887.125	0.0377
887.25	0.0361
887.375	0.0377
887.5	0.0353
887.625	0.033
887.75	0.033
887.875	0.0345
888.0	0.0314
888.125	0.0314
888.25	0.0306
888.375	0.033
888.5	0.029
888.625	0.0298
888.75	0.0283
888.875	0.0259
889.0	0.0283
889.125	0.0283
889.25	0.0259
889.375	0.0275
889.5	0.0275
889.625	0.0243
889.75	0.0251
889.875	0.0267
890.0	0.0235
890.125	0.0227
890.25	0.0235
890.375	0.0227
890.5	0.0235
890.625	0.022
890.75	0.022
890.875	0.0235
891.0	0.0227
891.125	0.0196
891.25	0.0188
891.375	0.0188
891.5	0.018
891.625	0.0172
891.75	0.0165
891.875	0.011
892.0	0.0117
892.125	0.0102
892.25	0.0102
892.375	0.0125
892.5	0.0117
892.625	0.0094
892.75	0.0094
892.875	0.0094
893.0	0.0102
893.125	0.0086
893.25	0.0094
893.375	0.007
893.5	0.0062
893.625	0.0062
893.75	0.0078
893.875	0.0062
894.0	0.0047
894.125	0.0023
894.25	7.0E-4
894.375	0.0023
894.5	0.0
894.625	0.0
894.75	0.0
894.875	0.0
895.0	0.0
895.125	0.0
895.25	0.0
895.375	0.0
895.5	0.0
895.625	0.0
895.75	0.0
895.875	0.0
896.0	0.0
896.125	0.0
896.25	0.0
896.375	0.0
896.5	0.0
896.625	0.0
896.75	0.0
896.875	0.0
897.0	0.0
897.125	0.0
897.25	0.0
897.375	0.0
897.5	0.0
897.625	0.0
897.75	0.0
897.875	0.0
898.0	0.0
898.125	0.0
898.25	0.0
898.375	0.0
898.5	0.0
898.625	0.0
898.75	0.0
898.875	0.0
899.0	0.0
899.125	0.0
899.25	0.0
899.375	0.0
899.5	0.0
899.625	0.0
899.75	0.0
899.875	0.0
