350.0	0.0
350.125	0.0
350.25	0.0
350.375	0.0
350.5	0.0
350.625	0.0
350.75	0.0
350.875	0.0
351.0	0.0
351.125	0.0
351.25	0.0
351.375	0.0
351.5	0.0
351.625	0.0
351.75	0.0
351.875	7.0E-4
352.0	0.0
352.125	0.0
352.25	0.0
352.375	0.0
352.5	0.0
352.625	0.0
352.75	0.0
352.875	0.0
353.0	0.0
353.125	0.0
353.25	0.0
353.375	0.0
353.5	0.0
353.625	0.0
353.75	0.0
353.875	0.0
354.0	0.0
354.125	0.0
354.25	0.0
354.375	0.0
354.5	0.0
354.625	0.0
354.75	0.0
354.875	0.0
355.0	0.0
355.125	0.0
355.25	0.0
355.375	0.0
355.5	0.0
355.625	0.0
355.75	7.0E-4
355.875	0.0
356.0	0.0
356.125	0.0
356.25	0.0
356.375	0.0
356.5	0.0
356.625	0.0
356.75	0.0
356.875	0.0
357.0	0.0
357.125	0.0
357.25	0.0
357.375	0.0
357.5	0.0
357.625	0.0
357.75	0.0
357.875	0.0
358.0	0.0
358.125	0.0
358.25	0.0
358.375	0.0
358.5	0.0
358.625	0.0
358.75	0.0
358.875	0.0
359.0	0.0
359.125	0.0
359.25	0.0
359.375	0.0
359.5	0.0
359.625	7.0E-4
359.75	0.0
359.875	0.0
360.0	0.0
360.125	0.0
360.25	0.0
360.375	0.0
360.5	0.0
360.625	0.0
360.75	0.0
360.875	0.0
361.0	0.0
361.125	0.0015
361.25	0.0
361.375	0.0
361.5	0.0
361.625	0.0
361.75	0.0
361.875	0.0
362.0	0.0
362.125	0.0
362.25	0.0
362.375	0.0
362.5	0.0
362.625	0.0
362.75	0.0
362.875	0.0
363.0	0.0
363.125	7.0E-4
363.25	0.0
363.375	0.0
363.5	0.0023
363.625	0.0047
363.75	0.0
363.875	7.0E-4
364.0	7.0E-4
364.125	7.0E-4
364.25	0.0023
364.375	0.0
364.5	0.0
364.625	0.0
364.75	7.0E-4
364.875	0.0
365.0	0.0015
365.125	0.0
365.25	0.0
365.375	0.0
365.5	0.0
365.625	0.0
365.75	0.0
365.875	0.0
366.0	0.0
366.125	0.0
366.25	0.0
366.375	0.0015
366.5	7.0E-4
366.625	7.0E-4
366.75	0.0031
366.875	7.0E-4
367.0	0.0015
367.125	0.0039
367.25	0.0
367.375	0.0
367.5	0.0039
367.625	0.0015
367.75	0.0023
367.875	0.0
368.0	0.0
368.125	0.0
368.25	0.0
368.375	0.0023
368.5	7.0E-4
368.625	0.0
368.75	0.0
368.875	7.0E-4
369.0	0.0
369.125	0.0
369.25	0.0
369.375	0.0
369.5	0.0
369.625	0.0
369.75	0.0
369.875	0.0
370.0	7.0E-4
370.125	0.0
370.25	0.0
370.375	0.0
370.5	0.0
370.625	0.0031
370.75	0.0039
370.875	0.0
371.0	0.0015
371.125	0.0023
371.25	0.0039
371.375	0.0047
371.5	0.0047
371.625	0.0047
371.75	0.0047
371.875	0.0031
372.0	0.0047
372.125	0.0031
372.25	0.0015
372.375	0.0015
372.5	0.0031
372.625	0.0031
372.75	7.0E-4
372.875	0.0023
373.0	0.0031
373.125	7.0E-4
373.25	0.0015
373.375	7.0E-4
373.5	0.0015
373.625	0.0031
373.75	7.0E-4
373.875	0.0015
374.0	0.0047
374.125	0.0039
374.25	7.0E-4
374.375	0.0
374.5	0.0
374.625	7.0E-4
374.75	0.0
374.875	0.0
375.0	7.0E-4
375.125	0.0031
375.25	0.0023
375.375	0.0039
375.5	0.007
375.625	0.0047
375.75	0.0031
375.875	0.0047
376.0	0.0055
376.125	0.0023
376.25	0.0039
376.375	0.0031
376.5	0.0023
376.625	0.0015
376.75	7.0E-4
376.875	0.0
377.0	0.0
377.125	0.0
377.25	0.0
377.375	0.0
377.5	0.0
377.625	0.0
377.75	0.0
377.875	0.0
378.0	0.0
378.125	0.0
378.25	0.0
378.375	0.0
378.5	0.0
378.625	0.0023
378.75	0.0039
378.875	0.0
379.0	7.0E-4
379.125	0.0
379.25	0.0023
379.375	0.0
379.5	0.0
379.625	0.0
379.75	0.0
379.875	0.0
380.0	0.0
380.125	0.0
380.25	0.0
380.375	0.0
380.5	0.0
380.625	0.0
380.75	0.0
380.875	7.0E-4
381.0	0.0015
381.125	0.0
381.25	0.0
381.375	0.0
381.5	0.0
381.625	0.0
381.75	0.0015
381.875	7.0E-4
382.0	0.0
382.125	0.0
382.25	0.0
382.375	0.0
382.5	0.0
382.625	0.0
382.75	0.0
382.875	0.0
383.0	0.0
383.125	0.0
383.25	0.0
383.375	0.0
383.5	0.0
383.625	0.0
383.75	0.0
383.875	0.0
384.0	0.0
384.125	0.0
384.25	0.0
384.375	0.0
384.5	0.0
384.625	0.0
384.75	0.0
384.875	0.0
385.0	0.0
385.125	0.0
385.25	0.0015
385.375	0.0
385.5	0.0
385.625	0.0
385.75	0.0
385.875	0.0
386.0	7.0E-4
386.125	0.0
386.25	0.0
386.375	0.0
386.5	0.0
386.625	0.0
386.75	0.0
386.875	0.0
387.0	0.0
387.125	0.0
387.25	0.0
387.375	0.0
387.5	0.0
387.625	0.0
387.75	0.0
387.875	0.0
388.0	0.0
388.125	0.0
388.25	0.0
388.375	0.0
388.5	0.0
388.625	0.0
388.75	0.0
388.875	0.0
389.0	0.0
389.125	0.0
389.25	0.0
389.375	0.0
389.5	0.0
389.625	0.0
389.75	0.0
389.875	0.0
390.0	0.0
390.125	0.0
390.25	0.0
390.375	0.0
390.5	0.0
390.625	0.0
390.75	0.0
390.875	0.0
391.0	0.0
391.125	0.0
391.25	0.0
391.375	0.0015
391.5	0.0
391.625	0.0
391.75	0.0
391.875	0.0
392.0	0.0
392.125	0.0
392.25	0.0
392.375	0.0039
392.5	0.0031
392.625	0.0
392.75	0.0023
392.875	0.0031
393.0	0.0
393.125	0.0015
393.25	7.0E-4
393.375	0.0
393.5	0.0
393.625	0.0
393.75	0.0
393.875	0.0
394.0	0.0015
394.125	0.0039
394.25	0.0
394.375	0.0
394.5	0.0
394.625	0.0
394.75	0.0
394.875	0.0023
395.0	0.0047
395.125	0.0055
395.25	0.0078
395.375	0.0086
395.5	0.007
395.625	0.0047
395.75	0.007
395.875	0.007
396.0	0.0078
396.125	0.0078
396.25	0.0047
396.375	0.0039
396.5	0.0031
396.625	0.0039
396.75	0.0015
396.875	0.0039
397.0	0.0023
397.125	0.0031
397.25	0.0062
397.375	0.0078
397.5	0.0078
397.625	0.0094
397.75	0.0078
397.875	0.0039
398.0	0.0062
398.125	0.0078
398.25	0.0055
398.375	0.0039
398.5	0.0055
398.625	0.0062
398.75	0.0031
398.875	0.0047
399.0	0.0
399.125	0.0015
399.25	0.0047
399.375	0.0086
399.5	0.0094
399.625	0.0078
399.75	0.007
399.875	0.007
400.0	0.0055
400.125	0.0062
400.25	0.0094
400.375	0.0141
400.5	0.0102
400.625	0.0125
400.75	0.0125
400.875	0.0141
401.0	0.0157
401.125	0.0172
401.25	0.0212
401.375	0.0212
401.5	0.0188
401.625	0.018
401.75	0.0157
401.875	0.0133
402.0	0.0204
402.125	0.0204
402.25	0.018
402.375	0.0188
402.5	0.0267
402.625	0.0251
402.75	0.0259
402.875	0.0275
403.0	0.0235
403.125	0.0275
403.25	0.0259
403.375	0.0259
403.5	0.0283
403.625	0.0298
403.75	0.0267
403.875	0.0306
404.0	0.0322
404.125	0.0267
404.25	0.0275
404.375	0.0314
404.5	0.0338
404.625	0.033
404.75	0.0361
404.875	0.0345
405.0	0.033
405.125	0.0408
405.25	0.0416
405.375	0.0385
405.5	0.0416
405.625	0.0424
405.75	0.0487
405.875	0.0518
406.0	0.0518
406.125	0.0581
406.25	0.0558
406.375	0.0558
406.5	0.0573
406.625	0.0581
406.75	0.0613
406.875	0.0652
407.0	0.0699
407.125	0.0683
407.25	0.0746
407.375	0.0699
407.5	0.0762
407.625	0.0762
407.75	0.0746
407.875	0.0778
408.0	0.0817
408.125	0.0833
408.25	0.0833
408.375	0.0849
408.5	0.0896
408.625	0.0904
408.75	0.0904
408.875	0.0974
409.0	0.1014
409.125	0.1014
409.25	0.0998
409.375	0.1014
409.5	0.1053
409.625	0.1077
409.75	0.1084
409.875	0.1139
410.0	0.1147
410.125	0.1187
410.25	0.1226
410.375	0.1226
410.5	0.125
410.625	0.1281
410.75	0.1336
410.875	0.1336
411.0	0.1375
411.125	0.1415
411.25	0.143
411.375	0.1485
411.5	0.1517
411.625	0.1588
411.75	0.1611
411.875	0.165
412.0	0.1619
412.125	0.1705
412.25	0.1737
412.375	0.1761
412.5	0.1776
412.625	0.1863
412.75	0.1926
412.875	0.1973
413.0	0.202
413.125	0.2036
413.25	0.2059
413.375	0.2099
413.5	0.2122
413.625	0.2193
413.75	0.2264
413.875	0.2319
414.0	0.235
414.125	0.2444
414.25	0.2515
414.375	0.2562
414.5	0.2641
414.625	0.2704
414.75	0.2751
414.875	0.2783
415.0	0.2853
415.125	0.2979
415.25	0.3042
415.375	0.3073
415.5	0.316
415.625	0.3207
415.75	0.3294
415.875	0.3404
416.0	0.3451
416.125	0.3537
416.25	0.3679
416.375	0.3726
416.5	0.3797
416.625	0.3805
416.75	0.393
416.875	0.404
417.0	0.4119
417.125	0.4237
417.25	0.4331
417.375	0.4457
417.5	0.4512
417.625	0.4622
417.75	0.4701
417.875	0.4795
418.0	0.4905
418.125	0.5015
418.25	0.5133
418.375	0.518
418.5	0.5243
418.625	0.5338
418.75	0.5487
418.875	0.5573
419.0	0.5652
419.125	0.5754
419.25	0.588
419.375	0.599
419.5	0.6061
419.625	0.6147
419.75	0.6273
419.875	0.6367
420.0	0.6477
420.125	0.6603
420.25	0.6698
420.375	0.6831
420.5	0.6926
420.625	0.6996
420.75	0.7122
420.875	0.7232
421.0	0.735
421.125	0.75
421.25	0.761
421.375	0.7767
421.5	0.783
421.625	0.7971
421.75	0.8105
421.875	0.8254
422.0	0.8364
422.125	0.8514
422.25	0.8663
422.375	0.8844
422.5	0.8985
422.625	0.915
422.75	0.9339
422.875	0.9496
423.0	0.9654
423.125	0.9811
423.25	0.9984
423.375	1.018
423.5	1.0393
423.625	1.0558
423.75	1.0794
423.875	1.1014
424.0	1.1226
424.125	1.1438
424.25	1.165
424.375	1.191
424.5	1.2146
424.625	1.2374
424.75	1.2641
424.875	1.2924
425.0	1.3152
425.125	1.3404
425.25	1.3624
425.375	1.3891
425.5	1.4166
425.625	1.4363
425.75	1.4677
425.875	1.4929
426.0	1.5188
426.125	1.544
426.25	1.5668
426.375	1.5919
426.5	1.621
426.625	1.6517
426.75	1.6753
426.875	1.6957
427.0	1.7224
427.125	1.7405
427.25	1.7633
427.375	1.7924
427.5	1.8081
427.625	1.8301
427.75	1.8474
427.875	1.8726
428.0	1.8946
428.125	1.9048
428.25	1.9245
428.375	1.9386
428.5	1.9528
428.625	1.9654
428.75	1.9779
428.875	1.9984
429.0	2.0078
429.125	2.022
429.25	2.0275
429.375	2.0377
429.5	2.0385
429.625	2.044
429.75	2.0487
429.875	2.0487
430.0	2.0479
430.125	2.0479
430.25	2.0526
430.375	2.055
430.5	2.0511
430.625	2.0511
430.75	2.0534
430.875	2.0479
431.0	2.0471
431.125	2.0448
431.25	2.0408
431.375	2.029
431.5	2.0298
431.625	2.0227
431.75	2.0165
431.875	2.0141
432.0	2.0015
432.125	1.9952
432.25	1.9913
432.375	1.9787
432.5	1.9716
432.625	1.9599
432.75	1.9504
432.875	1.9433
433.0	1.9347
433.125	1.9292
433.25	1.9229
433.375	1.9119
433.5	1.9048
433.625	1.8891
433.75	1.8812
433.875	1.8734
434.0	1.8655
434.125	1.8529
434.25	1.8466
434.375	1.8356
434.5	1.8199
434.625	1.8144
434.75	1.8003
434.875	1.7908
435.0	1.7822
435.125	1.7712
435.25	1.7578
435.375	1.7437
435.5	1.7327
435.625	1.7185
435.75	1.7091
435.875	1.6926
436.0	1.6816
436.125	1.665
436.25	1.6485
436.375	1.636
436.5	1.6179
436.625	1.599
436.75	1.5794
436.875	1.5644
437.0	1.5581
437.125	1.5377
437.25	1.518
437.375	1.4976
437.5	1.4795
437.625	1.4614
437.75	1.4433
437.875	1.4221
438.0	1.4088
438.125	1.3836
438.25	1.3632
438.375	1.3482
438.5	1.3238
438.625	1.3058
438.75	1.29
438.875	1.2743
439.0	1.2531
439.125	1.2334
439.25	1.2169
439.375	1.1965
439.5	1.1776
439.625	1.1619
439.75	1.1446
439.875	1.1202
440.0	1.1061
440.125	1.0864
440.25	1.0683
440.375	1.055
440.5	1.04
440.625	1.0235
440.75	1.011
440.875	0.9944
441.0	0.9874
441.125	0.9756
441.25	0.9599
441.375	0.9457
441.5	0.9371
441.625	0.9229
441.75	0.9135
441.875	0.9009
442.0	0.8922
442.125	0.8844
442.25	0.8734
442.375	0.8687
442.5	0.8584
442.625	0.8474
442.75	0.8435
442.875	0.8356
443.0	0.8301
443.125	0.8262
443.25	0.816
443.375	0.8073
443.5	0.805
443.625	0.7963
443.75	0.7932
443.875	0.7885
444.0	0.79
444.125	0.7861
444.25	0.7845
444.375	0.7845
444.5	0.7751
444.625	0.772
444.75	0.7696
444.875	0.7665
445.0	0.7633
445.125	0.7649
445.25	0.7602
445.375	0.7555
445.5	0.7531
445.625	0.7507
445.75	0.7515
445.875	0.746
446.0	0.746
446.125	0.7437
446.25	0.7421
446.375	0.7421
446.5	0.7397
446.625	0.7389
446.75	0.7358
446.875	0.7342
447.0	0.7327
447.125	0.7279
447.25	0.724
447.375	0.7216
447.5	0.7193
447.625	0.713
447.75	0.713
447.875	0.7059
448.0	0.7083
448.125	0.7028
448.25	0.6981
448.375	0.6957
448.5	0.6871
448.625	0.6847
448.75	0.6839
448.875	0.6808
449.0	0.6737
449.125	0.6705
449.25	0.6705
449.375	0.665
449.5	0.6564
449.625	0.6517
449.75	0.6477
449.875	0.6501
450.0	0.6399
450.125	0.6391
450.25	0.6344
450.375	0.6305
450.5	0.6273
450.625	0.6226
450.75	0.6194
450.875	0.6163
451.0	0.6139
451.125	0.6069
451.25	0.6022
451.375	0.5974
451.5	0.5927
451.625	0.5904
451.75	0.5849
451.875	0.5809
452.0	0.5817
452.125	0.5715
452.25	0.5715
452.375	0.5644
452.5	0.5597
452.625	0.5628
452.75	0.5566
452.875	0.5573
453.0	0.5526
453.125	0.5455
453.25	0.5455
453.375	0.54
453.5	0.5361
453.625	0.5298
453.75	0.5267
453.875	0.5227
454.0	0.5212
454.125	0.518
454.25	0.511
454.375	0.5102
454.5	0.5015
454.625	0.4992
454.75	0.4944
454.875	0.4921
455.0	0.4889
455.125	0.4834
455.25	0.4827
455.375	0.4795
455.5	0.4724
455.625	0.4685
455.75	0.4661
455.875	0.4599
456.0	0.4583
456.125	0.4528
456.25	0.4496
456.375	0.4449
456.5	0.4418
456.625	0.4378
456.75	0.43
456.875	0.4308
457.0	0.4213
457.125	0.419
457.25	0.4143
457.375	0.4103
457.5	0.404
457.625	0.3977
457.75	0.3946
457.875	0.3915
458.0	0.3891
458.125	0.3852
458.25	0.382
458.375	0.3773
458.5	0.3757
458.625	0.3702
458.75	0.3702
458.875	0.3624
459.0	0.3561
459.125	0.3459
459.25	0.3466
459.375	0.349
459.5	0.3419
459.625	0.3411
459.75	0.3388
459.875	0.3341
460.0	0.3309
460.125	0.3333
460.25	0.3333
460.375	0.3301
460.5	0.3286
460.625	0.327
460.75	0.3207
460.875	0.316
461.0	0.3152
461.125	0.3081
461.25	0.3066
461.375	0.3018
461.5	0.3003
461.625	0.3066
461.75	0.3042
461.875	0.3003
462.0	0.3026
462.125	0.3003
462.25	0.2963
462.375	0.2971
462.5	0.294
462.625	0.2893
462.75	0.2869
462.875	0.2877
463.0	0.2877
463.125	0.2838
463.25	0.2775
463.375	0.279
463.5	0.2672
463.625	0.2735
463.75	0.2735
463.875	0.2727
464.0	0.2712
464.125	0.272
464.25	0.268
464.375	0.2688
464.5	0.2672
464.625	0.2641
464.75	0.261
464.875	0.2625
465.0	0.2617
465.125	0.257
465.25	0.2562
465.375	0.2555
465.5	0.2484
465.625	0.2484
465.75	0.246
465.875	0.2429
466.0	0.2413
466.125	0.2389
466.25	0.2374
466.375	0.2295
466.5	0.2303
466.625	0.2248
466.75	0.224
466.875	0.2248
467.0	0.2177
467.125	0.2185
467.25	0.2177
467.375	0.2059
467.5	0.2075
467.625	0.2138
467.75	0.2044
467.875	0.2122
468.0	0.2075
468.125	0.2106
468.25	0.2051
468.375	0.2051
468.5	0.1996
468.625	0.202
468.75	0.1996
468.875	0.2028
469.0	0.2004
469.125	0.1965
469.25	0.1941
469.375	0.191
469.5	0.1894
469.625	0.1863
469.75	0.1847
469.875	0.1855
470.0	0.1839
470.125	0.1878
470.25	0.1878
470.375	0.191
470.5	0.1886
470.625	0.1823
470.75	0.1792
470.875	0.1808
471.0	0.1761
471.125	0.18
471.25	0.1753
471.375	0.1721
471.5	0.1745
471.625	0.1705
471.75	0.1761
471.875	0.1745
472.0	0.1753
472.125	0.1768
472.25	0.1776
472.375	0.1768
472.5	0.1768
472.625	0.1768
472.75	0.1761
472.875	0.1776
473.0	0.1768
473.125	0.1721
473.25	0.1761
473.375	0.1745
473.5	0.1753
473.625	0.1745
473.75	0.1721
473.875	0.1721
474.0	0.1792
474.125	0.1768
474.25	0.1792
474.375	0.18
474.5	0.1761
474.625	0.1792
474.75	0.1753
474.875	0.1839
475.0	0.1816
475.125	0.1784
475.25	0.18
475.375	0.1808
475.5	0.18
475.625	0.1823
475.75	0.1823
475.875	0.1816
476.0	0.1808
476.125	0.1855
476.25	0.1886
476.375	0.1871
476.5	0.1855
476.625	0.1886
476.75	0.1894
476.875	0.1886
477.0	0.1926
477.125	0.1918
477.25	0.1933
477.375	0.1957
477.5	0.1933
477.625	0.1941
477.75	0.1957
477.875	0.1965
478.0	0.1996
478.125	0.2028
478.25	0.2051
478.375	0.2059
478.5	0.2083
478.625	0.2075
478.75	0.2114
478.875	0.2185
479.0	0.2161
479.125	0.2193
479.25	0.2177
479.375	0.2256
479.5	0.2216
479.625	0.2256
479.75	0.2295
479.875	0.2327
480.0	0.2382
480.125	0.2405
480.25	0.2444
480.375	0.2437
480.5	0.2515
480.625	0.2476
480.75	0.2531
480.875	0.2547
481.0	0.2578
481.125	0.2625
481.25	0.2657
481.375	0.2665
481.5	0.2688
481.625	0.2704
481.75	0.2727
481.875	0.2775
482.0	0.279
482.125	0.2869
482.25	0.2845
482.375	0.2893
482.5	0.2916
482.625	0.2955
482.75	0.3011
482.875	0.2987
483.0	0.305
483.125	0.3089
483.25	0.3144
483.375	0.3105
483.5	0.3207
483.625	0.3176
483.75	0.3223
483.875	0.3262
484.0	0.3301
484.125	0.3325
484.25	0.338
484.375	0.3435
484.5	0.3459
484.625	0.3514
484.75	0.3577
484.875	0.3624
485.0	0.3663
485.125	0.3687
485.25	0.3694
485.375	0.3663
485.5	0.375
485.625	0.3781
485.75	0.386
485.875	0.3852
486.0	0.3852
486.125	0.3907
486.25	0.3938
486.375	0.4009
486.5	0.4072
486.625	0.4103
486.75	0.415
486.875	0.4213
487.0	0.4261
487.125	0.4284
487.25	0.4339
487.375	0.441
487.5	0.4441
487.625	0.4512
487.75	0.4575
487.875	0.4661
488.0	0.4669
488.125	0.4748
488.25	0.4866
488.375	0.4905
488.5	0.4944
488.625	0.4992
488.75	0.5062
488.875	0.5133
489.0	0.518
489.125	0.529
489.25	0.5338
489.375	0.5408
489.5	0.5455
489.625	0.5479
489.75	0.5542
489.875	0.5605
490.0	0.5628
490.125	0.5699
490.25	0.5778
490.375	0.5849
490.5	0.5833
490.625	0.5943
490.75	0.599
490.875	0.6014
491.0	0.6037
491.125	0.6084
491.25	0.6155
491.375	0.6179
491.5	0.6273
491.625	0.6289
491.75	0.6336
491.875	0.643
492.0	0.6422
492.125	0.647
492.25	0.6509
492.375	0.6509
492.5	0.6588
492.625	0.665
492.75	0.6674
492.875	0.669
493.0	0.6753
493.125	0.6792
493.25	0.6839
493.375	0.6863
493.5	0.6855
493.625	0.6894
493.75	0.6918
493.875	0.6949
494.0	0.6981
494.125	0.7036
494.25	0.7059
494.375	0.7083
494.5	0.7146
494.625	0.7193
494.75	0.7185
494.875	0.7248
495.0	0.7272
495.125	0.7295
495.25	0.7382
495.375	0.7421
495.5	0.7429
495.625	0.7413
495.75	0.7523
495.875	0.7515
496.0	0.7523
496.125	0.7633
496.25	0.7617
496.375	0.7696
496.5	0.7743
496.625	0.7814
496.75	0.7814
496.875	0.7861
497.0	0.7924
497.125	0.8011
497.25	0.8018
497.375	0.8073
497.5	0.8152
497.625	0.8183
497.75	0.8223
497.875	0.8254
498.0	0.8333
498.125	0.8419
498.25	0.8427
498.375	0.8482
498.5	0.8537
498.625	0.8577
498.75	0.8632
498.875	0.8647
499.0	0.8742
499.125	0.8702
499.25	0.8765
499.375	0.8781
499.5	0.8852
499.625	0.8899
499.75	0.897
499.875	0.9017
500.0	0.9025
500.125	0.9095
500.25	0.904
500.375	0.9111
500.5	0.9127
500.625	0.9182
500.75	0.9221
500.875	0.9253
501.0	0.9308
501.125	0.9331
501.25	0.9363
501.375	0.9418
501.5	0.9457
501.625	0.9528
501.75	0.9496
501.875	0.9567
502.0	0.9559
502.125	0.9614
502.25	0.9654
502.375	0.9669
502.5	0.9669
502.625	0.9677
502.75	0.9724
502.875	0.9724
503.0	0.9764
503.125	0.9787
503.25	0.9795
503.375	0.9858
503.5	0.9905
503.625	0.9889
503.75	0.9913
503.875	0.9921
504.0	0.9984
504.125	1.0007
504.25	1.0031
504.375	1.007
504.5	1.0102
504.625	1.0141
504.75	1.0157
504.875	1.0196
505.0	1.0243
505.125	1.0235
505.25	1.0259
505.375	1.0298
505.5	1.029
505.625	1.0298
505.75	1.0298
505.875	1.029
506.0	1.029
506.125	1.0283
506.25	1.0322
506.375	1.0377
506.5	1.0455
506.625	1.0424
506.75	1.0471
506.875	1.0416
507.0	1.0448
507.125	1.044
507.25	1.0432
507.375	1.0393
507.5	1.0455
507.625	1.0408
507.75	1.0424
507.875	1.0408
508.0	1.044
508.125	1.044
508.25	1.0416
508.375	1.0385
508.5	1.0377
508.625	1.0338
508.75	1.0314
508.875	1.0345
509.0	1.0298
509.125	1.0298
509.25	1.0283
509.375	1.0275
509.5	1.0196
509.625	1.0188
509.75	1.0196
509.875	1.0141
510.0	1.0125
510.125	1.0125
510.25	1.0086
510.375	1.0102
510.5	1.0062
510.625	1.0078
510.75	1.0047
510.875	1.0015
511.0	0.996
511.125	0.9952
511.25	0.9937
511.375	0.9905
511.5	0.9913
511.625	0.9913
511.75	0.9905
511.875	0.9874
512.0	0.9913
512.125	0.9889
512.25	0.9913
512.375	0.9913
512.5	0.9921
512.625	0.9937
512.75	0.9984
512.875	0.9929
513.0	0.9905
513.125	0.9889
513.25	0.9905
513.375	0.9929
513.5	0.9905
513.625	0.9921
513.75	0.9905
513.875	0.9929
514.0	0.9874
514.125	0.9905
514.25	0.9905
514.375	0.9905
514.5	0.9913
514.625	0.9866
514.75	0.9889
514.875	0.9968
515.0	0.9905
515.125	0.996
515.25	0.9929
515.375	0.9874
515.5	0.9866
515.625	0.9944
515.75	0.9866
515.875	0.9842
516.0	0.9834
516.125	0.9834
516.25	0.9842
516.375	0.9803
516.5	0.9772
516.625	0.9764
516.75	0.9724
516.875	0.9756
517.0	0.9638
517.125	0.9646
517.25	0.9622
517.375	0.9551
517.5	0.9559
517.625	0.9583
517.75	0.9481
517.875	0.9449
518.0	0.9433
518.125	0.9394
518.25	0.9355
518.375	0.9331
518.5	0.9323
518.625	0.93
518.75	0.9261
518.875	0.9253
519.0	0.9198
519.125	0.9166
519.25	0.9143
519.375	0.9119
519.5	0.9127
519.625	0.9095
519.75	0.9009
519.875	0.9009
520.0	0.8985
520.125	0.9001
520.25	0.8993
520.375	0.8907
520.5	0.8907
520.625	0.8875
520.75	0.8875
520.875	0.882
521.0	0.8789
521.125	0.8805
521.25	0.8789
521.375	0.8773
521.5	0.875
521.625	0.871
521.75	0.8742
521.875	0.8663
522.0	0.8608
522.125	0.8569
522.25	0.8569
522.375	0.8498
522.5	0.8498
522.625	0.8466
522.75	0.8474
522.875	0.8435
523.0	0.8396
523.125	0.838
523.25	0.838
523.375	0.8349
523.5	0.8309
523.625	0.8278
523.75	0.8231
523.875	0.8207
524.0	0.8207
524.125	0.8121
524.25	0.8089
524.375	0.805
524.5	0.8058
524.625	0.8018
524.75	0.7955
524.875	0.7963
525.0	0.7885
525.125	0.783
525.25	0.783
525.375	0.7743
525.5	0.7712
525.625	0.7657
525.75	0.7617
525.875	0.7594
526.0	0.757
526.125	0.7444
526.25	0.7484
526.375	0.7421
526.5	0.7382
526.625	0.7389
526.75	0.7358
526.875	0.7303
527.0	0.7272
527.125	0.7169
527.25	0.7161
527.375	0.7154
527.5	0.7138
527.625	0.7091
527.75	0.7059
527.875	0.7036
528.0	0.6981
528.125	0.7004
528.25	0.6988
528.375	0.6949
528.5	0.6933
528.625	0.691
528.75	0.6871
528.875	0.6878
529.0	0.6768
529.125	0.6792
529.25	0.6768
529.375	0.6753
529.5	0.6768
529.625	0.6682
529.75	0.6674
529.875	0.6619
530.0	0.6603
530.125	0.6603
530.25	0.6556
530.375	0.658
530.5	0.6525
530.625	0.6446
530.75	0.6415
530.875	0.6415
531.0	0.6399
531.125	0.6352
531.25	0.6273
531.375	0.6281
531.5	0.6226
531.625	0.6226
531.75	0.621
531.875	0.6187
532.0	0.6163
532.125	0.61
532.25	0.6092
532.375	0.6069
532.5	0.6029
532.625	0.6006
532.75	0.5943
532.875	0.5904
533.0	0.5872
533.125	0.5825
533.25	0.5762
533.375	0.5738
533.5	0.5738
533.625	0.5676
533.75	0.5636
533.875	0.5558
534.0	0.5542
534.125	0.5487
534.25	0.5503
534.375	0.5432
534.5	0.54
534.625	0.5369
534.75	0.5275
534.875	0.5235
535.0	0.5251
535.125	0.5172
535.25	0.5172
535.375	0.5125
535.5	0.5149
535.625	0.5062
535.75	0.5007
535.875	0.5031
536.0	0.4992
536.125	0.5
536.25	0.4968
536.375	0.4929
536.5	0.4929
536.625	0.4905
536.75	0.485
536.875	0.4827
537.0	0.4779
537.125	0.4764
537.25	0.4732
537.375	0.4701
537.5	0.4724
537.625	0.4661
537.75	0.4685
537.875	0.4622
538.0	0.4614
538.125	0.4583
538.25	0.4544
538.375	0.4559
538.5	0.4528
538.625	0.4449
538.75	0.4418
538.875	0.4371
539.0	0.4378
539.125	0.4363
539.25	0.4339
539.375	0.4363
539.5	0.43
539.625	0.4245
539.75	0.4229
539.875	0.4198
540.0	0.4158
540.125	0.4135
540.25	0.4119
540.375	0.4072
540.5	0.4033
540.625	0.4064
540.75	0.3985
540.875	0.3938
541.0	0.3899
541.125	0.3883
541.25	0.3844
541.375	0.3789
541.5	0.3773
541.625	0.3726
541.75	0.371
541.875	0.3663
542.0	0.3647
542.125	0.36
542.25	0.3584
542.375	0.3561
542.5	0.3561
542.625	0.3522
542.75	0.3514
542.875	0.3482
543.0	0.3443
543.125	0.3459
543.25	0.3443
543.375	0.3419
543.5	0.3325
543.625	0.3286
543.75	0.3262
543.875	0.3262
544.0	0.327
544.125	0.3238
544.25	0.3262
544.375	0.3254
544.5	0.3191
544.625	0.3176
544.75	0.3191
544.875	0.3168
545.0	0.316
545.125	0.3152
545.25	0.3105
545.375	0.3113
545.5	0.3042
545.625	0.3042
545.75	0.3034
545.875	0.2995
546.0	0.2987
546.125	0.2971
546.25	0.294
546.375	0.294
546.5	0.2924
546.625	0.2932
546.75	0.2908
546.875	0.2861
547.0	0.2798
547.125	0.2806
547.25	0.2767
547.375	0.2727
547.5	0.2704
547.625	0.2712
547.75	0.272
547.875	0.2657
548.0	0.2641
548.125	0.2625
548.25	0.2625
548.375	0.2578
548.5	0.2562
548.625	0.2539
548.75	0.2547
548.875	0.25
549.0	0.25
549.125	0.25
549.25	0.2452
549.375	0.2452
549.5	0.2437
549.625	0.2452
549.75	0.2413
549.875	0.2413
550.0	0.2413
550.125	0.2413
550.25	0.2382
550.375	0.2366
550.5	0.2366
550.625	0.2327
550.75	0.2295
550.875	0.2272
551.0	0.2287
551.125	0.2311
551.25	0.2303
551.375	0.2311
551.5	0.2295
551.625	0.2279
551.75	0.2272
551.875	0.2264
552.0	0.2295
552.125	0.2264
552.25	0.2303
552.375	0.2311
552.5	0.2279
552.625	0.2279
552.75	0.2256
552.875	0.2287
553.0	0.2303
553.125	0.2272
553.25	0.2279
553.375	0.2287
553.5	0.2295
553.625	0.2256
553.75	0.2287
553.875	0.2279
554.0	0.2327
554.125	0.2334
554.25	0.2311
554.375	0.2279
554.5	0.2303
554.625	0.2334
554.75	0.2311
554.875	0.2319
555.0	0.2287
555.125	0.2319
555.25	0.235
555.375	0.2342
555.5	0.2358
555.625	0.2334
555.75	0.2334
555.875	0.235
556.0	0.2358
556.125	0.2374
556.25	0.235
556.375	0.2366
556.5	0.2374
556.625	0.2382
556.75	0.2358
556.875	0.2374
557.0	0.2358
557.125	0.2358
557.25	0.2334
557.375	0.2358
557.5	0.235
557.625	0.2366
557.75	0.2342
557.875	0.2358
558.0	0.2358
558.125	0.2389
558.25	0.2444
558.375	0.2389
558.5	0.2429
558.625	0.2413
558.75	0.2444
558.875	0.2444
559.0	0.2444
559.125	0.2452
559.25	0.2421
559.375	0.2484
559.5	0.2452
559.625	0.2492
559.75	0.2515
559.875	0.2507
560.0	0.2492
560.125	0.2531
560.25	0.2523
560.375	0.2515
560.5	0.2531
560.625	0.2539
560.75	0.2539
560.875	0.2539
561.0	0.2539
561.125	0.2555
561.25	0.2562
561.375	0.2547
561.5	0.2539
561.625	0.2539
561.75	0.2539
561.875	0.2555
562.0	0.2547
562.125	0.2555
562.25	0.2594
562.375	0.2594
562.5	0.2594
562.625	0.2578
562.75	0.2562
562.875	0.2586
563.0	0.257
563.125	0.257
563.25	0.2578
563.375	0.2586
563.5	0.2594
563.625	0.2586
563.75	0.2594
563.875	0.2578
564.0	0.2602
564.125	0.2594
564.25	0.2562
564.375	0.2578
564.5	0.2539
564.625	0.2547
564.75	0.2562
564.875	0.2562
565.0	0.2539
565.125	0.2547
565.25	0.2492
565.375	0.25
565.5	0.2492
565.625	0.2507
565.75	0.2476
565.875	0.2452
566.0	0.2484
566.125	0.25
566.25	0.2492
566.375	0.2468
566.5	0.2429
566.625	0.2476
566.75	0.2468
566.875	0.2444
567.0	0.2444
567.125	0.2397
567.25	0.2374
567.375	0.2342
567.5	0.2342
567.625	0.235
567.75	0.2311
567.875	0.2334
568.0	0.2319
568.125	0.2358
568.25	0.2327
568.375	0.2311
568.5	0.2319
568.625	0.2327
568.75	0.2311
568.875	0.2311
569.0	0.2295
569.125	0.2272
569.25	0.2248
569.375	0.2216
569.5	0.2185
569.625	0.2193
569.75	0.2209
569.875	0.2209
570.0	0.2169
570.125	0.2169
570.25	0.2169
570.375	0.2138
570.5	0.2138
570.625	0.2091
570.75	0.2122
570.875	0.2075
571.0	0.2067
571.125	0.2083
571.25	0.2091
571.375	0.2067
571.5	0.2051
571.625	0.2036
571.75	0.202
571.875	0.1996
572.0	0.2028
572.125	0.2012
572.25	0.2051
572.375	0.2051
572.5	0.2075
572.625	0.2059
572.75	0.2028
572.875	0.2059
573.0	0.2067
573.125	0.2091
573.25	0.213
573.375	0.2146
573.5	0.2114
573.625	0.2154
573.75	0.2154
573.875	0.2169
574.0	0.2169
574.125	0.2201
574.25	0.2146
574.375	0.2169
574.5	0.2161
574.625	0.2122
574.75	0.2122
574.875	0.2154
575.0	0.2099
575.125	0.2114
575.25	0.2059
575.375	0.2075
575.5	0.2044
575.625	0.202
575.75	0.1988
575.875	0.1949
576.0	0.1957
576.125	0.1918
576.25	0.1933
576.375	0.1886
576.5	0.1847
576.625	0.1847
576.75	0.1831
576.875	0.1816
577.0	0.18
577.125	0.1808
577.25	0.1776
577.375	0.1776
577.5	0.1792
577.625	0.1776
577.75	0.1768
577.875	0.1784
578.0	0.1753
578.125	0.1768
578.25	0.1705
578.375	0.1737
578.5	0.1745
578.625	0.1753
578.75	0.1753
578.875	0.1737
579.0	0.1737
579.125	0.1761
579.25	0.1729
579.375	0.1729
579.5	0.1729
579.625	0.1745
579.75	0.1713
579.875	0.1698
580.0	0.1729
580.125	0.1705
580.25	0.1721
580.375	0.1698
580.5	0.1745
580.625	0.1705
580.75	0.1698
580.875	0.1713
581.0	0.1698
581.125	0.1705
581.25	0.1713
581.375	0.1729
581.5	0.1729
581.625	0.1721
581.75	0.1713
581.875	0.1721
582.0	0.1698
582.125	0.1745
582.25	0.1776
582.375	0.1823
582.5	0.1941
582.625	0.2012
582.75	0.2138
582.875	0.2279
583.0	0.2421
583.125	0.2625
583.25	0.2806
583.375	0.3066
583.5	0.3278
583.625	0.3545
583.75	0.3757
583.875	0.4064
584.0	0.4292
584.125	0.4504
584.25	0.4716
584.375	0.4874
584.5	0.5039
584.625	0.5133
584.75	0.5227
584.875	0.5251
585.0	0.5243
585.125	0.5275
585.25	0.5235
585.375	0.5172
585.5	0.5047
585.625	0.4882
585.75	0.4787
585.875	0.4591
586.0	0.4394
586.125	0.4229
586.25	0.404
586.375	0.3875
586.5	0.3726
586.625	0.3632
586.75	0.3577
586.875	0.3545
587.0	0.3577
587.125	0.371
587.25	0.386
587.375	0.408
587.5	0.4449
587.625	0.4827
587.75	0.5204
587.875	0.5699
588.0	0.6202
588.125	0.6729
588.25	0.7256
588.375	0.7806
588.5	0.8341
588.625	0.886
588.75	0.9284
588.875	0.9685
589.0	1.0031
589.125	1.0322
589.25	1.0518
589.375	1.0676
589.5	1.0699
589.625	1.0683
589.75	1.0621
589.875	1.0463
590.0	1.029
590.125	0.996
590.25	0.9669
590.375	0.9276
590.5	0.8867
590.625	0.8419
590.75	0.7948
590.875	0.75
591.0	0.702
591.125	0.6556
591.25	0.61
591.375	0.5676
591.5	0.5235
591.625	0.4827
591.75	0.4481
591.875	0.4135
592.0	0.3883
592.125	0.3647
592.25	0.3474
592.375	0.3254
592.5	0.3073
592.625	0.2908
592.75	0.2775
592.875	0.2727
593.0	0.2657
593.125	0.2586
593.25	0.2531
593.375	0.25
593.5	0.2476
593.625	0.2429
593.75	0.2429
593.875	0.2413
594.0	0.2389
594.125	0.2389
594.25	0.2374
594.375	0.2382
594.5	0.2382
594.625	0.2397
594.75	0.2452
594.875	0.2468
595.0	0.2484
595.125	0.2492
595.25	0.2492
595.375	0.2515
595.5	0.2452
595.625	0.2484
595.75	0.2437
595.875	0.2421
596.0	0.2444
596.125	0.2452
596.25	0.2374
596.375	0.2374
596.5	0.2342
596.625	0.2319
596.75	0.235
596.875	0.2358
597.0	0.2319
597.125	0.2287
597.25	0.2264
597.375	0.2264
597.5	0.2193
597.625	0.2177
597.75	0.2169
597.875	0.2122
598.0	0.2138
598.125	0.213
598.25	0.2114
598.375	0.2154
598.5	0.2114
598.625	0.2146
598.75	0.2169
598.875	0.2177
599.0	0.2169
599.125	0.2177
599.25	0.2232
599.375	0.2256
599.5	0.2303
599.625	0.2279
599.75	0.2279
599.875	0.2287
600.0	0.2334
600.125	0.2342
600.25	0.2405
600.375	0.2382
600.5	0.2342
600.625	0.2405
600.75	0.2437
600.875	0.2444
601.0	0.2492
601.125	0.246
601.25	0.2507
601.375	0.2547
601.5	0.2539
601.625	0.2555
601.75	0.2507
601.875	0.2547
602.0	0.257
602.125	0.257
602.25	0.2594
602.375	0.2594
602.5	0.2633
602.625	0.2617
602.75	0.2649
602.875	0.2625
603.0	0.2641
603.125	0.2688
603.25	0.2735
603.375	0.2798
603.5	0.2806
603.625	0.29
603.75	0.3003
603.875	0.3152
604.0	0.3325
604.125	0.3522
604.25	0.3773
604.375	0.415
604.5	0.4559
604.625	0.5102
604.75	0.5621
604.875	0.6344
605.0	0.7122
605.125	0.8011
605.25	0.893
605.375	0.9968
605.5	1.1037
605.625	1.2146
605.75	1.3144
605.875	1.4237
606.0	1.5298
606.125	1.6242
606.25	1.7075
606.375	1.7838
606.5	1.8419
606.625	1.8962
606.75	1.9316
606.875	1.9481
607.0	1.9567
607.125	1.9504
607.25	1.9276
607.375	1.886
607.5	1.8451
607.625	1.783
607.75	1.7146
607.875	1.632
608.0	1.5503
608.125	1.4575
608.25	1.3726
608.375	1.2759
608.5	1.1933
608.625	1.1069
608.75	1.0322
608.875	0.9716
609.0	0.9182
609.125	0.875
609.25	0.8474
609.375	0.8317
609.5	0.8301
609.625	0.8356
609.75	0.8545
609.875	0.8836
610.0	0.9213
610.125	0.9654
610.25	1.0031
610.375	1.0479
610.5	1.088
610.625	1.1265
610.75	1.1603
610.875	1.1871
611.0	1.1996
611.125	1.2122
611.25	1.2138
611.375	1.2036
611.5	1.1831
611.625	1.158
611.75	1.1202
611.875	1.0786
612.0	1.0338
612.125	0.9756
612.25	0.9198
612.375	0.8584
612.5	0.7948
612.625	0.7303
612.75	0.6729
612.875	0.6084
613.0	0.5479
613.125	0.4937
613.25	0.4441
613.375	0.3891
613.5	0.3474
613.625	0.3058
613.75	0.2751
613.875	0.246
614.0	0.2185
614.125	0.1918
614.25	0.1792
614.375	0.1556
614.5	0.1438
614.625	0.1328
614.75	0.1226
614.875	0.1163
615.0	0.1037
615.125	0.0966
615.25	0.0896
615.375	0.0841
615.5	0.077
615.625	0.0754
615.75	0.0754
615.875	0.0691
616.0	0.0668
616.125	0.0628
616.25	0.0621
616.375	0.0605
616.5	0.0605
616.625	0.0597
616.75	0.0628
616.875	0.0621
617.0	0.0613
617.125	0.0613
617.25	0.0573
617.375	0.055
617.5	0.0589
617.625	0.0542
617.75	0.0518
617.875	0.055
618.0	0.0518
618.125	0.055
618.25	0.0503
618.375	0.0526
618.5	0.0503
618.625	0.0487
618.75	0.0471
618.875	0.0455
619.0	0.0471
619.125	0.0455
619.25	0.0455
619.375	0.0471
619.5	0.0424
619.625	0.0432
619.75	0.0463
619.875	0.0448
620.0	0.0455
620.125	0.0471
620.25	0.0471
620.375	0.0503
620.5	0.0471
620.625	0.0495
620.75	0.0518
620.875	0.0534
621.0	0.0581
621.125	0.0628
621.25	0.0676
621.375	0.0778
621.5	0.0864
621.625	0.0966
621.75	0.1092
621.875	0.1234
622.0	0.1375
622.125	0.1548
622.25	0.1698
622.375	0.1894
622.5	0.2012
622.625	0.2201
622.75	0.2334
622.875	0.2468
623.0	0.257
623.125	0.272
623.25	0.2767
623.375	0.283
623.5	0.2916
623.625	0.2932
623.75	0.294
623.875	0.2908
624.0	0.2916
624.125	0.2838
624.25	0.2735
624.375	0.2649
624.5	0.2539
624.625	0.2374
624.75	0.224
624.875	0.2114
625.0	0.2004
625.125	0.1886
625.25	0.1705
625.375	0.1564
625.5	0.1415
625.625	0.1352
625.75	0.121
625.875	0.1139
626.0	0.0998
626.125	0.0974
626.25	0.0904
626.375	0.0794
626.5	0.0817
626.625	0.0786
626.75	0.0723
626.875	0.0683
627.0	0.0691
627.125	0.0676
627.25	0.0676
627.375	0.0644
627.5	0.0636
627.625	0.066
627.75	0.0652
627.875	0.0628
628.0	0.0628
628.125	0.0621
628.25	0.0605
628.375	0.0621
628.5	0.0613
628.625	0.0503
628.75	0.0487
628.875	0.0503
629.0	0.055
629.125	0.0542
629.25	0.0503
629.375	0.0534
629.5	0.0511
629.625	0.055
629.75	0.0503
629.875	0.0471
630.0	0.044
630.125	0.0432
630.25	0.04
630.375	0.0393
630.5	0.0377
630.625	0.0377
630.75	0.0385
630.875	0.0369
631.0	0.0377
631.125	0.0369
631.25	0.0338
631.375	0.0306
631.5	0.0314
631.625	0.0298
631.75	0.0314
631.875	0.0322
632.0	0.0275
632.125	0.0275
632.25	0.029
632.375	0.0267
632.5	0.0243
632.625	0.0243
632.75	0.0212
632.875	0.022
633.0	0.022
633.125	0.0188
633.25	0.0204
633.375	0.0188
633.5	0.0188
633.625	0.018
633.75	0.018
633.875	0.0172
634.0	0.0141
634.125	0.0133
634.25	0.0125
634.375	0.0117
634.5	0.0125
634.625	0.0117
634.75	0.0149
634.875	0.0133
635.0	0.0125
635.125	0.0125
635.25	0.0141
635.375	0.0125
635.5	0.0133
635.625	0.0157
635.75	0.0188
635.875	0.0212
636.0	0.0188
636.125	0.022
636.25	0.018
636.375	0.0196
636.5	0.0204
636.625	0.0188
636.75	0.0204
636.875	0.0196
637.0	0.0141
637.125	0.0188
637.25	0.018
637.375	0.0157
637.5	0.0149
637.625	0.0149
637.75	0.0149
637.875	0.0141
638.0	0.0165
638.125	0.011
638.25	0.0133
638.375	0.0141
638.5	0.0094
638.625	0.0157
638.75	0.0149
638.875	0.0094
639.0	0.0102
639.125	0.0078
639.25	0.0117
639.375	0.0086
639.5	0.0062
639.625	0.0055
639.75	0.007
639.875	0.0117
640.0	0.0102
640.125	0.0062
640.25	0.0086
640.375	0.0094
640.5	0.0078
640.625	0.011
640.75	0.0094
640.875	0.0102
641.0	0.007
641.125	0.007
641.25	0.0055
641.375	0.0062
641.5	0.0086
641.625	0.0133
641.75	0.0094
641.875	0.0125
642.0	0.0094
642.125	0.011
642.25	0.0117
642.375	0.0094
642.5	0.0078
642.625	0.011
642.75	0.0086
642.875	0.007
643.0	0.0086
643.125	0.0094
643.25	0.0094
643.375	0.007
643.5	0.0086
643.625	0.0062
643.75	0.007
643.875	0.0062
644.0	0.0062
644.125	0.011
644.25	0.0102
644.375	0.0117
644.5	0.0094
644.625	0.0102
644.75	0.0086
644.875	0.011
645.0	0.011
645.125	0.0141
645.25	0.0125
645.375	0.0157
645.5	0.0094
645.625	0.0102
645.75	0.0125
645.875	0.0086
646.0	0.0117
646.125	0.0086
646.25	0.0117
646.375	0.0094
646.5	0.0094
646.625	0.011
646.75	0.0125
646.875	0.0141
647.0	0.011
647.125	0.0086
647.25	0.011
647.375	0.0141
647.5	0.0125
647.625	0.0117
647.75	0.0102
647.875	0.0125
648.0	0.0117
648.125	0.0102
648.25	0.0078
648.375	0.007
648.5	0.0078
648.625	0.0094
648.75	0.0094
648.875	0.0086
649.0	0.0125
649.125	0.0117
649.25	0.0078
649.375	0.0094
649.5	0.007
649.625	0.0078
649.75	0.0094
649.875	0.0039
650.0	0.0039
650.125	0.0015
650.25	0.0039
650.375	0.0023
650.5	0.0015
650.625	0.0039
650.75	0.0023
650.875	0.0
651.0	0.0
651.125	7.0E-4
651.25	7.0E-4
651.375	0.0031
651.5	0.0
651.625	7.0E-4
651.75	0.0023
651.875	0.0
652.0	0.0023
652.125	0.0
652.25	0.0
652.375	0.0
652.5	0.0
652.625	0.0
652.75	0.0
652.875	0.0
653.0	7.0E-4
653.125	0.0
653.25	0.0
653.375	0.0
653.5	0.0
653.625	0.0
653.75	0.0
653.875	0.0
654.0	0.0
654.125	0.0
654.25	0.0
654.375	0.0
654.5	0.0
654.625	0.0
654.75	0.0
654.875	0.0
655.0	0.0
655.125	0.0
655.25	0.0
655.375	0.0
655.5	0.0
655.625	0.0
655.75	0.0
655.875	0.0
656.0	0.0
656.125	0.0
656.25	0.0
656.375	0.0
656.5	0.0
656.625	0.0
656.75	0.0
656.875	0.0
657.0	0.0
657.125	0.0
657.25	0.0
657.375	0.0
657.5	0.0
657.625	0.0
657.75	0.0
657.875	0.0
658.0	0.0
658.125	0.0
658.25	0.0
658.375	0.0
658.5	0.0
658.625	0.0
658.75	0.0
658.875	0.0
659.0	0.0
659.125	0.0
659.25	0.0
659.375	0.0
659.5	0.0
659.625	0.0
659.75	0.0
659.875	0.0
660.0	0.0
660.125	0.0
660.25	0.0
660.375	0.0
660.5	0.0
660.625	0.0
660.75	0.0
660.875	0.0
661.0	0.0
661.125	0.0
661.25	0.0
661.375	0.0
661.5	0.0
661.625	0.0
661.75	0.0
661.875	0.0
662.0	0.0
662.125	0.0
662.25	0.0
662.375	0.0
662.5	0.0
662.625	0.0
662.75	0.0
662.875	0.0
663.0	0.0
663.125	0.0
663.25	0.0
663.375	0.0
663.5	0.0
663.625	0.0
663.75	0.0
663.875	0.0
664.0	0.0
664.125	0.0
664.25	0.0
664.375	0.0
664.5	0.0
664.625	0.0
664.75	0.0
664.875	0.0
665.0	0.0
665.125	0.0
665.25	0.0
665.375	0.0
665.5	0.0
665.625	0.0
665.75	0.0
665.875	0.0
666.0	0.0
666.125	0.0
666.25	0.0
666.375	0.0
666.5	0.0
666.625	0.0
666.75	0.0
666.875	0.0
667.0	0.0
667.125	0.0
667.25	0.0
667.375	0.0
667.5	0.0
667.625	0.0
667.75	0.0
667.875	0.0
668.0	0.0
668.125	0.0
668.25	0.0
668.375	0.0
668.5	0.0
668.625	0.0
668.75	0.0
668.875	0.0
669.0	0.0
669.125	0.0
669.25	0.0
669.375	0.0
669.5	0.0
669.625	0.0
669.75	0.0
669.875	0.0
670.0	0.0
670.125	0.0
670.25	0.0
670.375	0.0
670.5	0.0
670.625	0.0
670.75	0.0
670.875	0.0
671.0	0.0
671.125	0.0
671.25	0.0
671.375	0.0
671.5	0.0
671.625	0.0
671.75	0.0
671.875	0.0
672.0	0.0
672.125	0.0
672.25	0.0
672.375	0.0
672.5	0.0
672.625	0.0
672.75	0.0
672.875	0.0
673.0	0.0
673.125	0.0
673.25	0.0
673.375	0.0
673.5	0.0
673.625	0.0
673.75	0.0
673.875	0.0
674.0	0.0
674.125	0.0
674.25	0.0
674.375	0.0
674.5	0.0
674.625	0.0
674.75	0.0
674.875	0.0
675.0	0.0
675.125	0.0
675.25	0.0
675.375	0.0
675.5	0.0
675.625	0.0
675.75	0.0
675.875	0.0
676.0	0.0
676.125	0.0
676.25	0.0
676.375	0.0
676.5	0.0
676.625	0.0
676.75	0.0
676.875	0.0
677.0	0.0
677.125	0.0
677.25	0.0
677.375	0.0
677.5	0.0
677.625	0.0
677.75	0.0
677.875	0.0
678.0	0.0
678.125	0.0
678.25	0.0
678.375	0.0
678.5	0.0
678.625	0.0
678.75	0.0
678.875	0.0
679.0	0.0
679.125	0.0
679.25	0.0
679.375	0.0
679.5	0.0
679.625	0.0
679.75	0.0
679.875	0.0
680.0	0.0
680.125	0.0
680.25	0.0
680.375	0.0
680.5	0.0
680.625	0.0
680.75	0.0
680.875	0.0
681.0	0.0
681.125	0.0
681.25	0.0
681.375	0.0
681.5	0.0
681.625	0.0
681.75	0.0
681.875	0.0
682.0	0.0
682.125	0.0
682.25	0.0
682.375	0.0
682.5	0.0
682.625	0.0
682.75	0.0
682.875	0.0
683.0	0.0
683.125	0.0
683.25	0.0
683.375	0.0
683.5	0.0
683.625	0.0
683.75	0.0
683.875	0.0
684.0	0.0
684.125	0.0
684.25	0.0
684.375	0.0
684.5	0.0
684.625	0.0
684.75	0.0
684.875	0.0
685.0	0.0
685.125	0.0
685.25	0.0
685.375	0.0
685.5	0.0
685.625	0.0
685.75	0.0
685.875	0.0
686.0	0.0
686.125	0.0
686.25	0.0
686.375	0.0
686.5	0.0
686.625	0.0
686.75	0.0
686.875	0.0
687.0	0.0
687.125	0.0
687.25	0.0
687.375	0.0
687.5	0.0
687.625	0.0
687.75	0.0
687.875	0.0
688.0	0.0
688.125	0.0
688.25	0.0
688.375	0.0
688.5	0.0
688.625	0.0
688.75	0.0
688.875	0.0
689.0	0.0
689.125	0.0
689.25	0.0
689.375	0.0
689.5	0.0
689.625	0.0
689.75	0.0
689.875	0.0
690.0	0.0
690.125	0.0
690.25	0.0
690.375	0.0
690.5	0.0
690.625	0.0
690.75	0.0
690.875	0.0
691.0	0.0
691.125	0.0
691.25	0.0
691.375	0.0
691.5	0.0
691.625	0.0
691.75	0.0
691.875	0.0
692.0	0.0
692.125	0.0
692.25	0.0
692.375	0.0
692.5	0.0
692.625	0.0
692.75	0.0
692.875	0.0
693.0	0.0
693.125	0.0
693.25	0.0
693.375	0.0
693.5	0.0
693.625	0.0
693.75	0.0
693.875	0.0
694.0	0.0
694.125	0.0
694.25	0.0
694.375	0.0
694.5	0.0
694.625	0.0
694.75	0.0
694.875	0.0
695.0	0.0
695.125	0.0
695.25	0.0
695.375	0.0
695.5	0.0
695.625	0.0
695.75	0.0
695.875	0.0
696.0	0.0
696.125	0.0
696.25	0.0
696.375	0.0
696.5	0.0
696.625	0.0
696.75	0.0
696.875	0.0
697.0	0.0
697.125	0.0
697.25	0.0
697.375	0.0
697.5	0.0
697.625	0.0
697.75	0.0
697.875	0.0
698.0	0.0
698.125	0.0
698.25	0.0
698.375	0.0
698.5	0.0
698.625	0.0
698.75	0.0
698.875	0.0
699.0	0.0
699.125	0.0
699.25	0.0
699.375	0.0
699.5	0.0
699.625	0.0
699.75	0.0
699.875	0.0
