350.0	0.0125
350.125	0.0141
350.25	0.0102
350.375	0.0172
350.5	0.0149
350.625	0.0196
350.75	0.0204
350.875	0.022
351.0	0.0243
351.125	0.0251
351.25	0.022
351.375	0.0188
351.5	0.018
351.625	0.0172
351.75	0.0204
351.875	0.0172
352.0	0.022
352.125	0.0212
352.25	0.022
352.375	0.0212
352.5	0.018
352.625	0.0188
352.75	0.0227
352.875	0.0212
353.0	0.0204
353.125	0.0196
353.25	0.0196
353.375	0.0149
353.5	0.0157
353.625	0.0165
353.75	0.0165
353.875	0.018
354.0	0.0188
354.125	0.0149
354.25	0.0172
354.375	0.0188
354.5	0.0149
354.625	0.0188
354.75	0.0196
354.875	0.0133
355.0	0.0133
355.125	0.0157
355.25	0.0141
355.375	0.011
355.5	0.0149
355.625	0.0149
355.75	0.0149
355.875	0.011
356.0	0.0157
356.125	0.0157
356.25	0.0157
356.375	0.0141
356.5	0.0125
356.625	0.011
356.75	0.0149
356.875	0.0141
357.0	0.0141
357.125	0.0133
357.25	0.0141
357.375	0.0133
357.5	0.0141
357.625	0.0141
357.75	0.0149
357.875	0.0141
358.0	0.0188
358.125	0.0212
358.25	0.0172
358.375	0.011
358.5	0.0117
358.625	0.0125
358.75	0.0094
358.875	0.0102
359.0	0.0125
359.125	0.0157
359.25	0.0141
359.375	0.0172
359.5	0.018
359.625	0.0149
359.75	0.0141
359.875	0.0157
360.0	0.0149
360.125	0.0141
360.25	0.011
360.375	0.011
360.5	0.0102
360.625	0.0117
360.75	0.011
360.875	0.0125
361.0	0.0133
361.125	0.011
361.25	0.0094
361.375	0.0094
361.5	0.0102
361.625	0.0149
361.75	0.0125
361.875	0.0094
362.0	0.0094
362.125	0.0188
362.25	0.0149
362.375	0.011
362.5	0.0094
362.625	0.011
362.75	0.0149
362.875	0.0141
363.0	0.0165
363.125	0.0172
363.25	0.0157
363.375	0.0204
363.5	0.0133
363.625	0.0165
363.75	0.0133
363.875	0.0141
364.0	0.018
364.125	0.0188
364.25	0.022
364.375	0.0212
364.5	0.0204
364.625	0.0196
364.75	0.018
364.875	0.0165
365.0	0.0125
365.125	0.0157
365.25	0.0172
365.375	0.0149
365.5	0.0141
365.625	0.0125
365.75	0.0141
365.875	0.0165
366.0	0.0157
366.125	0.0157
366.25	0.0165
366.375	0.0172
366.5	0.0188
366.625	0.0157
366.75	0.0141
366.875	0.0196
367.0	0.022
367.125	0.0196
367.25	0.0204
367.375	0.0188
367.5	0.0204
367.625	0.0212
367.75	0.0204
367.875	0.018
368.0	0.0165
368.125	0.018
368.25	0.0149
368.375	0.0149
368.5	0.0188
368.625	0.018
368.75	0.018
368.875	0.0188
369.0	0.0141
369.125	0.0188
369.25	0.0212
369.375	0.0188
369.5	0.018
369.625	0.018
369.75	0.0212
369.875	0.0227
370.0	0.0235
370.125	0.0196
370.25	0.022
370.375	0.0196
370.5	0.0212
370.625	0.0204
370.75	0.018
370.875	0.0227
371.0	0.0196
371.125	0.0196
371.25	0.0165
371.375	0.0149
371.5	0.0133
371.625	0.0149
371.75	0.0204
371.875	0.0157
372.0	0.0165
372.125	0.0188
372.25	0.022
372.375	0.0243
372.5	0.0259
372.625	0.0243
372.75	0.0212
372.875	0.0204
373.0	0.0188
373.125	0.0172
373.25	0.0188
373.375	0.0188
373.5	0.0149
373.625	0.0149
373.75	0.0172
373.875	0.0165
374.0	0.0149
374.125	0.0141
374.25	0.0157
374.375	0.0196
374.5	0.022
374.625	0.0188
374.75	0.0188
374.875	0.0157
375.0	0.0188
375.125	0.0196
375.25	0.0196
375.375	0.0235
375.5	0.0227
375.625	0.0172
375.75	0.0055
375.875	0.0125
376.0	0.0117
376.125	0.0172
376.25	0.018
376.375	0.018
376.5	0.0204
376.625	0.022
376.75	0.0157
376.875	0.0117
377.0	0.0094
377.125	0.0141
377.25	0.0133
377.375	0.0102
377.5	0.0141
377.625	0.0188
377.75	0.0196
377.875	0.0149
378.0	0.018
378.125	0.0141
378.25	0.0157
378.375	0.0165
378.5	0.0141
378.625	0.0133
378.75	0.0086
378.875	0.0172
379.0	0.0188
379.125	0.0141
379.25	0.0172
379.375	0.0196
379.5	0.0157
379.625	0.0172
379.75	0.0204
379.875	0.0204
380.0	0.0235
380.125	0.0212
380.25	0.0212
380.375	0.0235
380.5	0.018
380.625	0.0196
380.75	0.0196
380.875	0.0149
381.0	0.0172
381.125	0.0188
381.25	0.0172
381.375	0.0196
381.5	0.0204
381.625	0.0165
381.75	0.018
381.875	0.0227
382.0	0.0227
382.125	0.0196
382.25	0.022
382.375	0.0204
382.5	0.0188
382.625	0.0204
382.75	0.022
382.875	0.0251
383.0	0.0212
383.125	0.0212
383.25	0.0172
383.375	0.0204
383.5	0.0204
383.625	0.0157
383.75	0.0141
383.875	0.0172
384.0	0.0212
384.125	0.022
384.25	0.0172
384.375	0.018
384.5	0.0188
384.625	0.0196
384.75	0.018
384.875	0.018
385.0	0.0165
385.125	0.0172
385.25	0.0157
385.375	0.0196
385.5	0.0165
385.625	0.0141
385.75	0.011
385.875	0.0141
386.0	0.0172
386.125	0.0165
386.25	0.0188
386.375	0.0165
386.5	0.011
386.625	0.0165
386.75	0.0165
386.875	0.0172
387.0	0.0165
387.125	0.0172
387.25	0.0165
387.375	0.018
387.5	0.0165
387.625	0.0172
387.75	0.0196
387.875	0.0149
388.0	0.011
388.125	0.0172
388.25	0.0172
388.375	0.018
388.5	0.0141
388.625	0.0117
388.75	0.0141
388.875	0.0149
389.0	0.0188
389.125	0.0188
389.25	0.0172
389.375	0.0165
389.5	0.0196
389.625	0.0243
389.75	0.022
389.875	0.0212
390.0	0.0227
390.125	0.022
390.25	0.022
390.375	0.022
390.5	0.0227
390.625	0.0283
390.75	0.0227
390.875	0.0212
391.0	0.0243
391.125	0.0275
391.25	0.0243
391.375	0.0235
391.5	0.0267
391.625	0.0275
391.75	0.0283
391.875	0.0275
392.0	0.0243
392.125	0.0204
392.25	0.022
392.375	0.0227
392.5	0.0227
392.625	0.0227
392.75	0.0157
392.875	0.0227
393.0	0.0251
393.125	0.0243
393.25	0.0259
393.375	0.029
393.5	0.0283
393.625	0.0298
393.75	0.0283
393.875	0.029
394.0	0.0235
394.125	0.0251
394.25	0.0251
394.375	0.0251
394.5	0.0259
394.625	0.0196
394.75	0.0235
394.875	0.0235
395.0	0.0243
395.125	0.0235
395.25	0.0196
395.375	0.0212
395.5	0.0102
395.625	0.018
395.75	0.0149
395.875	0.0141
396.0	0.0141
396.125	0.0141
396.25	0.0188
396.375	0.0157
396.5	0.0188
396.625	0.0165
396.75	0.0149
396.875	0.0212
397.0	0.0227
397.125	0.0196
397.25	0.0235
397.375	0.0227
397.5	0.0235
397.625	0.0196
397.75	0.0165
397.875	0.0172
398.0	0.0157
398.125	0.0094
398.25	0.0165
398.375	0.0196
398.5	0.0157
398.625	0.0172
398.75	0.0141
398.875	0.0165
399.0	0.0141
399.125	0.0165
399.25	0.0165
399.375	0.0133
399.5	0.0165
399.625	0.0204
399.75	0.0172
399.875	0.0157
400.0	0.018
400.125	0.0149
400.25	0.0117
400.375	0.018
400.5	0.0141
400.625	0.0133
400.75	0.0125
400.875	0.011
401.0	0.0125
401.125	0.0117
401.25	0.0094
401.375	0.0102
401.5	0.0141
401.625	0.0133
401.75	0.0125
401.875	0.0102
402.0	0.0117
402.125	0.0086
402.25	0.0094
402.375	0.0094
402.5	0.0125
402.625	0.0125
402.75	0.0133
402.875	0.0149
403.0	0.0133
403.125	0.0133
403.25	0.0157
403.375	0.0117
403.5	0.0125
403.625	0.0172
403.75	0.0188
403.875	0.0165
404.0	0.0149
404.125	0.0141
404.25	0.0157
404.375	0.011
404.5	0.0086
404.625	0.0117
404.75	0.0125
404.875	0.0157
405.0	0.0149
405.125	0.0172
405.25	0.0165
405.375	0.0165
405.5	0.0157
405.625	0.0188
405.75	0.018
405.875	0.018
406.0	0.0227
406.125	0.0212
406.25	0.0188
406.375	0.0188
406.5	0.0243
406.625	0.022
406.75	0.0196
406.875	0.0196
407.0	0.0235
407.125	0.0243
407.25	0.0235
407.375	0.0235
407.5	0.022
407.625	0.022
407.75	0.022
407.875	0.0235
408.0	0.0212
408.125	0.0204
408.25	0.0204
408.375	0.0172
408.5	0.0133
408.625	0.022
408.75	0.0204
408.875	0.0251
409.0	0.0212
409.125	0.0227
409.25	0.0204
409.375	0.022
409.5	0.0235
409.625	0.0267
409.75	0.0283
409.875	0.0283
410.0	0.029
410.125	0.0283
410.25	0.0283
410.375	0.0243
410.5	0.0259
410.625	0.0275
410.75	0.0267
410.875	0.0275
411.0	0.0283
411.125	0.0322
411.25	0.0314
411.375	0.0314
411.5	0.0283
411.625	0.0243
411.75	0.0235
411.875	0.0259
412.0	0.029
412.125	0.0283
412.25	0.0283
412.375	0.0259
412.5	0.0259
412.625	0.0212
412.75	0.0235
412.875	0.0251
413.0	0.022
413.125	0.0235
413.25	0.0212
413.375	0.0235
413.5	0.0267
413.625	0.0251
413.75	0.0283
413.875	0.0275
414.0	0.0298
414.125	0.0275
414.25	0.029
414.375	0.0298
414.5	0.0322
414.625	0.0283
414.75	0.0306
414.875	0.0259
415.0	0.0204
415.125	0.0259
415.25	0.0259
415.375	0.0283
415.5	0.0283
415.625	0.029
415.75	0.0338
415.875	0.0361
416.0	0.0377
416.125	0.0306
416.25	0.033
416.375	0.0338
416.5	0.0283
416.625	0.033
416.75	0.0338
416.875	0.0338
417.0	0.0377
417.125	0.0393
417.25	0.0393
417.375	0.04
417.5	0.0424
417.625	0.0385
417.75	0.0369
417.875	0.0408
418.0	0.0432
418.125	0.0432
418.25	0.0424
418.375	0.0424
418.5	0.0448
418.625	0.0463
418.75	0.0518
418.875	0.0479
419.0	0.0518
419.125	0.0526
419.25	0.0503
419.375	0.0463
419.5	0.0495
419.625	0.0534
419.75	0.0542
419.875	0.0542
420.0	0.0558
420.125	0.055
420.25	0.0613
420.375	0.0597
420.5	0.0644
420.625	0.066
420.75	0.0636
420.875	0.0613
421.0	0.0621
421.125	0.0621
421.25	0.0613
421.375	0.0621
421.5	0.0621
421.625	0.0652
421.75	0.0566
421.875	0.0597
422.0	0.0597
422.125	0.0652
422.25	0.0597
422.375	0.0628
422.5	0.0644
422.625	0.066
422.75	0.066
422.875	0.066
423.0	0.0668
423.125	0.0652
423.25	0.0683
423.375	0.0754
423.5	0.0754
423.625	0.077
423.75	0.0707
423.875	0.0754
424.0	0.0801
424.125	0.0817
424.25	0.0841
424.375	0.0825
424.5	0.0872
424.625	0.0904
424.75	0.0959
424.875	0.0959
425.0	0.0951
425.125	0.0974
425.25	0.0919
425.375	0.0911
425.5	0.099
425.625	0.0982
425.75	0.1045
425.875	0.1069
426.0	0.1069
426.125	0.1084
426.25	0.1124
426.375	0.1132
426.5	0.1155
426.625	0.1171
426.75	0.1179
426.875	0.1194
427.0	0.1187
427.125	0.1163
427.25	0.1179
427.375	0.1242
427.5	0.1273
427.625	0.1305
427.75	0.1297
427.875	0.1312
428.0	0.132
428.125	0.132
428.25	0.1367
428.375	0.1415
428.5	0.1415
428.625	0.1454
428.75	0.1462
428.875	0.1517
429.0	0.1533
429.125	0.1525
429.25	0.1525
429.375	0.1525
429.5	0.154
429.625	0.1533
429.75	0.154
429.875	0.1548
430.0	0.1564
430.125	0.1548
430.25	0.1588
430.375	0.1572
430.5	0.1595
430.625	0.1572
430.75	0.1619
430.875	0.1627
431.0	0.165
431.125	0.1643
431.25	0.165
431.375	0.169
431.5	0.1705
431.625	0.1721
431.75	0.1713
431.875	0.1737
432.0	0.1705
432.125	0.1729
432.25	0.1761
432.375	0.1776
432.5	0.18
432.625	0.18
432.75	0.1831
432.875	0.1839
433.0	0.1878
433.125	0.1886
433.25	0.1855
433.375	0.1816
433.5	0.1784
433.625	0.1784
433.75	0.1745
433.875	0.18
434.0	0.1792
434.125	0.1792
434.25	0.1816
434.375	0.1808
434.5	0.1839
434.625	0.1839
434.75	0.1839
434.875	0.1847
435.0	0.1839
435.125	0.1847
435.25	0.1847
435.375	0.1847
435.5	0.1871
435.625	0.1839
435.75	0.1808
435.875	0.1863
436.0	0.1792
436.125	0.1839
436.25	0.1823
436.375	0.1784
436.5	0.1784
436.625	0.1792
436.75	0.1792
436.875	0.1784
437.0	0.1753
437.125	0.1737
437.25	0.1784
437.375	0.1753
437.5	0.1745
437.625	0.1745
437.75	0.1698
437.875	0.1705
438.0	0.1658
438.125	0.1611
438.25	0.1682
438.375	0.1556
438.5	0.1588
438.625	0.1556
438.75	0.1556
438.875	0.1556
439.0	0.1517
439.125	0.1501
439.25	0.1485
439.375	0.1493
439.5	0.1477
439.625	0.1462
439.75	0.1375
439.875	0.1415
440.0	0.1415
440.125	0.136
440.25	0.1328
440.375	0.1281
440.5	0.1234
440.625	0.1226
440.75	0.121
440.875	0.1155
441.0	0.1139
441.125	0.1155
441.25	0.1132
441.375	0.1132
441.5	0.1116
441.625	0.1045
441.75	0.1077
441.875	0.1045
442.0	0.099
442.125	0.0998
442.25	0.0982
442.375	0.0982
442.5	0.0974
442.625	0.099
442.75	0.0935
442.875	0.0896
443.0	0.088
443.125	0.0966
443.25	0.0911
443.375	0.0864
443.5	0.0904
443.625	0.0888
443.75	0.0833
443.875	0.0849
444.0	0.0896
444.125	0.0872
444.25	0.0904
444.375	0.088
444.5	0.0817
444.625	0.0864
444.75	0.0872
444.875	0.0841
445.0	0.0849
445.125	0.0825
445.25	0.0825
445.375	0.0849
445.5	0.0794
445.625	0.0754
445.75	0.0754
445.875	0.0801
446.0	0.0833
446.125	0.0825
446.25	0.0817
446.375	0.077
446.5	0.0801
446.625	0.0817
446.75	0.0849
446.875	0.0849
447.0	0.0817
447.125	0.0825
447.25	0.0833
447.375	0.0833
447.5	0.0833
447.625	0.0833
447.75	0.0794
447.875	0.0786
448.0	0.0801
448.125	0.0801
448.25	0.0809
448.375	0.077
448.5	0.0738
448.625	0.0707
448.75	0.0746
448.875	0.0762
449.0	0.0762
449.125	0.0778
449.25	0.0794
449.375	0.0723
449.5	0.0707
449.625	0.0746
449.75	0.0699
449.875	0.0746
450.0	0.0723
450.125	0.0754
450.25	0.0738
450.375	0.0731
450.5	0.0738
450.625	0.0762
450.75	0.0794
450.875	0.0738
451.0	0.0762
451.125	0.0786
451.25	0.0723
451.375	0.0699
451.5	0.0683
451.625	0.0699
451.75	0.0731
451.875	0.0746
452.0	0.0723
452.125	0.0731
452.25	0.0676
452.375	0.0668
452.5	0.066
452.625	0.0691
452.75	0.0699
452.875	0.0699
453.0	0.0683
453.125	0.0628
453.25	0.0621
453.375	0.0668
453.5	0.0636
453.625	0.0652
453.75	0.0644
453.875	0.066
454.0	0.066
454.125	0.0644
454.25	0.0652
454.375	0.0621
454.5	0.0605
454.625	0.0558
454.75	0.0566
454.875	0.0558
455.0	0.0605
455.125	0.0613
455.25	0.0699
455.375	0.0668
455.5	0.0676
455.625	0.066
455.75	0.0676
455.875	0.0723
456.0	0.0676
456.125	0.0668
456.25	0.0723
456.375	0.0715
456.5	0.0707
456.625	0.0668
456.75	0.0668
456.875	0.0636
457.0	0.0636
457.125	0.066
457.25	0.066
457.375	0.0621
457.5	0.0644
457.625	0.0613
457.75	0.066
457.875	0.0668
458.0	0.0652
458.125	0.0628
458.25	0.0558
458.375	0.0566
458.5	0.0534
458.625	0.0487
458.75	0.0487
458.875	0.0534
459.0	0.0518
459.125	0.055
459.25	0.0534
459.375	0.0511
459.5	0.0511
459.625	0.0503
459.75	0.0495
459.875	0.0432
460.0	0.0448
460.125	0.0463
460.25	0.0408
460.375	0.0424
460.5	0.0424
460.625	0.0408
460.75	0.04
460.875	0.0393
461.0	0.0377
461.125	0.0377
461.25	0.0393
461.375	0.0408
461.5	0.0424
461.625	0.0416
461.75	0.04
461.875	0.0408
462.0	0.0424
462.125	0.044
462.25	0.0455
462.375	0.044
462.5	0.0455
462.625	0.0424
462.75	0.0463
462.875	0.0377
463.0	0.0479
463.125	0.0581
463.25	0.0353
463.375	0.0393
463.5	0.0408
463.625	0.0408
463.75	0.04
463.875	0.04
464.0	0.0377
464.125	0.0385
464.25	0.0408
464.375	0.0408
464.5	0.0345
464.625	0.0424
464.75	0.0424
464.875	0.0432
465.0	0.0416
465.125	0.0377
465.25	0.04
465.375	0.0377
465.5	0.0345
465.625	0.0385
465.75	0.0377
465.875	0.0385
466.0	0.0408
466.125	0.0408
466.25	0.0408
466.375	0.044
466.5	0.04
466.625	0.0369
466.75	0.0377
466.875	0.0361
467.0	0.0377
467.125	0.0369
467.25	0.0353
467.375	0.04
467.5	0.0448
467.625	0.0416
467.75	0.0424
467.875	0.0393
468.0	0.0377
468.125	0.0408
468.25	0.0424
468.375	0.0424
468.5	0.0432
468.625	0.0455
468.75	0.0448
468.875	0.0455
469.0	0.0479
469.125	0.0455
469.25	0.0455
469.375	0.0424
469.5	0.0495
469.625	0.0479
469.75	0.0471
469.875	0.0432
470.0	0.044
470.125	0.0385
470.25	0.04
470.375	0.0416
470.5	0.0408
470.625	0.0408
470.75	0.044
470.875	0.0448
471.0	0.0377
471.125	0.0369
471.25	0.0377
471.375	0.0361
471.5	0.0393
471.625	0.0424
471.75	0.0377
471.875	0.0408
472.0	0.0393
472.125	0.0345
472.25	0.033
472.375	0.0377
472.5	0.0393
472.625	0.0369
472.75	0.0361
472.875	0.0408
473.0	0.0408
473.125	0.0416
473.25	0.0416
473.375	0.0361
473.5	0.0361
473.625	0.0361
473.75	0.0361
473.875	0.0393
474.0	0.0369
474.125	0.0353
474.25	0.0377
474.375	0.0353
474.5	0.0345
474.625	0.0416
474.75	0.0455
474.875	0.0432
475.0	0.0455
475.125	0.0448
475.25	0.044
475.375	0.04
475.5	0.0393
475.625	0.0377
475.75	0.04
475.875	0.0393
476.0	0.0393
476.125	0.0393
476.25	0.0408
476.375	0.0432
476.5	0.0408
476.625	0.0424
476.75	0.04
476.875	0.04
477.0	0.0345
477.125	0.0377
477.25	0.0424
477.375	0.04
477.5	0.0385
477.625	0.0385
477.75	0.0369
477.875	0.0377
478.0	0.0322
478.125	0.0338
478.25	0.0345
478.375	0.0338
478.5	0.0361
478.625	0.0361
478.75	0.0322
478.875	0.0338
479.0	0.0353
479.125	0.033
479.25	0.033
479.375	0.0369
479.5	0.0369
479.625	0.0361
479.75	0.0369
479.875	0.0353
480.0	0.0338
480.125	0.0353
480.25	0.0338
480.375	0.0377
480.5	0.033
480.625	0.0353
480.75	0.0306
480.875	0.0338
481.0	0.0353
481.125	0.0369
481.25	0.033
481.375	0.0345
481.5	0.0283
481.625	0.0283
481.75	0.0306
481.875	0.0338
482.0	0.029
482.125	0.033
482.25	0.033
482.375	0.033
482.5	0.0338
482.625	0.033
482.75	0.0322
482.875	0.0353
483.0	0.0306
483.125	0.0322
483.25	0.0377
483.375	0.0338
483.5	0.033
483.625	0.0361
483.75	0.04
483.875	0.0408
484.0	0.0416
484.125	0.0416
484.25	0.044
484.375	0.0526
484.5	0.0518
484.625	0.0526
484.75	0.0518
484.875	0.0479
485.0	0.0495
485.125	0.0558
485.25	0.0518
485.375	0.0518
485.5	0.0487
485.625	0.0487
485.75	0.0534
485.875	0.0495
486.0	0.0495
486.125	0.0542
486.25	0.0566
486.375	0.0566
486.5	0.0589
486.625	0.0613
486.75	0.0589
486.875	0.0589
487.0	0.0605
487.125	0.0589
487.25	0.0644
487.375	0.0581
487.5	0.0573
487.625	0.0542
487.75	0.0511
487.875	0.0534
488.0	0.0581
488.125	0.0628
488.25	0.066
488.375	0.066
488.5	0.0668
488.625	0.066
488.75	0.0605
488.875	0.0542
489.0	0.0613
489.125	0.0597
489.25	0.0605
489.375	0.0644
489.5	0.0597
489.625	0.0683
489.75	0.0628
489.875	0.0652
490.0	0.0668
490.125	0.0723
490.25	0.0691
490.375	0.0683
490.5	0.0715
490.625	0.0676
490.75	0.0652
490.875	0.0738
491.0	0.0707
491.125	0.0691
491.25	0.0707
491.375	0.0707
491.5	0.066
491.625	0.0715
491.75	0.0731
491.875	0.0723
492.0	0.0683
492.125	0.0715
492.25	0.0707
492.375	0.0746
492.5	0.0801
492.625	0.0754
492.75	0.0762
492.875	0.077
493.0	0.077
493.125	0.0833
493.25	0.0825
493.375	0.0754
493.5	0.0825
493.625	0.0841
493.75	0.088
493.875	0.0849
494.0	0.0841
494.125	0.0856
494.25	0.0849
494.375	0.0849
494.5	0.0849
494.625	0.0896
494.75	0.0911
494.875	0.0943
495.0	0.0927
495.125	0.0966
495.25	0.0927
495.375	0.0919
495.5	0.0974
495.625	0.0959
495.75	0.0943
495.875	0.0966
496.0	0.0998
496.125	0.0951
496.25	0.0966
496.375	0.099
496.5	0.0974
496.625	0.099
496.75	0.1014
496.875	0.0982
497.0	0.0974
497.125	0.0982
497.25	0.1006
497.375	0.1006
497.5	0.1045
497.625	0.1037
497.75	0.1006
497.875	0.1022
498.0	0.1029
498.125	0.1022
498.25	0.1069
498.375	0.1045
498.5	0.1077
498.625	0.1053
498.75	0.1045
498.875	0.1045
499.0	0.1077
499.125	0.1045
499.25	0.1061
499.375	0.1084
499.5	0.1092
499.625	0.1116
499.75	0.1132
499.875	0.1147
500.0	0.1132
500.125	0.1171
500.25	0.1147
500.375	0.1147
500.5	0.1155
500.625	0.1132
500.75	0.1179
500.875	0.1147
501.0	0.1179
501.125	0.1179
501.25	0.1187
501.375	0.1187
501.5	0.1218
501.625	0.1226
501.75	0.1234
501.875	0.1202
502.0	0.1226
502.125	0.1242
502.25	0.1234
502.375	0.125
502.5	0.125
502.625	0.1289
502.75	0.1312
502.875	0.1305
503.0	0.132
503.125	0.1336
503.25	0.132
503.375	0.1344
503.5	0.1305
503.625	0.1352
503.75	0.1305
503.875	0.1305
504.0	0.1305
504.125	0.1305
504.25	0.1273
504.375	0.1289
504.5	0.1328
504.625	0.1312
504.75	0.1273
504.875	0.1312
505.0	0.1273
505.125	0.1226
505.25	0.1218
505.375	0.1202
505.5	0.1226
505.625	0.1194
505.75	0.125
505.875	0.1265
506.0	0.1234
506.125	0.1281
506.25	0.132
506.375	0.1312
506.5	0.1297
506.625	0.132
506.75	0.1297
506.875	0.1336
507.0	0.1305
507.125	0.1265
507.25	0.1312
507.375	0.132
507.5	0.1273
507.625	0.1297
507.75	0.1281
507.875	0.1234
508.0	0.125
508.125	0.1242
508.25	0.1273
508.375	0.132
508.5	0.1336
508.625	0.1336
508.75	0.1328
508.875	0.1305
509.0	0.1344
509.125	0.132
509.25	0.1297
509.375	0.1328
509.5	0.1305
509.625	0.1367
509.75	0.1367
509.875	0.1344
510.0	0.1399
510.125	0.1415
510.25	0.143
510.375	0.1383
510.5	0.1375
510.625	0.1344
510.75	0.136
510.875	0.1336
511.0	0.1297
511.125	0.1289
511.25	0.132
511.375	0.1375
511.5	0.1367
511.625	0.1399
511.75	0.1383
511.875	0.1399
512.0	0.1383
512.125	0.1375
512.25	0.136
512.375	0.1352
512.5	0.1289
512.625	0.1344
512.75	0.1367
512.875	0.136
513.0	0.1367
513.125	0.1328
513.25	0.1352
513.375	0.1328
513.5	0.1297
513.625	0.1312
513.75	0.1383
513.875	0.1367
514.0	0.1367
514.125	0.1383
514.25	0.1352
514.375	0.1336
514.5	0.1367
514.625	0.132
514.75	0.1297
514.875	0.1336
515.0	0.1391
515.125	0.132
515.25	0.1312
515.375	0.1336
515.5	0.1352
515.625	0.1328
515.75	0.1305
515.875	0.1391
516.0	0.136
516.125	0.132
516.25	0.132
516.375	0.1383
516.5	0.1375
516.625	0.1352
516.75	0.1352
516.875	0.1336
517.0	0.1344
517.125	0.132
517.25	0.1312
517.375	0.1415
517.5	0.1399
517.625	0.1415
517.75	0.1367
517.875	0.1367
518.0	0.1367
518.125	0.1367
518.25	0.1344
518.375	0.1367
518.5	0.1352
518.625	0.1375
518.75	0.136
518.875	0.132
519.0	0.1344
519.125	0.132
519.25	0.1281
519.375	0.1281
519.5	0.1289
519.625	0.132
519.75	0.132
519.875	0.132
520.0	0.1312
520.125	0.1273
520.25	0.1273
520.375	0.1226
520.5	0.1218
520.625	0.1194
520.75	0.1202
520.875	0.121
521.0	0.1226
521.125	0.121
521.25	0.1226
521.375	0.1226
521.5	0.1194
521.625	0.1179
521.75	0.1179
521.875	0.1163
522.0	0.1147
522.125	0.1116
522.25	0.1155
522.375	0.1132
522.5	0.1187
522.625	0.1187
522.75	0.1194
522.875	0.1155
523.0	0.1218
523.125	0.1234
523.25	0.121
523.375	0.1194
523.5	0.1132
523.625	0.1155
523.75	0.1187
523.875	0.1226
524.0	0.1218
524.125	0.1163
524.25	0.1139
524.375	0.1179
524.5	0.1171
524.625	0.1179
524.75	0.1155
524.875	0.1132
525.0	0.1132
525.125	0.1202
525.25	0.1171
525.375	0.1132
525.5	0.1187
525.625	0.1179
525.75	0.1139
525.875	0.1132
526.0	0.1124
526.125	0.1163
526.25	0.1179
526.375	0.1116
526.5	0.1163
526.625	0.1179
526.75	0.1163
526.875	0.1116
527.0	0.1116
527.125	0.1132
527.25	0.1116
527.375	0.1116
527.5	0.1116
527.625	0.11
527.75	0.1132
527.875	0.1092
528.0	0.1092
528.125	0.1069
528.25	0.1092
528.375	0.1037
528.5	0.1022
528.625	0.1022
528.75	0.1006
528.875	0.1006
529.0	0.0974
529.125	0.1006
529.25	0.1006
529.375	0.0959
529.5	0.0904
529.625	0.0974
529.75	0.1014
529.875	0.1022
530.0	0.1014
530.125	0.0998
530.25	0.099
530.375	0.0951
530.5	0.0974
530.625	0.0982
530.75	0.0982
530.875	0.0927
531.0	0.0951
531.125	0.0935
531.25	0.0982
531.375	0.0943
531.5	0.0904
531.625	0.0919
531.75	0.0904
531.875	0.0911
532.0	0.0911
532.125	0.0935
532.25	0.0896
532.375	0.0911
532.5	0.0896
532.625	0.088
532.75	0.0935
532.875	0.0935
533.0	0.0982
533.125	0.0974
533.25	0.0943
533.375	0.0974
533.5	0.0935
533.625	0.0927
533.75	0.0943
533.875	0.0896
534.0	0.0825
534.125	0.0864
534.25	0.0872
534.375	0.0888
534.5	0.0856
534.625	0.0849
534.75	0.0864
534.875	0.0872
535.0	0.088
535.125	0.0864
535.25	0.0872
535.375	0.0888
535.5	0.0872
535.625	0.088
535.75	0.0864
535.875	0.0841
536.0	0.0849
536.125	0.0817
536.25	0.0864
536.375	0.0849
536.5	0.0849
536.625	0.0849
536.75	0.0841
536.875	0.0809
537.0	0.0849
537.125	0.0825
537.25	0.0794
537.375	0.0762
537.5	0.0746
537.625	0.0762
537.75	0.077
537.875	0.0731
538.0	0.0731
538.125	0.0707
538.25	0.0691
538.375	0.0731
538.5	0.0738
538.625	0.0691
538.75	0.0676
538.875	0.0668
539.0	0.066
539.125	0.0652
539.25	0.066
539.375	0.066
539.5	0.0683
539.625	0.0738
539.75	0.0723
539.875	0.0691
540.0	0.0644
540.125	0.0707
540.25	0.0699
540.375	0.0691
540.5	0.0652
540.625	0.066
540.75	0.0691
540.875	0.0707
541.0	0.0699
541.125	0.066
541.25	0.0668
541.375	0.0691
541.5	0.066
541.625	0.0676
541.75	0.0636
541.875	0.0605
542.0	0.0668
542.125	0.0628
542.25	0.0644
542.375	0.0636
542.5	0.0644
542.625	0.0644
542.75	0.066
542.875	0.0676
543.0	0.0628
543.125	0.0652
543.25	0.0644
543.375	0.0676
543.5	0.0668
543.625	0.0597
543.75	0.0597
543.875	0.0566
544.0	0.0621
544.125	0.0644
544.25	0.0589
544.375	0.0644
544.5	0.0605
544.625	0.0644
544.75	0.066
544.875	0.0589
545.0	0.0621
545.125	0.0605
545.25	0.0542
545.375	0.0542
545.5	0.0636
545.625	0.0621
545.75	0.0628
545.875	0.0683
546.0	0.0644
546.125	0.0636
546.25	0.066
546.375	0.0613
546.5	0.0628
546.625	0.0589
546.75	0.0621
546.875	0.0621
547.0	0.0566
547.125	0.0573
547.25	0.0636
547.375	0.0636
547.5	0.0652
547.625	0.0636
547.75	0.0558
547.875	0.0581
548.0	0.0605
548.125	0.0621
548.25	0.055
548.375	0.0613
548.5	0.0636
548.625	0.0558
548.75	0.0542
548.875	0.055
549.0	0.0526
549.125	0.055
549.25	0.0566
549.375	0.0518
549.5	0.0526
549.625	0.0566
549.75	0.0613
549.875	0.0526
550.0	0.0518
550.125	0.0589
550.25	0.055
550.375	0.0589
550.5	0.0589
550.625	0.0573
550.75	0.0589
550.875	0.0566
551.0	0.0589
551.125	0.0487
551.25	0.0487
551.375	0.0471
551.5	0.0455
551.625	0.0487
551.75	0.0518
551.875	0.0471
552.0	0.0479
552.125	0.0471
552.25	0.0511
552.375	0.0455
552.5	0.0534
552.625	0.0526
552.75	0.0487
552.875	0.0487
553.0	0.0566
553.125	0.0495
553.25	0.0526
553.375	0.0573
553.5	0.0511
553.625	0.0589
553.75	0.0558
553.875	0.055
554.0	0.0566
554.125	0.0503
554.25	0.0511
554.375	0.0511
554.5	0.0526
554.625	0.0597
554.75	0.0566
554.875	0.0566
555.0	0.055
555.125	0.0542
555.25	0.055
555.375	0.0542
555.5	0.0534
555.625	0.0526
555.75	0.0558
555.875	0.0597
556.0	0.0573
556.125	0.0558
556.25	0.0581
556.375	0.0558
556.5	0.0511
556.625	0.0605
556.75	0.0597
556.875	0.0558
557.0	0.0511
557.125	0.0558
557.25	0.0621
557.375	0.055
557.5	0.0566
557.625	0.0628
557.75	0.066
557.875	0.0621
558.0	0.0581
558.125	0.0644
558.25	0.0613
558.375	0.0589
558.5	0.0628
558.625	0.0566
558.75	0.0613
558.875	0.0621
559.0	0.0621
559.125	0.0613
559.25	0.0597
559.375	0.0597
559.5	0.0621
559.625	0.0621
559.75	0.0613
559.875	0.0573
560.0	0.0542
560.125	0.0589
560.25	0.0628
560.375	0.0566
560.5	0.066
560.625	0.066
560.75	0.0628
560.875	0.0652
561.0	0.0597
561.125	0.0628
561.25	0.0644
561.375	0.0668
561.5	0.0558
561.625	0.0605
561.75	0.0613
561.875	0.0589
562.0	0.0621
562.125	0.0573
562.25	0.0636
562.375	0.066
562.5	0.0652
562.625	0.0676
562.75	0.0573
562.875	0.0581
563.0	0.0573
563.125	0.0589
563.25	0.0581
563.375	0.0628
563.5	0.0621
563.625	0.0676
563.75	0.0644
563.875	0.0644
564.0	0.066
564.125	0.0621
564.25	0.0534
564.375	0.0636
564.5	0.0652
564.625	0.066
564.75	0.0707
564.875	0.066
565.0	0.066
565.125	0.0566
565.25	0.0636
565.375	0.0621
565.5	0.0613
565.625	0.0597
565.75	0.0644
565.875	0.0526
566.0	0.0628
566.125	0.066
566.25	0.066
566.375	0.0589
566.5	0.0613
566.625	0.0676
566.75	0.0597
566.875	0.066
567.0	0.066
567.125	0.066
567.25	0.0668
567.375	0.0566
567.5	0.0589
567.625	0.0589
567.75	0.0597
567.875	0.0644
568.0	0.0589
568.125	0.0652
568.25	0.0558
568.375	0.0621
568.5	0.0628
568.625	0.0628
568.75	0.0628
568.875	0.0668
569.0	0.0581
569.125	0.0636
569.25	0.0636
569.375	0.0636
569.5	0.066
569.625	0.0605
569.75	0.0566
569.875	0.0542
570.0	0.0621
570.125	0.066
570.25	0.0613
570.375	0.0542
570.5	0.0605
570.625	0.055
570.75	0.0558
570.875	0.0542
571.0	0.0534
571.125	0.0503
571.25	0.0558
571.375	0.0597
571.5	0.0542
571.625	0.0487
571.75	0.0432
571.875	0.0432
572.0	0.0518
572.125	0.0495
572.25	0.0518
572.375	0.0503
572.5	0.0518
572.625	0.0511
572.75	0.044
572.875	0.0448
573.0	0.0526
573.125	0.0471
573.25	0.0471
573.375	0.0455
573.5	0.0542
573.625	0.0518
573.75	0.0534
573.875	0.0511
574.0	0.0518
574.125	0.0542
574.25	0.0597
574.375	0.0566
574.5	0.0495
574.625	0.0558
574.75	0.0495
574.875	0.0518
575.0	0.0495
575.125	0.0566
575.25	0.0542
575.375	0.0566
575.5	0.0534
575.625	0.0542
575.75	0.0487
575.875	0.0487
576.0	0.0526
576.125	0.0534
576.25	0.0448
576.375	0.0448
576.5	0.0526
576.625	0.0463
576.75	0.0432
576.875	0.0479
577.0	0.055
577.125	0.055
577.25	0.0479
577.375	0.0511
577.5	0.0526
577.625	0.0455
577.75	0.0487
577.875	0.044
578.0	0.0471
578.125	0.0511
578.25	0.0463
578.375	0.0503
578.5	0.0479
578.625	0.0495
578.75	0.0503
578.875	0.0393
579.0	0.0408
579.125	0.04
579.25	0.0424
579.375	0.0416
579.5	0.0455
579.625	0.0479
579.75	0.0432
579.875	0.0432
580.0	0.0487
580.125	0.0448
580.25	0.0495
580.375	0.0495
580.5	0.0518
580.625	0.0526
580.75	0.0463
580.875	0.04
581.0	0.0408
581.125	0.0424
581.25	0.0479
581.375	0.0471
581.5	0.0542
581.625	0.0526
581.75	0.0518
581.875	0.0455
582.0	0.044
582.125	0.0487
582.25	0.0471
582.375	0.0471
582.5	0.044
582.625	0.0503
582.75	0.0424
582.875	0.0455
583.0	0.0511
583.125	0.0534
583.25	0.0511
583.375	0.0503
583.5	0.0455
583.625	0.0487
583.75	0.0511
583.875	0.0589
584.0	0.0628
584.125	0.0652
584.25	0.0699
584.375	0.0738
584.5	0.0754
584.625	0.0825
584.75	0.0864
584.875	0.0904
585.0	0.0935
585.125	0.0974
585.25	0.1037
585.375	0.1029
585.5	0.1029
585.625	0.1014
585.75	0.1037
585.875	0.1037
586.0	0.1037
586.125	0.1022
586.25	0.0943
586.375	0.088
586.5	0.0888
586.625	0.0864
586.75	0.0864
586.875	0.0856
587.0	0.0872
587.125	0.0872
587.25	0.0856
587.375	0.0833
587.5	0.0809
587.625	0.0746
587.75	0.0731
587.875	0.0723
588.0	0.0746
588.125	0.0825
588.25	0.0896
588.375	0.0935
588.5	0.1037
588.625	0.1108
588.75	0.1179
588.875	0.125
589.0	0.1328
589.125	0.1415
589.25	0.1477
589.375	0.1595
589.5	0.169
589.625	0.1745
589.75	0.1784
589.875	0.1839
590.0	0.1831
590.125	0.1878
590.25	0.1886
590.375	0.1839
590.5	0.1839
590.625	0.1855
590.75	0.1823
590.875	0.1776
591.0	0.1682
591.125	0.1619
591.25	0.1493
591.375	0.1454
591.5	0.1407
591.625	0.1352
591.75	0.1289
591.875	0.1163
592.0	0.1061
592.125	0.0951
592.25	0.0864
592.375	0.0817
592.5	0.0762
592.625	0.0691
592.75	0.0652
592.875	0.0613
593.0	0.0581
593.125	0.0558
593.25	0.0573
593.375	0.0573
593.5	0.0542
593.625	0.0526
593.75	0.0542
593.875	0.0495
594.0	0.0495
594.125	0.0495
594.25	0.0503
594.375	0.0487
594.5	0.0518
594.625	0.0511
594.75	0.0518
594.875	0.0511
595.0	0.0518
595.125	0.0463
595.25	0.0526
595.375	0.0542
595.5	0.0542
595.625	0.0581
595.75	0.0526
595.875	0.0534
596.0	0.0558
596.125	0.0558
596.25	0.0487
596.375	0.0503
596.5	0.0479
596.625	0.0518
596.75	0.0471
596.875	0.0471
597.0	0.0487
597.125	0.0526
597.25	0.0526
597.375	0.0479
597.5	0.0479
597.625	0.0518
597.75	0.0471
597.875	0.0503
598.0	0.0518
598.125	0.0487
598.25	0.0495
598.375	0.0503
598.5	0.0518
598.625	0.0518
598.75	0.055
598.875	0.0542
599.0	0.0495
599.125	0.0495
599.25	0.0518
599.375	0.0518
599.5	0.0487
599.625	0.0534
599.75	0.0495
599.875	0.0526
600.0	0.0566
600.125	0.0471
600.25	0.0644
600.375	0.0683
600.5	0.0526
600.625	0.0518
600.75	0.0707
600.875	0.0731
601.0	0.0715
601.125	0.0605
601.25	0.0495
601.375	0.0416
601.5	0.044
601.625	0.0393
601.75	0.0424
601.875	0.0416
602.0	0.04
602.125	0.0463
602.25	0.0455
602.375	0.044
602.5	0.0455
602.625	0.044
602.75	0.0432
602.875	0.0393
603.0	0.0432
603.125	0.0432
603.25	0.0416
603.375	0.0432
603.5	0.0408
603.625	0.0424
603.75	0.0432
603.875	0.0416
604.0	0.044
604.125	0.0471
604.25	0.0463
604.375	0.0526
604.5	0.0518
604.625	0.0511
604.75	0.0589
604.875	0.0613
605.0	0.0613
605.125	0.0668
605.25	0.077
605.375	0.088
605.5	0.0911
605.625	0.1053
605.75	0.1234
605.875	0.1462
606.0	0.1635
606.125	0.1792
606.25	0.1918
606.375	0.2106
606.5	0.2264
606.625	0.2452
606.75	0.261
606.875	0.2759
607.0	0.283
607.125	0.2971
607.25	0.3081
607.375	0.3176
607.5	0.327
607.625	0.3278
607.75	0.3262
607.875	0.3246
608.0	0.3223
608.125	0.3191
608.25	0.3081
608.375	0.3003
608.5	0.29
608.625	0.2775
608.75	0.2625
608.875	0.2507
609.0	0.2358
609.125	0.2193
609.25	0.2099
609.375	0.1926
609.5	0.1823
609.625	0.1705
609.75	0.1627
609.875	0.1588
610.0	0.1572
610.125	0.154
610.25	0.1525
610.375	0.1525
610.5	0.1548
610.625	0.1564
610.75	0.165
610.875	0.1705
611.0	0.1823
611.125	0.191
611.25	0.1926
611.375	0.1973
611.5	0.1988
611.625	0.2059
611.75	0.2099
611.875	0.2106
612.0	0.2091
612.125	0.2122
612.25	0.2091
612.375	0.2091
612.5	0.2036
612.625	0.1918
612.75	0.1847
612.875	0.1784
613.0	0.169
613.125	0.1556
613.25	0.1462
613.375	0.1344
613.5	0.121
613.625	0.11
613.75	0.1084
613.875	0.0943
614.0	0.0896
614.125	0.0809
614.25	0.077
614.375	0.0746
614.5	0.0644
614.625	0.0526
614.75	0.0487
614.875	0.0424
615.0	0.0377
615.125	0.0345
615.25	0.0314
615.375	0.0345
615.5	0.033
615.625	0.029
615.75	0.0235
615.875	0.0275
616.0	0.0322
616.125	0.0338
616.25	0.0259
616.375	0.0204
616.5	0.0227
616.625	0.0243
616.75	0.0188
616.875	0.018
617.0	0.0196
617.125	0.0235
617.25	0.0259
617.375	0.0259
617.5	0.0188
617.625	0.0149
617.75	0.0102
617.875	0.0283
618.0	0.0165
618.125	0.0172
618.25	0.0212
618.375	0.0298
618.5	0.0149
618.625	0.0212
618.75	0.0196
618.875	0.0306
619.0	0.0322
619.125	0.0408
619.25	0.0377
619.375	0.0369
619.5	0.0393
619.625	0.0432
619.75	0.0573
619.875	0.0377
620.0	0.0424
620.125	0.0495
620.25	0.0385
620.375	0.0338
620.5	0.0306
620.625	0.029
620.75	0.029
620.875	0.0361
621.0	0.0408
621.125	0.0408
621.25	0.04
621.375	0.0424
621.5	0.0408
621.625	0.0306
621.75	0.033
621.875	0.0353
622.0	0.0361
622.125	0.0314
622.25	0.0314
622.375	0.033
622.5	0.0377
622.625	0.04
622.75	0.04
622.875	0.0448
623.0	0.0455
623.125	0.0479
623.25	0.0495
623.375	0.0542
623.5	0.0597
623.625	0.0628
623.75	0.0676
623.875	0.0691
624.0	0.0652
624.125	0.066
624.25	0.0652
624.375	0.0605
624.5	0.0738
624.625	0.0723
624.75	0.0731
624.875	0.0715
625.0	0.0754
625.125	0.0715
625.25	0.066
625.375	0.066
625.5	0.0636
625.625	0.0628
625.75	0.0597
625.875	0.0566
626.0	0.0542
626.125	0.0534
626.25	0.055
626.375	0.0518
626.5	0.0471
626.625	0.0479
626.75	0.044
626.875	0.0471
627.0	0.0432
627.125	0.0503
627.25	0.0566
627.375	0.0558
627.5	0.0566
627.625	0.0581
627.75	0.0652
627.875	0.0628
628.0	0.0581
628.125	0.0487
628.25	0.0432
628.375	0.0455
628.5	0.0416
628.625	0.044
628.75	0.0424
628.875	0.0424
629.0	0.0471
629.125	0.0455
629.25	0.0353
629.375	0.0322
629.5	0.0448
629.625	0.0471
629.75	0.0455
629.875	0.0393
630.0	0.04
630.125	0.0338
630.25	0.0377
630.375	0.0448
630.5	0.0283
630.625	0.029
630.75	0.0275
630.875	0.0283
631.0	0.0283
631.125	0.0298
631.25	0.0338
631.375	0.0353
631.5	0.029
631.625	0.0235
631.75	0.0251
631.875	0.0235
632.0	0.0275
632.125	0.0196
632.25	0.0314
632.375	0.022
632.5	0.0227
632.625	0.0243
632.75	0.0322
632.875	0.0267
633.0	0.033
633.125	0.0243
633.25	0.0149
633.375	0.0117
633.5	0.0078
633.625	0.0047
633.75	0.0094
633.875	0.0062
634.0	0.0094
634.125	0.007
634.25	0.0047
634.375	0.011
634.5	0.0094
634.625	0.0062
634.75	0.0078
634.875	0.0086
635.0	0.0039
635.125	0.0015
635.25	0.0023
635.375	0.0031
635.5	7.0E-4
635.625	0.0062
635.75	0.0094
635.875	0.0023
636.0	0.0023
636.125	0.0023
636.25	0.0015
636.375	0.0039
636.5	0.0047
636.625	0.0062
636.75	0.007
636.875	0.0047
637.0	0.0055
637.125	0.0141
637.25	0.0141
637.375	0.0165
637.5	0.0133
637.625	0.0172
637.75	0.0165
637.875	0.0149
638.0	0.0149
638.125	0.0102
638.25	0.0165
638.375	0.0149
638.5	0.0149
638.625	0.0188
638.75	0.0188
638.875	0.0196
639.0	0.0188
639.125	0.0188
639.25	0.018
639.375	0.018
639.5	0.0172
639.625	0.0165
639.75	0.0172
639.875	0.0094
640.0	0.011
640.125	0.0141
640.25	0.0078
640.375	0.0094
640.5	0.0117
640.625	0.0094
640.75	0.0117
640.875	0.0102
641.0	0.0133
641.125	0.0165
641.25	0.0141
641.375	0.0078
641.5	0.0125
641.625	0.0172
641.75	0.011
641.875	0.0078
642.0	0.0117
642.125	0.0055
642.25	0.0078
642.375	0.0094
642.5	0.0102
642.625	0.0055
642.75	0.0094
642.875	0.0078
643.0	0.0055
643.125	0.0023
643.25	0.0047
643.375	0.0039
643.5	0.0015
643.625	0.0023
643.75	0.0
643.875	0.0015
644.0	0.0015
644.125	7.0E-4
644.25	7.0E-4
644.375	0.0055
644.5	0.0055
644.625	0.007
644.75	0.0094
644.875	0.007
645.0	0.011
645.125	0.0117
645.25	0.0149
645.375	0.0125
645.5	0.0133
645.625	0.018
645.75	0.0149
645.875	0.0149
646.0	0.022
646.125	0.0196
646.25	0.0188
646.375	0.0196
646.5	0.0188
646.625	0.022
646.75	0.0196
646.875	0.0283
647.0	0.0267
647.125	0.0227
647.25	0.0259
647.375	0.0275
647.5	0.0259
647.625	0.0227
647.75	0.0172
647.875	0.0165
648.0	0.0172
648.125	0.0172
648.25	0.0172
648.375	0.0172
648.5	0.0141
648.625	0.0149
648.75	0.0172
648.875	0.022
649.0	0.0235
649.125	0.0243
649.25	0.022
649.375	0.0157
649.5	0.0094
649.625	0.0125
649.75	0.0094
649.875	0.0039
650.0	0.0055
650.125	0.0078
650.25	0.0165
650.375	0.0188
650.5	0.0188
650.625	0.0141
650.75	0.0149
650.875	0.0157
651.0	0.0172
651.125	0.0165
651.25	0.0196
651.375	0.0188
651.5	0.0227
651.625	0.0267
651.75	0.0361
651.875	0.0196
652.0	0.0172
652.125	0.0188
652.25	0.0141
652.375	0.0188
652.5	0.0157
652.625	0.0157
652.75	0.018
652.875	0.0188
653.0	0.0165
653.125	0.0149
653.25	0.0149
653.375	0.007
653.5	0.0086
653.625	0.0141
653.75	0.0102
653.875	0.011
654.0	0.0157
654.125	0.011
654.25	0.011
654.375	0.0086
654.5	0.0039
654.625	0.018
654.75	0.0117
654.875	0.0117
655.0	0.0117
655.125	0.0165
655.25	0.0094
655.375	0.011
655.5	0.0133
655.625	0.0102
655.75	0.0133
655.875	0.0188
656.0	0.0117
656.125	0.0078
656.25	0.0102
656.375	0.0125
656.5	0.0102
656.625	0.0141
656.75	0.0125
656.875	0.0102
657.0	0.0141
657.125	0.0149
657.25	0.0149
657.375	0.0188
657.5	0.018
657.625	0.0172
657.75	0.0188
657.875	0.022
658.0	0.0196
658.125	0.0149
658.25	0.0172
658.375	0.0149
658.5	0.0141
658.625	0.0149
658.75	0.0133
658.875	0.0133
659.0	0.011
659.125	0.0117
659.25	0.0125
659.375	0.0165
659.5	0.0094
659.625	0.0086
659.75	7.0E-4
659.875	0.007
660.0	0.0125
660.125	0.0141
660.25	0.0141
660.375	0.0062
660.5	0.0062
660.625	0.0094
660.75	0.007
660.875	0.0039
661.0	0.0086
661.125	0.011
661.25	0.0102
661.375	0.0102
661.5	0.0047
661.625	0.007
661.75	0.0078
661.875	0.0102
662.0	0.011
662.125	0.0094
662.25	0.011
662.375	0.0125
662.5	0.0125
662.625	0.0133
662.75	0.0094
662.875	0.0094
663.0	0.0094
663.125	0.0094
663.25	0.0141
663.375	0.0117
663.5	0.0117
663.625	0.0133
663.75	0.0141
663.875	0.0149
664.0	0.0157
664.125	0.0141
664.25	0.0157
664.375	0.0141
664.5	0.0141
664.625	0.0149
664.75	0.018
664.875	0.0188
665.0	0.0196
665.125	0.0212
665.25	0.0204
665.375	0.0243
665.5	0.022
665.625	0.0188
665.75	0.0196
665.875	0.0204
666.0	0.018
666.125	0.0196
666.25	0.0188
666.375	0.018
666.5	0.0172
666.625	0.0149
666.75	0.022
666.875	0.0172
667.0	0.0188
667.125	0.0149
667.25	0.0165
667.375	0.0133
667.5	0.0102
667.625	0.011
667.75	0.0149
667.875	0.0117
668.0	0.0102
668.125	0.011
668.25	0.0094
668.375	0.007
668.5	0.0133
668.625	0.0102
668.75	0.0188
668.875	0.0172
669.0	0.0188
669.125	0.0141
669.25	0.0157
669.375	0.0117
669.5	0.0102
669.625	0.0157
669.75	0.0133
669.875	0.0125
670.0	0.011
670.125	0.0086
670.25	0.0094
670.375	0.0117
670.5	0.011
670.625	0.0117
670.75	0.0133
670.875	0.0133
671.0	0.0133
671.125	0.0117
671.25	0.0165
671.375	0.0133
671.5	0.0165
671.625	0.0188
671.75	0.0102
671.875	0.0141
672.0	0.0188
672.125	0.0172
672.25	0.011
672.375	0.0094
672.5	0.0125
672.625	0.0141
672.75	0.0102
672.875	0.0117
673.0	0.0078
673.125	0.011
673.25	0.0165
673.375	0.0165
673.5	0.0078
673.625	0.011
673.75	0.007
673.875	0.011
674.0	0.0094
674.125	0.0117
674.25	0.0078
674.375	0.0055
674.5	0.0039
674.625	0.0
674.75	7.0E-4
674.875	0.0047
675.0	0.0047
675.125	0.007
675.25	0.0047
675.375	7.0E-4
675.5	0.0117
675.625	0.0149
675.75	0.0165
675.875	0.0172
676.0	0.0141
676.125	0.0117
676.25	0.011
676.375	0.011
676.5	0.0141
676.625	0.0125
676.75	0.0133
676.875	0.0133
677.0	0.0141
677.125	0.0133
677.25	0.0117
677.375	0.0133
677.5	0.0055
677.625	0.0062
677.75	0.0055
677.875	0.007
678.0	0.0055
678.125	0.0086
678.25	0.0094
678.375	0.0141
678.5	0.0133
678.625	0.0133
678.75	0.0133
678.875	0.0062
679.0	0.0086
679.125	0.0094
679.25	0.0094
679.375	0.007
679.5	0.0086
679.625	0.0094
679.75	0.0078
679.875	0.0094
680.0	0.0125
680.125	0.0102
680.25	0.0149
680.375	0.0125
680.5	0.0165
680.625	0.0204
680.75	0.0165
680.875	0.0133
681.0	0.0165
681.125	0.0157
681.25	0.0149
681.375	0.0141
681.5	0.0157
681.625	0.0133
681.75	0.0133
681.875	0.0141
682.0	0.0141
682.125	0.0133
682.25	0.0141
682.375	0.0133
682.5	0.0141
682.625	0.0172
682.75	0.0165
682.875	0.0157
683.0	0.0125
683.125	0.0117
683.25	0.0094
683.375	0.0149
683.5	0.0141
683.625	0.0149
683.75	0.0196
683.875	0.018
684.0	0.0165
684.125	0.0149
684.25	0.0133
684.375	0.0157
684.5	0.018
684.625	0.0172
684.75	0.0141
684.875	0.0133
685.0	0.0157
685.125	0.0165
685.25	0.0141
685.375	0.0125
685.5	0.0149
685.625	0.0117
685.75	0.0141
685.875	0.0141
686.0	0.0117
686.125	0.011
686.25	0.0133
686.375	0.0102
686.5	0.0117
686.625	0.0094
686.75	0.0125
686.875	0.0125
687.0	0.0141
687.125	0.0157
687.25	0.0133
687.375	0.0141
687.5	0.0141
687.625	0.0141
687.75	0.0157
687.875	0.0141
688.0	0.0157
688.125	0.0165
688.25	0.0133
688.375	0.007
688.5	0.0047
688.625	0.007
688.75	0.0055
688.875	0.0086
689.0	0.0062
689.125	0.0094
689.25	0.0094
689.375	0.0125
689.5	0.018
689.625	0.0212
689.75	0.0235
689.875	0.0259
690.0	0.0212
690.125	0.0188
690.25	0.0188
690.375	0.0196
690.5	0.018
690.625	0.0196
690.75	0.0188
690.875	0.018
691.0	0.0165
691.125	0.0149
691.25	0.0149
691.375	0.0133
691.5	0.0141
691.625	0.0157
691.75	0.011
691.875	0.0141
692.0	0.0149
692.125	0.018
692.25	0.0188
692.375	0.0141
692.5	0.0157
692.625	0.018
692.75	0.0188
692.875	0.0172
693.0	0.0188
693.125	0.0157
693.25	0.0141
693.375	0.0149
693.5	0.0149
693.625	0.0157
693.75	0.0141
693.875	0.0157
694.0	0.018
694.125	0.0149
694.25	0.0165
694.375	0.0196
694.5	0.0204
694.625	0.0204
694.75	0.0188
694.875	0.0141
695.0	0.0204
695.125	0.022
695.25	0.0235
695.375	0.022
695.5	0.0188
695.625	0.0188
695.75	0.0125
695.875	0.0204
696.0	0.0235
696.125	0.0196
696.25	0.0157
696.375	0.0188
696.5	0.0196
696.625	0.0188
696.75	0.0188
696.875	0.0188
697.0	0.0227
697.125	0.0235
697.25	0.0204
697.375	0.0227
697.5	0.0235
697.625	0.0212
697.75	0.0212
697.875	0.0196
698.0	0.0235
698.125	0.0259
698.25	0.0204
698.375	0.0235
698.5	0.0235
698.625	0.0235
698.75	0.0212
698.875	0.022
699.0	0.0235
699.125	0.0196
699.25	0.0235
699.375	0.0243
699.5	0.0251
699.625	0.0235
699.75	0.0243
699.875	0.0267
