350.0	0.0235
350.125	0.0212
350.25	0.022
350.375	0.0212
350.5	0.018
350.625	0.0188
350.75	0.0196
350.875	0.0196
351.0	0.018
351.125	0.0157
351.25	0.0157
351.375	0.0188
351.5	0.018
351.625	0.0188
351.75	0.0188
351.875	0.0188
352.0	0.0188
352.125	0.018
352.25	0.018
352.375	0.0172
352.5	0.0227
352.625	0.0196
352.75	0.0188
352.875	0.0165
353.0	0.0102
353.125	0.0102
353.25	0.0102
353.375	0.0141
353.5	0.0157
353.625	0.0165
353.75	0.0165
353.875	0.0188
354.0	0.0204
354.125	0.0141
354.25	0.0141
354.375	0.0188
354.5	0.0141
354.625	0.0117
354.75	0.0188
354.875	0.022
355.0	0.0235
355.125	0.022
355.25	0.0188
355.375	0.0188
355.5	0.0212
355.625	0.0188
355.75	0.0172
355.875	0.0172
356.0	0.0125
356.125	0.018
356.25	0.0196
356.375	0.0212
356.5	0.0212
356.625	0.0243
356.75	0.0212
356.875	0.0235
357.0	0.0227
357.125	0.0235
357.25	0.0196
357.375	0.0188
357.5	0.0165
357.625	0.0157
357.75	0.0141
357.875	0.0188
358.0	0.018
358.125	0.0172
358.25	0.0157
358.375	0.0165
358.5	0.018
358.625	0.0165
358.75	0.0188
358.875	0.0157
359.0	0.0141
359.125	0.0133
359.25	0.0157
359.375	0.0165
359.5	0.0141
359.625	0.0094
359.75	0.0117
359.875	0.0133
360.0	0.0117
360.125	0.0141
360.25	0.0117
360.375	0.0125
360.5	0.0094
360.625	0.0094
360.75	0.011
360.875	0.0125
361.0	0.0141
361.125	0.0141
361.25	0.0157
361.375	0.0141
361.5	0.018
361.625	0.0157
361.75	0.0157
361.875	0.0141
362.0	0.0141
362.125	0.0125
362.25	0.011
362.375	0.0094
362.5	0.0117
362.625	0.0094
362.75	0.0141
362.875	0.018
363.0	0.0188
363.125	0.018
363.25	0.0165
363.375	0.0172
363.5	0.0188
363.625	0.0188
363.75	0.0141
363.875	0.0204
364.0	0.0165
364.125	0.0117
364.25	0.0125
364.375	0.0094
364.5	0.0047
364.625	0.0094
364.75	0.0086
364.875	0.0117
365.0	0.0117
365.125	0.0141
365.25	0.0188
365.375	0.0188
365.5	0.0196
365.625	0.0204
365.75	0.018
365.875	0.0188
366.0	0.022
366.125	0.0196
366.25	0.0188
366.375	0.0235
366.5	0.022
366.625	0.0227
366.75	0.0188
366.875	0.018
367.0	0.018
367.125	0.018
367.25	0.0157
367.375	0.0172
367.5	0.0133
367.625	0.0172
367.75	0.0117
367.875	0.0133
368.0	0.0165
368.125	0.018
368.25	0.0188
368.375	0.0141
368.5	0.0157
368.625	0.0157
368.75	0.0165
368.875	0.0196
369.0	0.0149
369.125	0.0188
369.25	0.0141
369.375	0.0125
369.5	0.0117
369.625	0.0078
369.75	0.011
369.875	0.0102
370.0	0.0141
370.125	0.011
370.25	0.011
370.375	0.0086
370.5	0.011
370.625	0.0149
370.75	0.0149
370.875	0.0141
371.0	0.0117
371.125	0.0141
371.25	0.0141
371.375	0.0094
371.5	0.0141
371.625	0.0149
371.75	0.0149
371.875	0.0125
372.0	0.0086
372.125	0.007
372.25	0.0094
372.375	0.0094
372.5	0.007
372.625	7.0E-4
372.75	0.0094
372.875	0.0133
373.0	0.0133
373.125	0.0133
373.25	0.0125
373.375	0.0125
373.5	0.0094
373.625	0.0141
373.75	0.0094
373.875	0.0078
374.0	0.0094
374.125	0.0102
374.25	0.0062
374.375	0.0086
374.5	0.0094
374.625	0.0117
374.75	0.0149
374.875	0.0188
375.0	0.0172
375.125	0.0141
375.25	0.0188
375.375	0.0149
375.5	0.0188
375.625	0.0149
375.75	0.0141
375.875	0.0133
376.0	0.018
376.125	0.0149
376.25	0.0141
376.375	0.0141
376.5	0.0172
376.625	0.0188
376.75	0.0188
376.875	0.0165
377.0	0.0157
377.125	0.0165
377.25	0.0165
377.375	0.0157
377.5	0.0157
377.625	0.0165
377.75	0.011
377.875	0.0149
378.0	0.0165
378.125	0.0188
378.25	0.0149
378.375	0.0157
378.5	0.0149
378.625	0.0125
378.75	0.0094
378.875	0.0102
379.0	0.0078
379.125	0.0078
379.25	0.0094
379.375	0.0086
379.5	0.007
379.625	0.0055
379.75	0.0055
379.875	0.0055
380.0	0.0078
380.125	0.0125
380.25	0.0125
380.375	0.0102
380.5	0.007
380.625	0.0078
380.75	0.0094
380.875	0.011
381.0	0.0086
381.125	0.0117
381.25	0.0125
381.375	0.0141
381.5	0.0102
381.625	0.0141
381.75	0.0188
381.875	0.0157
382.0	0.0141
382.125	0.0133
382.25	0.0141
382.375	0.0149
382.5	0.0157
382.625	0.0165
382.75	0.0141
382.875	0.0172
383.0	0.018
383.125	0.0188
383.25	0.0172
383.375	0.0157
383.5	0.0165
383.625	0.018
383.75	0.018
383.875	0.0188
384.0	0.0141
384.125	0.0172
384.25	0.0149
384.375	0.018
384.5	0.018
384.625	0.0188
384.75	0.0188
384.875	0.0172
385.0	0.0188
385.125	0.0188
385.25	0.0165
385.375	0.0141
385.5	0.0188
385.625	0.0165
385.75	0.0149
385.875	0.0172
386.0	0.0188
386.125	0.0165
386.25	0.0172
386.375	0.0165
386.5	0.0188
386.625	0.0165
386.75	0.0141
386.875	0.0157
387.0	0.0157
387.125	0.0165
387.25	0.0141
387.375	0.0165
387.5	0.0141
387.625	0.0165
387.75	0.0125
387.875	0.0133
388.0	0.0141
388.125	0.0141
388.25	0.0141
388.375	0.0165
388.5	0.018
388.625	0.0165
388.75	0.0141
388.875	0.0188
389.0	0.0172
389.125	0.018
389.25	0.0165
389.375	0.0165
389.5	0.0165
389.625	0.0141
389.75	0.0117
389.875	0.011
390.0	0.0133
390.125	0.0094
390.25	0.0094
390.375	0.011
390.5	0.0102
390.625	0.011
390.75	0.0086
390.875	0.0078
391.0	0.0078
391.125	0.0062
391.25	0.0062
391.375	0.0094
391.5	0.0125
391.625	0.007
391.75	0.0023
391.875	0.0117
392.0	0.011
392.125	0.0133
392.25	0.0062
392.375	0.0078
392.5	0.0086
392.625	0.0078
392.75	0.0094
392.875	0.0102
393.0	0.0086
393.125	0.011
393.25	0.0094
393.375	0.0094
393.5	0.0023
393.625	0.0031
393.75	0.0086
393.875	0.007
394.0	0.011
394.125	0.0117
394.25	0.0102
394.375	0.0086
394.5	0.007
394.625	0.0102
394.75	0.0094
394.875	0.0102
395.0	0.0141
395.125	0.0141
395.25	0.007
395.375	0.0086
395.5	0.011
395.625	0.0133
395.75	0.0157
395.875	0.0102
396.0	0.0078
396.125	0.0133
396.25	0.0102
396.375	0.0102
396.5	0.0117
396.625	0.011
396.75	0.0094
396.875	0.0117
397.0	0.0125
397.125	0.0157
397.25	0.0102
397.375	0.0086
397.5	0.0117
397.625	0.0078
397.75	0.0094
397.875	0.0102
398.0	0.0078
398.125	0.0094
398.25	0.0125
398.375	0.0141
398.5	0.0078
398.625	0.0094
398.75	0.0086
398.875	0.0141
399.0	0.0157
399.125	0.0125
399.25	0.0133
399.375	0.0172
399.5	0.0157
399.625	0.0157
399.75	0.0165
399.875	0.0188
400.0	0.0188
400.125	0.0188
400.25	0.0204
400.375	0.0172
400.5	0.0157
400.625	0.0188
400.75	0.0204
400.875	0.0188
401.0	0.0165
401.125	0.0196
401.25	0.018
401.375	0.018
401.5	0.018
401.625	0.0188
401.75	0.0188
401.875	0.018
402.0	0.0188
402.125	0.018
402.25	0.0204
402.375	0.0204
402.5	0.022
402.625	0.0188
402.75	0.0188
402.875	0.0204
403.0	0.0196
403.125	0.0196
403.25	0.0204
403.375	0.0204
403.5	0.018
403.625	0.0196
403.75	0.0188
403.875	0.0212
404.0	0.022
404.125	0.0227
404.25	0.0204
404.375	0.0196
404.5	0.0204
404.625	0.022
404.75	0.0141
404.875	0.0196
405.0	0.0212
405.125	0.0235
405.25	0.0212
405.375	0.0196
405.5	0.0204
405.625	0.0227
405.75	0.0212
405.875	0.0188
406.0	0.0149
406.125	0.0204
406.25	0.0188
406.375	0.0235
406.5	0.0227
406.625	0.0172
406.75	0.0227
406.875	0.0235
407.0	0.018
407.125	0.0141
407.25	0.0172
407.375	0.0172
407.5	0.0172
407.625	0.0188
407.75	0.0157
407.875	0.0172
408.0	0.0125
408.125	0.0149
408.25	0.0165
408.375	0.0157
408.5	0.0149
408.625	0.0141
408.75	0.018
408.875	0.0188
409.0	0.018
409.125	0.0188
409.25	0.0212
409.375	0.0212
409.5	0.0204
409.625	0.0188
409.75	0.0157
409.875	0.011
410.0	0.011
410.125	0.0157
410.25	0.018
410.375	0.0172
410.5	0.0172
410.625	0.0157
410.75	0.0165
410.875	0.0204
411.0	0.0227
411.125	0.022
411.25	0.0204
411.375	0.0204
411.5	0.0141
411.625	0.0149
411.75	0.0133
411.875	0.018
412.0	0.0141
412.125	0.0125
412.25	0.0133
412.375	0.0165
412.5	0.0165
412.625	0.0196
412.75	0.0204
412.875	0.0275
413.0	0.0259
413.125	0.0172
413.25	0.018
413.375	0.0188
413.5	0.0188
413.625	0.0338
413.75	0.0322
413.875	0.0298
414.0	0.0298
414.125	0.0283
414.25	0.029
414.375	0.0283
414.5	0.0338
414.625	0.0361
414.75	0.0385
414.875	0.0227
415.0	0.0235
415.125	0.0235
415.25	0.033
415.375	0.0314
415.5	0.0306
415.625	0.0322
415.75	0.0314
415.875	0.0322
416.0	0.0338
416.125	0.0353
416.25	0.029
416.375	0.0322
416.5	0.0314
416.625	0.0314
416.75	0.0361
416.875	0.0385
417.0	0.0353
417.125	0.0314
417.25	0.033
417.375	0.0345
417.5	0.0369
417.625	0.0408
417.75	0.0408
417.875	0.0408
418.0	0.0424
418.125	0.0432
418.25	0.0424
418.375	0.0455
418.5	0.0471
418.625	0.0518
418.75	0.0534
418.875	0.0566
419.0	0.0526
419.125	0.055
419.25	0.0558
419.375	0.0589
419.5	0.0652
419.625	0.0652
419.75	0.0731
419.875	0.0731
420.0	0.0731
420.125	0.0778
420.25	0.0809
420.375	0.0825
420.5	0.0856
420.625	0.0849
420.75	0.0919
420.875	0.0935
421.0	0.0966
421.125	0.0998
421.25	0.1061
421.375	0.1037
421.5	0.1069
421.625	0.1147
421.75	0.1179
421.875	0.1226
422.0	0.136
422.125	0.1367
422.25	0.1375
422.375	0.1415
422.5	0.1462
422.625	0.1548
422.75	0.1595
422.875	0.165
423.0	0.165
423.125	0.1713
423.25	0.1745
423.375	0.1768
423.5	0.1831
423.625	0.1973
423.75	0.2075
423.875	0.2154
424.0	0.2201
424.125	0.2256
424.25	0.2342
424.375	0.2437
424.5	0.2484
424.625	0.2547
424.75	0.2625
424.875	0.268
425.0	0.279
425.125	0.2885
425.25	0.2971
425.375	0.3113
425.5	0.3207
425.625	0.3301
425.75	0.3396
425.875	0.349
426.0	0.3561
426.125	0.3694
426.25	0.3812
426.375	0.393
426.5	0.4025
426.625	0.415
426.75	0.4276
426.875	0.4347
427.0	0.4441
427.125	0.4544
427.25	0.4661
427.375	0.4748
427.5	0.4921
427.625	0.5055
427.75	0.5172
427.875	0.5283
428.0	0.5369
428.125	0.5479
428.25	0.5605
428.375	0.5762
428.5	0.5841
428.625	0.5998
428.75	0.6108
428.875	0.6226
429.0	0.6305
429.125	0.6454
429.25	0.658
429.375	0.6713
429.5	0.6886
429.625	0.6981
429.75	0.7083
429.875	0.7201
430.0	0.7311
430.125	0.7437
430.25	0.757
430.375	0.7633
430.5	0.7783
430.625	0.79
430.75	0.7995
430.875	0.8105
431.0	0.8168
431.125	0.8286
431.25	0.8388
431.375	0.849
431.5	0.8584
431.625	0.8671
431.75	0.8789
431.875	0.8899
432.0	0.8954
432.125	0.9001
432.25	0.9103
432.375	0.9166
432.5	0.9245
432.625	0.9331
432.75	0.9418
432.875	0.9481
433.0	0.9496
433.125	0.9544
433.25	0.9575
433.375	0.9606
433.5	0.9716
433.625	0.9764
433.75	0.9779
433.875	0.9803
434.0	0.9819
434.125	0.9889
434.25	0.9921
434.375	0.9913
434.5	0.9968
434.625	0.9952
434.75	1.0015
434.875	1.0007
435.0	1.0
435.125	1.0023
435.25	1.0
435.375	1.0
435.5	0.9944
435.625	0.9929
435.75	0.9929
435.875	0.9905
436.0	0.985
436.125	0.9803
436.25	0.9803
436.375	0.974
436.5	0.9732
436.625	0.9654
436.75	0.963
436.875	0.9567
437.0	0.9512
437.125	0.9473
437.25	0.9481
437.375	0.9394
437.5	0.9308
437.625	0.9253
437.75	0.9182
437.875	0.9127
438.0	0.9072
438.125	0.9009
438.25	0.8915
438.375	0.8883
438.5	0.8797
438.625	0.8702
438.75	0.8671
438.875	0.8584
439.0	0.849
439.125	0.8404
439.25	0.8317
439.375	0.8246
439.5	0.816
439.625	0.8081
439.75	0.8018
439.875	0.7932
440.0	0.7853
440.125	0.7751
440.25	0.7633
440.375	0.757
440.5	0.75
440.625	0.7421
440.75	0.7334
440.875	0.7287
441.0	0.7216
441.125	0.7083
441.25	0.6996
441.375	0.6878
441.5	0.6808
441.625	0.6721
441.75	0.6619
441.875	0.6501
442.0	0.6328
442.125	0.6312
442.25	0.6187
442.375	0.6084
442.5	0.6029
442.625	0.5943
442.75	0.5841
442.875	0.5778
443.0	0.5723
443.125	0.5652
443.25	0.5534
443.375	0.5463
443.5	0.5385
443.625	0.5306
443.75	0.5251
443.875	0.5133
444.0	0.5094
444.125	0.5015
444.25	0.4984
444.375	0.4905
444.5	0.4827
444.625	0.4732
444.75	0.463
444.875	0.4599
445.0	0.452
445.125	0.4426
445.25	0.4316
445.375	0.4253
445.5	0.4229
445.625	0.4182
445.75	0.4143
445.875	0.4143
446.0	0.4072
446.125	0.4009
446.25	0.3954
446.375	0.3899
446.5	0.3812
446.625	0.3789
446.75	0.3702
446.875	0.3616
447.0	0.3592
447.125	0.3498
447.25	0.3482
447.375	0.3427
447.5	0.338
447.625	0.3341
447.75	0.3246
447.875	0.3191
448.0	0.3168
448.125	0.3121
448.25	0.3081
448.375	0.3034
448.5	0.2979
448.625	0.2924
448.75	0.2893
448.875	0.2845
449.0	0.2861
449.125	0.2814
449.25	0.2783
449.375	0.2735
449.5	0.2665
449.625	0.2641
449.75	0.2562
449.875	0.2586
450.0	0.2507
450.125	0.2468
450.25	0.2397
450.375	0.2358
450.5	0.2342
450.625	0.2287
450.75	0.2272
450.875	0.2224
451.0	0.2177
451.125	0.2185
451.25	0.2106
451.375	0.2106
451.5	0.2059
451.625	0.2051
451.75	0.1965
451.875	0.1949
452.0	0.1933
452.125	0.1886
452.25	0.1847
452.375	0.1831
452.5	0.1776
452.625	0.1792
452.75	0.18
452.875	0.1784
453.0	0.1729
453.125	0.1753
453.25	0.1753
453.375	0.1761
453.5	0.1682
453.625	0.1698
453.75	0.1666
453.875	0.1635
454.0	0.1603
454.125	0.1556
454.25	0.1533
454.375	0.1548
454.5	0.158
454.625	0.1517
454.75	0.1501
454.875	0.1493
455.0	0.1462
455.125	0.1438
455.25	0.1383
455.375	0.1415
455.5	0.1407
455.625	0.1383
455.75	0.1352
455.875	0.1328
456.0	0.1297
456.125	0.1312
456.25	0.1328
456.375	0.132
456.5	0.1328
456.625	0.1297
456.75	0.1265
456.875	0.1273
457.0	0.1257
457.125	0.1257
457.25	0.1234
457.375	0.1226
457.5	0.1218
457.625	0.1155
457.75	0.1187
457.875	0.1163
458.0	0.1147
458.125	0.1163
458.25	0.1179
458.375	0.1139
458.5	0.1124
458.625	0.1132
458.75	0.1171
458.875	0.1155
459.0	0.1147
459.125	0.1132
459.25	0.1069
459.375	0.1069
459.5	0.1069
459.625	0.1037
459.75	0.1014
459.875	0.1006
460.0	0.0982
460.125	0.1037
460.25	0.1029
460.375	0.0966
460.5	0.0951
460.625	0.0943
460.75	0.0959
460.875	0.0959
461.0	0.0943
461.125	0.0943
461.25	0.0943
461.375	0.0935
461.5	0.0911
461.625	0.0919
461.75	0.0927
461.875	0.088
462.0	0.0935
462.125	0.0896
462.25	0.088
462.375	0.0896
462.5	0.0896
462.625	0.088
462.75	0.0896
462.875	0.0927
463.0	0.0833
463.125	0.0864
463.25	0.0864
463.375	0.0849
463.5	0.0809
463.625	0.0762
463.75	0.0794
463.875	0.0794
464.0	0.0746
464.125	0.0746
464.25	0.0746
464.375	0.0762
464.5	0.0778
464.625	0.0778
464.75	0.0754
464.875	0.077
465.0	0.0731
465.125	0.0715
465.25	0.0723
465.375	0.0668
465.5	0.0683
465.625	0.0683
465.75	0.0707
465.875	0.0668
466.0	0.0707
466.125	0.0707
466.25	0.066
466.375	0.0691
466.5	0.0676
466.625	0.0652
466.75	0.0707
466.875	0.0668
467.0	0.066
467.125	0.066
467.25	0.0652
467.375	0.0636
467.5	0.0676
467.625	0.0652
467.75	0.0605
467.875	0.0589
468.0	0.0597
468.125	0.0621
468.25	0.0636
468.375	0.0605
468.5	0.0644
468.625	0.0613
468.75	0.0613
468.875	0.0605
469.0	0.0613
469.125	0.0566
469.25	0.0566
469.375	0.0597
469.5	0.055
469.625	0.0566
469.75	0.0566
469.875	0.0511
470.0	0.0518
470.125	0.0566
470.25	0.0518
470.375	0.0511
470.5	0.0526
470.625	0.0526
470.75	0.0518
470.875	0.0518
471.0	0.0534
471.125	0.0495
471.25	0.0495
471.375	0.0534
471.5	0.0542
471.625	0.0503
471.75	0.0526
471.875	0.0534
472.0	0.0542
472.125	0.0503
472.25	0.0518
472.375	0.055
472.5	0.0518
472.625	0.0518
472.75	0.0487
472.875	0.0518
473.0	0.0526
473.125	0.055
473.25	0.0471
473.375	0.0479
473.5	0.0518
473.625	0.0518
473.75	0.0518
473.875	0.055
474.0	0.0534
474.125	0.0495
474.25	0.0503
474.375	0.0495
474.5	0.0511
474.625	0.0503
474.75	0.0503
474.875	0.0503
475.0	0.0471
475.125	0.0471
475.25	0.0503
475.375	0.0495
475.5	0.0503
475.625	0.0542
475.75	0.0518
475.875	0.0518
476.0	0.0534
476.125	0.0566
476.25	0.0566
476.375	0.055
476.5	0.0518
476.625	0.0487
476.75	0.0518
476.875	0.0566
477.0	0.0526
477.125	0.0566
477.25	0.055
477.375	0.055
477.5	0.0566
477.625	0.0613
477.75	0.0613
477.875	0.0613
478.0	0.0636
478.125	0.0628
478.25	0.0605
478.375	0.0566
478.5	0.0534
478.625	0.055
478.75	0.055
478.875	0.0613
479.0	0.0613
479.125	0.0652
479.25	0.0636
479.375	0.0683
479.5	0.0652
479.625	0.0691
479.75	0.0676
479.875	0.0691
480.0	0.0707
480.125	0.0668
480.25	0.0683
480.375	0.0707
480.5	0.0683
480.625	0.066
480.75	0.0668
480.875	0.0707
481.0	0.0731
481.125	0.0723
481.25	0.0691
481.375	0.0683
481.5	0.0738
481.625	0.0746
481.75	0.0731
481.875	0.0683
482.0	0.066
482.125	0.0668
482.25	0.0676
482.375	0.0668
482.5	0.0746
482.625	0.0715
482.75	0.0754
482.875	0.077
483.0	0.0731
483.125	0.0809
483.25	0.0786
483.375	0.0778
483.5	0.0786
483.625	0.0801
483.75	0.0801
483.875	0.0809
484.0	0.0849
484.125	0.0817
484.25	0.0927
484.375	0.0919
484.5	0.0911
484.625	0.0927
484.75	0.0896
484.875	0.0974
485.0	0.1006
485.125	0.0943
485.25	0.0974
485.375	0.1029
485.5	0.0998
485.625	0.099
485.75	0.1045
485.875	0.1077
486.0	0.1061
486.125	0.1084
486.25	0.1092
486.375	0.1084
486.5	0.1053
486.625	0.11
486.75	0.1179
486.875	0.1171
487.0	0.1163
487.125	0.1202
487.25	0.1218
487.375	0.1226
487.5	0.1305
487.625	0.1312
487.75	0.1336
487.875	0.1305
488.0	0.1281
488.125	0.132
488.25	0.132
488.375	0.1344
488.5	0.1367
488.625	0.1422
488.75	0.1454
488.875	0.1454
489.0	0.1462
489.125	0.1501
489.25	0.1509
489.375	0.154
489.5	0.1517
489.625	0.1564
489.75	0.1572
489.875	0.1572
490.0	0.165
490.125	0.165
490.25	0.169
490.375	0.1737
490.5	0.1713
490.625	0.1792
490.75	0.18
490.875	0.1823
491.0	0.1831
491.125	0.1823
491.25	0.18
491.375	0.1894
491.5	0.1941
491.625	0.1988
491.75	0.2012
491.875	0.2044
492.0	0.2075
492.125	0.2106
492.25	0.2067
492.375	0.2169
492.5	0.2169
492.625	0.2185
492.75	0.2216
492.875	0.224
493.0	0.2287
493.125	0.2264
493.25	0.2248
493.375	0.2303
493.5	0.2295
493.625	0.2358
493.75	0.2382
493.875	0.2413
494.0	0.2476
494.125	0.2507
494.25	0.25
494.375	0.2523
494.5	0.2555
494.625	0.2562
494.75	0.2578
494.875	0.257
495.0	0.261
495.125	0.268
495.25	0.261
495.375	0.2617
495.5	0.2649
495.625	0.2665
495.75	0.2633
495.875	0.2649
496.0	0.2688
496.125	0.2767
496.25	0.283
496.375	0.283
496.5	0.2908
496.625	0.2908
496.75	0.2971
496.875	0.2979
497.0	0.2995
497.125	0.3011
497.25	0.2979
497.375	0.2995
497.5	0.3058
497.625	0.3081
497.75	0.3113
497.875	0.316
498.0	0.3231
498.125	0.3238
498.25	0.3254
498.375	0.3262
498.5	0.3317
498.625	0.3349
498.75	0.3372
498.875	0.3411
499.0	0.3404
499.125	0.3427
499.25	0.3435
499.375	0.3427
499.5	0.3404
499.625	0.3451
499.75	0.3482
499.875	0.3482
500.0	0.3553
500.125	0.3569
500.25	0.3561
500.375	0.3577
500.5	0.3663
500.625	0.3647
500.75	0.3655
500.875	0.3679
501.0	0.3671
501.125	0.3694
501.25	0.3679
501.375	0.3694
501.5	0.3757
501.625	0.3781
501.75	0.3789
501.875	0.3781
502.0	0.3836
502.125	0.382
502.25	0.3805
502.375	0.3797
502.5	0.3836
502.625	0.3836
502.75	0.3852
502.875	0.3883
503.0	0.3899
503.125	0.3946
503.25	0.3915
503.375	0.3915
503.5	0.3922
503.625	0.4017
503.75	0.4056
503.875	0.4056
504.0	0.4072
504.125	0.4095
504.25	0.4111
504.375	0.4111
504.5	0.4111
504.625	0.4174
504.75	0.4198
504.875	0.4221
505.0	0.4198
505.125	0.4205
505.25	0.4205
505.375	0.4213
505.5	0.4166
505.625	0.415
505.75	0.4135
505.875	0.419
506.0	0.4198
506.125	0.4229
506.25	0.415
506.375	0.4174
506.5	0.4158
506.625	0.4174
506.75	0.3223
506.875	0.0503
507.0	0.0165
507.125	0.0157
507.25	0.0102
507.375	0.0102
507.5	0.0102
507.625	0.0078
507.75	0.0062
507.875	0.007
508.0	0.007
508.125	0.0047
508.25	0.0047
508.375	0.0078
508.5	0.007
508.625	0.0023
508.75	0.0015
508.875	0.0031
509.0	0.0086
509.125	0.0062
509.25	0.0047
509.375	0.0055
509.5	0.0078
509.625	0.0047
509.75	0.0047
509.875	0.0047
510.0	0.0086
510.125	0.0047
510.25	0.0039
510.375	0.0023
510.5	0.0055
510.625	0.0039
510.75	7.0E-4
510.875	0.0015
511.0	0.0023
511.125	0.0023
511.25	0.0
511.375	0.0
511.5	0.0023
511.625	0.0023
511.75	0.0023
511.875	0.0039
512.0	0.0
512.125	0.0
512.25	0.0015
512.375	0.0086
512.5	0.007
512.625	0.0023
512.75	0.0047
512.875	0.007
513.0	0.0023
513.125	7.0E-4
513.25	0.0015
513.375	0.0023
513.5	7.0E-4
513.625	7.0E-4
513.75	0.0055
513.875	0.0
514.0	0.0
514.125	0.0015
514.25	7.0E-4
514.375	7.0E-4
514.5	0.0
514.625	0.0
514.75	0.0023
514.875	0.0031
515.0	0.0039
515.125	0.0078
515.25	0.0031
515.375	0.0047
515.5	0.0031
515.625	0.0015
515.75	0.0031
515.875	0.0039
516.0	0.0
516.125	0.0
516.25	0.0
516.375	0.0023
516.5	0.0078
516.625	0.0086
516.75	0.0047
516.875	0.0047
517.0	0.007
517.125	0.007
517.25	7.0E-4
517.375	0.0023
517.5	0.0015
517.625	0.0015
517.75	0.0
517.875	0.0
518.0	0.0015
518.125	0.0015
518.25	0.0
518.375	0.0039
518.5	0.0047
518.625	0.0055
518.75	0.0047
518.875	0.0047
519.0	0.0015
519.125	0.0031
519.25	0.0055
519.375	0.007
519.5	0.0086
519.625	0.007
519.75	0.0039
519.875	0.0062
520.0	0.0078
520.125	0.0094
520.25	0.0102
520.375	0.0094
520.5	0.007
520.625	0.0078
520.75	0.0078
520.875	0.0078
521.0	0.0047
521.125	0.007
521.25	0.0102
521.375	0.007
521.5	0.0062
521.625	0.0023
521.75	7.0E-4
521.875	0.0039
522.0	0.0078
522.125	0.0055
522.25	0.0047
522.375	0.0023
522.5	0.0039
522.625	0.0086
522.75	0.0125
522.875	0.0023
523.0	0.0062
523.125	0.0031
523.25	0.0023
523.375	0.0023
523.5	0.0
523.625	0.0015
523.75	0.011
523.875	0.0267
524.0	0.0275
524.125	0.0251
524.25	0.0062
524.375	0.0
524.5	0.0
524.625	0.0086
524.75	0.007
524.875	0.0055
525.0	0.0055
525.125	0.0015
525.25	0.0
525.375	0.0039
525.5	0.0062
525.625	7.0E-4
525.75	0.0628
525.875	0.0691
526.0	0.077
526.125	0.0801
526.25	0.0841
526.375	0.0888
526.5	0.0849
526.625	0.0911
526.75	0.0896
526.875	0.0856
527.0	0.0927
527.125	0.0927
527.25	0.1006
527.375	0.1014
527.5	0.1022
527.625	0.1061
527.75	0.1132
527.875	0.1179
528.0	0.121
528.125	0.1273
528.25	0.1344
528.375	0.1462
528.5	0.1533
528.625	0.1556
528.75	0.1525
528.875	0.1485
529.0	0.1438
529.125	0.1485
529.25	0.1509
529.375	0.1501
529.5	0.1462
529.625	0.143
529.75	0.1454
529.875	0.1462
530.0	0.143
530.125	0.1415
530.25	0.1344
530.375	0.1399
530.5	0.1375
530.625	0.1305
530.75	0.1336
530.875	0.132
531.0	0.136
531.125	0.136
531.25	0.1328
531.375	0.1367
531.5	0.1367
531.625	0.1367
531.75	0.1352
531.875	0.132
532.0	0.1375
532.125	0.1375
532.25	0.1399
532.375	0.1399
532.5	0.1391
532.625	0.1375
532.75	0.136
532.875	0.1367
533.0	0.1367
533.125	0.1407
533.25	0.1375
533.375	0.1352
533.5	0.132
533.625	0.1312
533.75	0.1273
533.875	0.1257
534.0	0.1226
534.125	0.1202
534.25	0.1171
534.375	0.1194
534.5	0.1171
534.625	0.121
534.75	0.121
534.875	0.1218
535.0	0.1226
535.125	0.1226
535.25	0.1218
535.375	0.1234
535.5	0.1202
535.625	0.1226
535.75	0.121
535.875	0.1077
536.0	0.1179
536.125	0.1187
536.25	0.1171
536.375	0.1155
536.5	0.1147
536.625	0.1124
536.75	0.1116
536.875	0.0959
537.0	0.0982
537.125	0.099
537.25	0.0966
537.375	0.0982
537.5	0.0966
537.625	0.0951
537.75	0.099
537.875	0.0998
538.0	0.0959
538.125	0.0943
538.25	0.0951
538.375	0.0943
538.5	0.0982
538.625	0.0943
538.75	0.0919
538.875	0.0943
539.0	0.0896
539.125	0.0896
539.25	0.0888
539.375	0.0896
539.5	0.0896
539.625	0.0864
539.75	0.0864
539.875	0.0888
540.0	0.0888
540.125	0.0864
540.25	0.0778
540.375	0.0841
540.5	0.0872
540.625	0.0856
540.75	0.0864
540.875	0.0841
541.0	0.0864
541.125	0.0849
541.25	0.0849
541.375	0.0849
541.5	0.0825
541.625	0.0794
541.75	0.0801
541.875	0.0794
542.0	0.0817
542.125	0.0817
542.25	0.0794
542.375	0.077
542.5	0.0754
542.625	0.0746
542.75	0.0762
542.875	0.0762
543.0	0.0754
543.125	0.0786
543.25	0.0746
543.375	0.0754
543.5	0.0738
543.625	0.0731
543.75	0.0723
543.875	0.0746
544.0	0.0746
544.125	0.0754
544.25	0.0746
544.375	0.0746
544.5	0.0746
544.625	0.0691
544.75	0.066
544.875	0.0707
545.0	0.0707
545.125	0.0676
545.25	0.0699
545.375	0.0691
545.5	0.0699
545.625	0.0676
545.75	0.066
545.875	0.066
546.0	0.066
546.125	0.066
546.25	0.0621
546.375	0.0621
546.5	0.0581
546.625	0.0613
546.75	0.0621
546.875	0.0628
547.0	0.0676
547.125	0.066
547.25	0.0652
547.375	0.0613
547.5	0.0605
547.625	0.0621
547.75	0.0621
547.875	0.0605
548.0	0.0589
548.125	0.0605
548.25	0.0581
548.375	0.0573
548.5	0.0581
548.625	0.0542
548.75	0.0566
548.875	0.0573
549.0	0.0566
549.125	0.0573
549.25	0.0581
549.375	0.0526
549.5	0.0518
549.625	0.0542
549.75	0.0526
549.875	0.0479
550.0	0.0511
550.125	0.0518
550.25	0.055
550.375	0.0518
550.5	0.0526
550.625	0.0518
550.75	0.0526
550.875	0.0511
551.0	0.0534
551.125	0.0503
551.25	0.0495
551.375	0.0463
551.5	0.0471
551.625	0.0487
551.75	0.0455
551.875	0.0471
552.0	0.0463
552.125	0.0479
552.25	0.0471
552.375	0.0479
552.5	0.0471
552.625	0.0463
552.75	0.0463
552.875	0.044
553.0	0.0471
553.125	0.0471
553.25	0.0471
553.375	0.0471
553.5	0.0479
553.625	0.0479
553.75	0.0479
553.875	0.0448
554.0	0.0416
554.125	0.0432
554.25	0.0424
554.375	0.0424
554.5	0.0408
554.625	0.0385
554.75	0.0385
554.875	0.0393
555.0	0.0385
555.125	0.04
555.25	0.0385
555.375	0.0377
555.5	0.0377
555.625	0.0424
555.75	0.0424
555.875	0.04
556.0	0.0345
556.125	0.0377
556.25	0.0377
556.375	0.0338
556.5	0.0345
556.625	0.0353
556.75	0.0377
556.875	0.0345
557.0	0.033
557.125	0.0306
557.25	0.0322
557.375	0.0361
557.5	0.0361
557.625	0.0361
557.75	0.0345
557.875	0.0369
558.0	0.0361
558.125	0.0377
558.25	0.0377
558.375	0.0377
558.5	0.0377
558.625	0.0377
558.75	0.0361
558.875	0.0369
559.0	0.033
559.125	0.033
559.25	0.033
559.375	0.0322
559.5	0.0314
559.625	0.029
559.75	0.0283
559.875	0.033
560.0	0.0345
560.125	0.0369
560.25	0.0377
560.375	0.0377
560.5	0.0275
560.625	0.0322
560.75	0.0338
560.875	0.033
561.0	0.0322
561.125	0.0322
561.25	0.033
561.375	0.0322
561.5	0.0306
561.625	0.0369
561.75	0.0377
561.875	0.0369
562.0	0.033
562.125	0.0283
562.25	0.0306
562.375	0.0306
562.5	0.0314
562.625	0.0322
562.75	0.029
562.875	0.0275
563.0	0.0298
563.125	0.0243
563.25	0.0251
563.375	0.0227
563.5	0.029
563.625	0.029
563.75	0.0243
563.875	0.0275
564.0	0.0283
564.125	0.0259
564.25	0.0259
564.375	0.0243
564.5	0.0306
564.625	0.0267
564.75	0.0275
564.875	0.0275
565.0	0.0267
565.125	0.029
565.25	0.0283
565.375	0.0251
565.5	0.0259
565.625	0.0283
565.75	0.0298
565.875	0.0251
566.0	0.0251
566.125	0.0251
566.25	0.0306
566.375	0.029
566.5	0.0283
566.625	0.0306
566.75	0.0267
566.875	0.0283
567.0	0.0227
567.125	0.0243
567.25	0.0235
567.375	0.0251
567.5	0.0259
567.625	0.0235
567.75	0.0243
567.875	0.0251
568.0	0.0267
568.125	0.0283
568.25	0.0259
568.375	0.0235
568.5	0.0267
568.625	0.0283
568.75	0.0275
568.875	0.0283
569.0	0.0283
569.125	0.0283
569.25	0.0259
569.375	0.029
569.5	0.0283
569.625	0.0275
569.75	0.0283
569.875	0.0298
570.0	0.0298
570.125	0.0306
570.25	0.0283
570.375	0.0314
570.5	0.029
570.625	0.0314
570.75	0.033
570.875	0.0322
571.0	0.0322
571.125	0.033
571.25	0.033
571.375	0.0283
571.5	0.029
571.625	0.0306
571.75	0.0283
571.875	0.0314
572.0	0.0353
572.125	0.0385
572.25	0.0377
572.375	0.0353
572.5	0.0361
572.625	0.0338
572.75	0.0377
572.875	0.0361
573.0	0.033
573.125	0.0306
573.25	0.033
573.375	0.0361
573.5	0.0338
573.625	0.0361
573.75	0.0377
573.875	0.0377
574.0	0.033
574.125	0.0361
574.25	0.0361
574.375	0.0369
574.5	0.04
574.625	0.04
574.75	0.0424
574.875	0.0424
575.0	0.0424
575.125	0.0424
575.25	0.0408
575.375	0.0432
575.5	0.0424
575.625	0.04
575.75	0.0385
575.875	0.04
576.0	0.0424
576.125	0.0424
576.25	0.0424
576.375	0.0463
576.5	0.0471
576.625	0.0503
576.75	0.0518
576.875	0.0487
577.0	0.0463
577.125	0.0463
577.25	0.0479
577.375	0.0503
577.5	0.0503
577.625	0.0503
577.75	0.0534
577.875	0.0558
578.0	0.0566
578.125	0.0566
578.25	0.0558
578.375	0.0558
578.5	0.0526
578.625	0.0534
578.75	0.0566
578.875	0.0566
579.0	0.055
579.125	0.0534
579.25	0.0558
579.375	0.0581
579.5	0.0581
579.625	0.055
579.75	0.055
579.875	0.0526
580.0	0.0589
580.125	0.0621
580.25	0.0628
580.375	0.0613
580.5	0.066
580.625	0.066
580.75	0.0668
580.875	0.0707
581.0	0.0723
581.125	0.0707
581.25	0.0707
581.375	0.0707
581.5	0.0731
581.625	0.0707
581.75	0.0723
581.875	0.0754
582.0	0.0794
582.125	0.0794
582.25	0.0809
582.375	0.0809
582.5	0.0801
582.625	0.0817
582.75	0.0809
582.875	0.0841
583.0	0.0817
583.125	0.0825
583.25	0.0849
583.375	0.0849
583.5	0.0825
583.625	0.0856
583.75	0.0888
583.875	0.0904
584.0	0.0864
584.125	0.0856
584.25	0.0888
584.375	0.0904
584.5	0.0927
584.625	0.0959
584.75	0.1014
584.875	0.0998
585.0	0.1045
585.125	0.1053
585.25	0.1069
585.375	0.11
585.5	0.1163
585.625	0.1139
585.75	0.1155
585.875	0.1163
586.0	0.1163
586.125	0.1187
586.25	0.1226
586.375	0.1273
586.5	0.1312
586.625	0.1328
586.75	0.1367
586.875	0.1375
587.0	0.1383
587.125	0.1391
587.25	0.1336
587.375	0.1352
587.5	0.1415
587.625	0.1438
587.75	0.1454
587.875	0.1407
588.0	0.1415
588.125	0.147
588.25	0.1485
588.375	0.1509
588.5	0.1548
588.625	0.154
588.75	0.1556
588.875	0.1564
589.0	0.1603
589.125	0.1643
589.25	0.1698
589.375	0.1705
589.5	0.1721
589.625	0.1761
589.75	0.1737
589.875	0.1776
590.0	0.1776
590.125	0.1792
590.25	0.1761
590.375	0.1808
590.5	0.1863
590.625	0.1886
590.75	0.1933
590.875	0.1926
591.0	0.1981
591.125	0.1981
591.25	0.1981
591.375	0.1933
591.5	0.1933
591.625	0.1957
591.75	0.1996
591.875	0.2004
592.0	0.1996
592.125	0.2059
592.25	0.2099
592.375	0.2091
592.5	0.2083
592.625	0.2099
592.75	0.213
592.875	0.2169
593.0	0.2146
593.125	0.2154
593.25	0.2177
593.375	0.2193
593.5	0.2264
593.625	0.2264
593.75	0.2287
593.875	0.2279
594.0	0.2264
594.125	0.2264
594.25	0.2264
594.375	0.2303
594.5	0.2287
594.625	0.2287
594.75	0.2334
594.875	0.2405
595.0	0.2374
595.125	0.2397
595.25	0.2437
595.375	0.2429
595.5	0.2429
595.625	0.2444
595.75	0.2437
595.875	0.2444
596.0	0.2429
596.125	0.2444
596.25	0.2484
596.375	0.2476
596.5	0.2515
596.625	0.2507
596.75	0.2468
596.875	0.2484
597.0	0.2437
597.125	0.2444
597.25	0.2452
597.375	0.2492
597.5	0.25
597.625	0.2484
597.75	0.2484
597.875	0.2413
598.0	0.2444
598.125	0.2452
598.25	0.2476
598.375	0.2468
598.5	0.246
598.625	0.2468
598.75	0.2437
598.875	0.2492
599.0	0.2492
599.125	0.2531
599.25	0.2515
599.375	0.2484
599.5	0.25
599.625	0.2444
599.75	0.2429
599.875	0.2429
600.0	0.2429
600.125	0.2429
600.25	0.2429
600.375	0.2452
600.5	0.2452
600.625	0.2468
600.75	0.2429
600.875	0.2421
601.0	0.2374
601.125	0.2405
601.25	0.2382
601.375	0.2382
601.5	0.2382
601.625	0.2366
601.75	0.2405
601.875	0.2374
602.0	0.2397
602.125	0.2366
602.25	0.2358
602.375	0.2311
602.5	0.235
602.625	0.2342
602.75	0.2311
602.875	0.2311
603.0	0.2334
603.125	0.2327
603.25	0.2256
603.375	0.2256
603.5	0.2256
603.625	0.2224
603.75	0.2216
603.875	0.2185
604.0	0.2185
604.125	0.2177
604.25	0.2216
604.375	0.2169
604.5	0.2169
604.625	0.2146
604.75	0.2138
604.875	0.2114
605.0	0.2169
605.125	0.2091
605.25	0.2099
605.375	0.2099
605.5	0.2075
605.625	0.2114
605.75	0.2083
605.875	0.2083
606.0	0.2067
606.125	0.202
606.25	0.2036
606.375	0.202
606.5	0.2028
606.625	0.2004
606.75	0.1973
606.875	0.2012
607.0	0.1988
607.125	0.1933
607.25	0.1902
607.375	0.1878
607.5	0.1871
607.625	0.1871
607.75	0.1847
607.875	0.1847
608.0	0.1839
608.125	0.1839
608.25	0.1816
608.375	0.1808
608.5	0.1792
608.625	0.1808
608.75	0.1792
608.875	0.1768
609.0	0.1729
609.125	0.1745
609.25	0.1745
609.375	0.1705
609.5	0.169
609.625	0.1698
609.75	0.165
609.875	0.165
610.0	0.1611
610.125	0.1611
610.25	0.1603
610.375	0.1603
610.5	0.1564
610.625	0.1548
610.75	0.1548
610.875	0.1517
611.0	0.1509
611.125	0.1509
611.25	0.1501
611.375	0.1501
611.5	0.1422
611.625	0.1462
611.75	0.1477
611.875	0.1438
612.0	0.1485
612.125	0.143
612.25	0.1399
612.375	0.1375
612.5	0.1383
612.625	0.1367
612.75	0.1367
612.875	0.1344
613.0	0.132
613.125	0.1328
613.25	0.1336
613.375	0.132
613.5	0.1336
613.625	0.132
613.75	0.1305
613.875	0.1265
614.0	0.1265
614.125	0.1297
614.25	0.1305
614.375	0.1234
614.5	0.1226
614.625	0.125
614.75	0.1242
614.875	0.1194
615.0	0.1187
615.125	0.1124
615.25	0.1124
615.375	0.1139
615.5	0.11
615.625	0.1069
615.75	0.1077
615.875	0.1045
616.0	0.1022
616.125	0.1037
616.25	0.099
616.375	0.0959
616.5	0.0951
616.625	0.0982
616.75	0.0927
616.875	0.0959
617.0	0.0951
617.125	0.0935
617.25	0.0896
617.375	0.0872
617.5	0.0849
617.625	0.0872
617.75	0.0888
617.875	0.0841
618.0	0.0872
618.125	0.0864
618.25	0.0896
618.375	0.0833
618.5	0.0825
618.625	0.0849
618.75	0.0864
618.875	0.0849
619.0	0.0856
619.125	0.0833
619.25	0.0786
619.375	0.0809
619.5	0.0809
619.625	0.0794
619.75	0.0794
619.875	0.0809
620.0	0.0801
620.125	0.0778
620.25	0.0754
620.375	0.0754
620.5	0.0738
620.625	0.0731
620.75	0.0723
620.875	0.0746
621.0	0.0699
621.125	0.0683
621.25	0.066
621.375	0.0683
621.5	0.0683
621.625	0.0668
621.75	0.0652
621.875	0.0699
622.0	0.0699
622.125	0.0676
622.25	0.0652
622.375	0.066
622.5	0.0652
622.625	0.0636
622.75	0.0636
622.875	0.0644
623.0	0.0597
623.125	0.0581
623.25	0.0566
623.375	0.0589
623.5	0.0566
623.625	0.0613
623.75	0.0566
623.875	0.0566
624.0	0.0566
624.125	0.0534
624.25	0.0518
624.375	0.0518
624.5	0.0573
624.625	0.0558
624.75	0.0566
624.875	0.0573
625.0	0.0573
625.125	0.0526
625.25	0.0542
625.375	0.0518
625.5	0.0518
625.625	0.0526
625.75	0.0518
625.875	0.0503
626.0	0.0463
626.125	0.0471
626.25	0.0471
626.375	0.0518
626.5	0.0479
626.625	0.0495
626.75	0.0511
626.875	0.0495
627.0	0.044
627.125	0.0424
627.25	0.0448
627.375	0.0463
627.5	0.044
627.625	0.0471
627.75	0.0455
627.875	0.0471
628.0	0.0471
628.125	0.0463
628.25	0.0432
628.375	0.0424
628.5	0.0455
628.625	0.0503
628.75	0.0487
628.875	0.0448
629.0	0.0385
629.125	0.04
629.25	0.0424
629.375	0.0408
629.5	0.0463
629.625	0.0432
629.75	0.0471
629.875	0.0471
630.0	0.0416
630.125	0.0393
630.25	0.0361
630.375	0.0322
630.5	0.0338
630.625	0.033
630.75	0.0338
630.875	0.0314
631.0	0.033
631.125	0.033
631.25	0.029
631.375	0.0314
631.5	0.0322
631.625	0.04
631.75	0.0424
631.875	0.0424
632.0	0.0416
632.125	0.0393
632.25	0.0369
632.375	0.0377
632.5	0.0361
632.625	0.0306
632.75	0.0377
632.875	0.0369
633.0	0.0306
633.125	0.029
633.25	0.0283
633.375	0.0306
633.5	0.0377
633.625	0.0338
633.75	0.0314
633.875	0.033
634.0	0.0338
634.125	0.033
634.25	0.0227
634.375	0.0212
634.5	0.0204
634.625	0.0243
634.75	0.0235
634.875	0.0259
635.0	0.033
635.125	0.0322
635.25	0.033
635.375	0.0306
635.5	0.0306
635.625	0.0353
635.75	0.0298
635.875	0.0267
636.0	0.0243
636.125	0.029
636.25	0.029
636.375	0.0283
636.5	0.0306
636.625	0.0322
636.75	0.0298
636.875	0.0306
637.0	0.0314
637.125	0.0298
637.25	0.033
637.375	0.033
637.5	0.033
637.625	0.0314
637.75	0.0314
637.875	0.0283
638.0	0.0298
638.125	0.0322
638.25	0.033
638.375	0.0345
638.5	0.0322
638.625	0.0314
638.75	0.0283
638.875	0.0353
639.0	0.0369
639.125	0.0353
639.25	0.0369
639.375	0.033
639.5	0.033
639.625	0.0314
639.75	0.0345
639.875	0.0314
640.0	0.0322
640.125	0.0306
640.25	0.0283
640.375	0.0306
640.5	0.0314
640.625	0.0314
640.75	0.0283
640.875	0.0275
641.0	0.0275
641.125	0.0298
641.25	0.0314
641.375	0.029
641.5	0.0275
641.625	0.0235
641.75	0.0283
641.875	0.0259
642.0	0.0267
642.125	0.0283
642.25	0.0212
642.375	0.0259
642.5	0.0283
642.625	0.0235
642.75	0.0235
642.875	0.0275
643.0	0.0283
643.125	0.0243
643.25	0.0251
643.375	0.0259
643.5	0.0283
643.625	0.0267
643.75	0.0243
643.875	0.0259
644.0	0.0267
644.125	0.0235
644.25	0.0235
644.375	0.0196
644.5	0.0188
644.625	0.0212
644.75	0.0196
644.875	0.0172
645.0	0.0165
645.125	0.0188
645.25	0.022
645.375	0.0235
645.5	0.022
645.625	0.0251
645.75	0.0204
645.875	0.0227
646.0	0.0235
646.125	0.0283
646.25	0.0267
646.375	0.0275
646.5	0.0306
646.625	0.0322
646.75	0.0314
646.875	0.0283
647.0	0.0298
647.125	0.0314
647.25	0.029
647.375	0.0283
647.5	0.0275
647.625	0.0322
647.75	0.033
647.875	0.0298
648.0	0.0306
648.125	0.029
648.25	0.0314
648.375	0.0259
648.5	0.0251
648.625	0.0235
648.75	0.0212
648.875	0.0204
649.0	0.0188
649.125	0.0188
649.25	0.0204
649.375	0.018
649.5	0.0196
649.625	0.0235
649.75	0.0196
649.875	0.0188
650.0	0.0204
650.125	0.018
650.25	0.0172
650.375	0.0235
650.5	0.0259
650.625	0.0204
650.75	0.022
650.875	0.0227
651.0	0.0212
651.125	0.0243
651.25	0.0235
651.375	0.0251
651.5	0.0243
651.625	0.0235
651.75	0.0235
651.875	0.0212
652.0	0.0227
652.125	0.0204
652.25	0.0188
652.375	0.0188
652.5	0.0235
652.625	0.0243
652.75	0.0275
652.875	0.0267
653.0	0.0267
653.125	0.0259
653.25	0.0259
653.375	0.0243
653.5	0.0243
653.625	0.0259
653.75	0.0235
653.875	0.0212
654.0	0.0243
654.125	0.0243
654.25	0.0275
654.375	0.0259
654.5	0.029
654.625	0.029
654.75	0.029
654.875	0.0267
655.0	0.0283
655.125	0.0259
655.25	0.0275
655.375	0.0259
655.5	0.029
655.625	0.0283
655.75	0.0322
655.875	0.0283
656.0	0.0283
656.125	0.0283
656.25	0.0306
656.375	0.033
656.5	0.0338
656.625	0.0306
656.75	0.0338
656.875	0.0314
657.0	0.0314
657.125	0.0283
657.25	0.0283
657.375	0.0283
657.5	0.0267
657.625	0.0283
657.75	0.0314
657.875	0.029
658.0	0.033
658.125	0.0298
658.25	0.029
658.375	0.033
658.5	0.0338
658.625	0.033
658.75	0.0338
658.875	0.0345
659.0	0.033
659.125	0.0338
659.25	0.0298
659.375	0.0322
659.5	0.0338
659.625	0.0322
659.75	0.029
659.875	0.0314
660.0	0.0322
660.125	0.0298
660.25	0.029
660.375	0.0283
660.5	0.0251
660.625	0.0267
660.75	0.0275
660.875	0.029
661.0	0.0283
661.125	0.0314
661.25	0.029
661.375	0.0306
661.5	0.033
661.625	0.0306
661.75	0.033
661.875	0.0345
662.0	0.0345
662.125	0.0345
662.25	0.033
662.375	0.0361
662.5	0.033
662.625	0.0283
662.75	0.0283
662.875	0.0259
663.0	0.0283
663.125	0.0298
663.25	0.029
663.375	0.0283
663.5	0.0267
663.625	0.0275
663.75	0.0298
663.875	0.029
664.0	0.0283
664.125	0.0275
664.25	0.0283
664.375	0.0283
664.5	0.0306
664.625	0.0283
664.75	0.0283
664.875	0.0298
665.0	0.0283
665.125	0.0283
665.25	0.0251
665.375	0.0267
665.5	0.0251
665.625	0.0283
665.75	0.0283
665.875	0.0283
666.0	0.029
666.125	0.0283
666.25	0.0283
666.375	0.0298
666.5	0.0259
666.625	0.0283
666.75	0.0243
666.875	0.0235
667.0	0.0243
667.125	0.0243
667.25	0.0259
667.375	0.0251
667.5	0.0235
667.625	0.0275
667.75	0.0251
667.875	0.0243
668.0	0.0267
668.125	0.0298
668.25	0.0283
668.375	0.0283
668.5	0.029
668.625	0.0283
668.75	0.029
668.875	0.0283
669.0	0.0283
669.125	0.0283
669.25	0.0259
669.375	0.0259
669.5	0.029
669.625	0.029
669.75	0.0298
669.875	0.029
670.0	0.0306
670.125	0.0314
670.25	0.0314
670.375	0.0298
670.5	0.029
670.625	0.033
670.75	0.0283
670.875	0.0283
671.0	0.0259
671.125	0.0243
671.25	0.0259
671.375	0.0251
671.5	0.0283
671.625	0.029
671.75	0.029
671.875	0.0275
672.0	0.0235
672.125	0.0227
672.25	0.0235
672.375	0.0251
672.5	0.0259
672.625	0.0267
672.75	0.0275
672.875	0.0259
673.0	0.0275
673.125	0.022
673.25	0.0267
673.375	0.0267
673.5	0.0259
673.625	0.0275
673.75	0.029
673.875	0.0283
674.0	0.0283
674.125	0.0243
674.25	0.0267
674.375	0.029
674.5	0.0306
674.625	0.0275
674.75	0.0227
674.875	0.0227
675.0	0.0243
675.125	0.0243
675.25	0.0251
675.375	0.0235
675.5	0.0227
675.625	0.0243
675.75	0.022
675.875	0.0235
676.0	0.0235
676.125	0.0227
676.25	0.0212
676.375	0.0196
676.5	0.0212
676.625	0.0275
676.75	0.0227
676.875	0.0235
677.0	0.0227
677.125	0.0235
677.25	0.0259
677.375	0.0212
677.5	0.0235
677.625	0.0204
677.75	0.018
677.875	0.0212
678.0	0.0267
678.125	0.0283
678.25	0.0283
678.375	0.0251
678.5	0.0235
678.625	0.0283
678.75	0.0251
678.875	0.0267
679.0	0.0267
679.125	0.0283
679.25	0.0243
679.375	0.0227
679.5	0.0235
679.625	0.0235
679.75	0.0259
679.875	0.0275
680.0	0.0267
680.125	0.0251
680.25	0.0235
680.375	0.0235
680.5	0.0243
680.625	0.0235
680.75	0.022
680.875	0.0212
681.0	0.0235
681.125	0.0259
681.25	0.0251
681.375	0.0235
681.5	0.0212
681.625	0.0243
681.75	0.0235
681.875	0.0267
682.0	0.0212
682.125	0.0188
682.25	0.0235
682.375	0.0259
682.5	0.0235
682.625	0.0243
682.75	0.022
682.875	0.0243
683.0	0.0275
683.125	0.0243
683.25	0.0235
683.375	0.0235
683.5	0.0212
683.625	0.0267
683.75	0.0259
683.875	0.0259
684.0	0.0212
684.125	0.0251
684.25	0.0251
684.375	0.0235
684.5	0.0227
684.625	0.0267
684.75	0.022
684.875	0.0235
685.0	0.0227
685.125	0.0235
685.25	0.0235
685.375	0.0243
685.5	0.0235
685.625	0.0204
685.75	0.0188
685.875	0.0243
686.0	0.0204
686.125	0.022
686.25	0.0235
686.375	0.0235
686.5	0.0227
686.625	0.0243
686.75	0.0227
686.875	0.0235
687.0	0.0243
687.125	0.0283
687.25	0.0251
687.375	0.0251
687.5	0.0227
687.625	0.0251
687.75	0.0227
687.875	0.0204
688.0	0.0204
688.125	0.0251
688.25	0.0251
688.375	0.0259
688.5	0.0235
688.625	0.022
688.75	0.022
688.875	0.0204
689.0	0.0204
689.125	0.0196
689.25	0.022
689.375	0.0235
689.5	0.0227
689.625	0.0227
689.75	0.0188
689.875	0.0204
690.0	0.0227
690.125	0.022
690.25	0.018
690.375	0.0227
690.5	0.0235
690.625	0.0227
690.75	0.0235
690.875	0.022
691.0	0.0235
691.125	0.0259
691.25	0.0227
691.375	0.0212
691.5	0.0196
691.625	0.0188
691.75	0.0188
691.875	0.018
692.0	0.0188
692.125	0.0188
692.25	0.0149
692.375	0.0165
692.5	0.018
692.625	0.0204
692.75	0.0188
692.875	0.0204
693.0	0.0172
693.125	0.0227
693.25	0.018
693.375	0.018
693.5	0.0204
693.625	0.022
693.75	0.0196
693.875	0.0204
694.0	0.0212
694.125	0.0172
694.25	0.0188
694.375	0.0165
694.5	0.018
694.625	0.0204
694.75	0.0204
694.875	0.0235
695.0	0.0235
695.125	0.0235
695.25	0.0196
695.375	0.0172
695.5	0.0149
695.625	0.018
695.75	0.0165
695.875	0.0157
696.0	0.0165
696.125	0.0141
696.25	0.0149
696.375	0.0149
696.5	0.0133
696.625	0.0125
696.75	0.0125
696.875	0.0141
697.0	0.0165
697.125	0.0133
697.25	0.0157
697.375	0.0149
697.5	0.0212
697.625	0.018
697.75	0.0196
697.875	0.0204
698.0	0.0188
698.125	0.0227
698.25	0.0204
698.375	0.0227
698.5	0.0204
698.625	0.0204
698.75	0.0235
698.875	0.022
699.0	0.0196
699.125	0.0196
699.25	0.0212
699.375	0.0204
699.5	0.0204
699.625	0.022
699.75	0.0212
699.875	0.0204
