350.0	0.0188
350.125	0.0172
350.25	0.0212
350.375	0.029
350.5	0.0196
350.625	0.0196
350.75	0.022
350.875	0.0251
351.0	0.0314
351.125	0.029
351.25	0.0267
351.375	0.0259
351.5	0.0267
351.625	0.0259
351.75	0.0251
351.875	0.0283
352.0	0.0235
352.125	0.029
352.25	0.0283
352.375	0.022
352.5	0.0235
352.625	0.0235
352.75	0.0298
352.875	0.0298
353.0	0.0259
353.125	0.0322
353.25	0.0306
353.375	0.0259
353.5	0.033
353.625	0.0322
353.75	0.0353
353.875	0.0314
354.0	0.033
354.125	0.0377
354.25	0.0377
354.375	0.0377
354.5	0.0393
354.625	0.0432
354.75	0.0393
354.875	0.0377
355.0	0.0345
355.125	0.0353
355.25	0.0377
355.375	0.0353
355.5	0.0385
355.625	0.0369
355.75	0.0322
355.875	0.0267
356.0	0.0275
356.125	0.0251
356.25	0.0314
356.375	0.0314
356.5	0.033
356.625	0.029
356.75	0.0385
356.875	0.0385
357.0	0.0361
357.125	0.0314
357.25	0.0369
357.375	0.033
357.5	0.0306
357.625	0.0369
357.75	0.0314
357.875	0.0298
358.0	0.0353
358.125	0.0259
358.25	0.0259
358.375	0.0251
358.5	0.0306
358.625	0.0306
358.75	0.0251
358.875	0.0267
359.0	0.029
359.125	0.0275
359.25	0.0243
359.375	0.0283
359.5	0.0338
359.625	0.0353
359.75	0.029
359.875	0.0322
360.0	0.0298
360.125	0.0267
360.25	0.0283
360.375	0.0275
360.5	0.0283
360.625	0.0283
360.75	0.0338
360.875	0.0353
361.0	0.0345
361.125	0.0306
361.25	0.0338
361.375	0.033
361.5	0.0259
361.625	0.0251
361.75	0.0259
361.875	0.0235
362.0	0.0235
362.125	0.0212
362.25	0.022
362.375	0.0204
362.5	0.0196
362.625	0.0188
362.75	0.0227
362.875	0.0227
363.0	0.0235
363.125	0.0227
363.25	0.0243
363.375	0.0275
363.5	0.0338
363.625	0.0322
363.75	0.0306
363.875	0.0322
364.0	0.0275
364.125	0.0314
364.25	0.0298
364.375	0.0267
364.5	0.0267
364.625	0.0235
364.75	0.0227
364.875	0.0251
365.0	0.033
365.125	0.0275
365.25	0.0267
365.375	0.0251
365.5	0.0267
365.625	0.0298
365.75	0.0204
365.875	0.0306
366.0	0.0298
366.125	0.0259
366.25	0.0275
366.375	0.0196
366.5	0.0283
366.625	0.0306
366.75	0.029
366.875	0.0314
367.0	0.0393
367.125	0.0298
367.25	0.0298
367.375	0.0377
367.5	0.0353
367.625	0.0322
367.75	0.033
367.875	0.0283
368.0	0.0338
368.125	0.0345
368.25	0.0322
368.375	0.0235
368.5	0.0235
368.625	0.0204
368.75	0.0235
368.875	0.0243
369.0	0.0235
369.125	0.0251
369.25	0.0235
369.375	0.0251
369.5	0.0267
369.625	0.0338
369.75	0.0298
369.875	0.0298
370.0	0.0298
370.125	0.0243
370.25	0.0353
370.375	0.0275
370.5	0.029
370.625	0.033
370.75	0.0353
370.875	0.0322
371.0	0.0283
371.125	0.0235
371.25	0.0314
371.375	0.0267
371.5	0.022
371.625	0.0227
371.75	0.0235
371.875	0.0212
372.0	0.0259
372.125	0.022
372.25	0.0275
372.375	0.0298
372.5	0.0267
372.625	0.0235
372.75	0.022
372.875	0.0227
373.0	0.0306
373.125	0.0251
373.25	0.0196
373.375	0.0141
373.5	0.011
373.625	0.0172
373.75	0.0157
373.875	0.0172
374.0	0.0212
374.125	0.0204
374.25	0.022
374.375	0.0235
374.5	0.0243
374.625	0.0251
374.75	0.0157
374.875	0.0275
375.0	0.0275
375.125	0.0188
375.25	0.0227
375.375	0.0227
375.5	0.0188
375.625	0.0078
375.75	0.0157
375.875	0.0227
376.0	0.022
376.125	0.0283
376.25	0.0235
376.375	0.0235
376.5	0.0227
376.625	0.0275
376.75	0.0267
376.875	0.0345
377.0	0.0353
377.125	0.0235
377.25	0.0267
377.375	0.0322
377.5	0.0306
377.625	0.0314
377.75	0.0298
377.875	0.0235
378.0	0.0251
378.125	0.0283
378.25	0.029
378.375	0.022
378.5	0.0251
378.625	0.0235
378.75	0.029
378.875	0.0235
379.0	0.0259
379.125	0.0243
379.25	0.0259
379.375	0.0259
379.5	0.0283
379.625	0.0377
379.75	0.0345
379.875	0.022
380.0	0.0204
380.125	0.0259
380.25	0.0251
380.375	0.0267
380.5	0.0267
380.625	0.0283
380.75	0.0314
380.875	0.033
381.0	0.029
381.125	0.033
381.25	0.0275
381.375	0.0283
381.5	0.0259
381.625	0.0235
381.75	0.0275
381.875	0.0275
382.0	0.0338
382.125	0.0361
382.25	0.0275
382.375	0.0259
382.5	0.0298
382.625	0.033
382.75	0.0298
382.875	0.033
383.0	0.0251
383.125	0.0251
383.25	0.0283
383.375	0.0306
383.5	0.0314
383.625	0.0283
383.75	0.0314
383.875	0.029
384.0	0.0283
384.125	0.0275
384.25	0.0251
384.375	0.0298
384.5	0.0306
384.625	0.0283
384.75	0.0251
384.875	0.0353
385.0	0.033
385.125	0.0306
385.25	0.0275
385.375	0.0322
385.5	0.0275
385.625	0.0243
385.75	0.0259
385.875	0.0283
386.0	0.0251
386.125	0.0275
386.25	0.0306
386.375	0.0298
386.5	0.0196
386.625	0.0212
386.75	0.0235
386.875	0.0251
387.0	0.0204
387.125	0.0204
387.25	0.0212
387.375	0.0235
387.5	0.0259
387.625	0.022
387.75	0.0283
387.875	0.0267
388.0	0.0267
388.125	0.018
388.25	0.0212
388.375	0.0212
388.5	0.0188
388.625	0.0204
388.75	0.0243
388.875	0.0227
389.0	0.0235
389.125	0.0196
389.25	0.0188
389.375	0.0172
389.5	0.0196
389.625	0.0188
389.75	0.0243
389.875	0.0283
390.0	0.0275
390.125	0.0338
390.25	0.0267
390.375	0.0314
390.5	0.0322
390.625	0.0298
390.75	0.0275
390.875	0.0275
391.0	0.0298
391.125	0.0267
391.25	0.0306
391.375	0.029
391.5	0.029
391.625	0.0283
391.75	0.0275
391.875	0.0314
392.0	0.0306
392.125	0.0322
392.25	0.0267
392.375	0.0267
392.5	0.0267
392.625	0.0283
392.75	0.0235
392.875	0.0275
393.0	0.0298
393.125	0.0283
393.25	0.0283
393.375	0.029
393.5	0.0298
393.625	0.0267
393.75	0.0251
393.875	0.0227
394.0	0.022
394.125	0.0196
394.25	0.0235
394.375	0.0212
394.5	0.0283
394.625	0.0227
394.75	0.0267
394.875	0.0275
395.0	0.0267
395.125	0.0275
395.25	0.0251
395.375	0.0259
395.5	0.0259
395.625	0.0267
395.75	0.0275
395.875	0.0306
396.0	0.0251
396.125	0.0314
396.25	0.0361
396.375	0.0377
396.5	0.0448
396.625	0.0353
396.75	0.0377
396.875	0.04
397.0	0.044
397.125	0.0385
397.25	0.0338
397.375	0.0322
397.5	0.0338
397.625	0.0361
397.75	0.0306
397.875	0.0408
398.0	0.04
398.125	0.0448
398.25	0.0416
398.375	0.0448
398.5	0.0526
398.625	0.0542
398.75	0.0338
398.875	0.0306
399.0	0.033
399.125	0.0338
399.25	0.033
399.375	0.0338
399.5	0.0283
399.625	0.0283
399.75	0.0338
399.875	0.0338
400.0	0.0283
400.125	0.0471
400.25	0.0393
400.375	0.0416
400.5	0.0361
400.625	0.0385
400.75	0.0377
400.875	0.0385
401.0	0.0393
401.125	0.0432
401.25	0.0408
401.375	0.0353
401.5	0.0361
401.625	0.0377
401.75	0.0424
401.875	0.04
402.0	0.0377
402.125	0.04
402.25	0.0393
402.375	0.0377
402.5	0.04
402.625	0.0393
402.75	0.0393
402.875	0.0353
403.0	0.0416
403.125	0.0393
403.25	0.033
403.375	0.0377
403.5	0.0353
403.625	0.0455
403.75	0.0448
403.875	0.0495
404.0	0.0455
404.125	0.0432
404.25	0.0471
404.375	0.0385
404.5	0.0424
404.625	0.0424
404.75	0.0455
404.875	0.0377
405.0	0.0416
405.125	0.0385
405.25	0.0361
405.375	0.0385
405.5	0.0432
405.625	0.0487
405.75	0.0471
405.875	0.0471
406.0	0.044
406.125	0.0534
406.25	0.066
406.375	0.0636
406.5	0.0644
406.625	0.077
406.75	0.0707
406.875	0.0542
407.0	0.0542
407.125	0.055
407.25	0.0518
407.375	0.0487
407.5	0.0518
407.625	0.0566
407.75	0.0558
407.875	0.0566
408.0	0.0605
408.125	0.066
408.25	0.0676
408.375	0.0715
408.5	0.0589
408.625	0.0636
408.75	0.0636
408.875	0.0613
409.0	0.0605
409.125	0.0628
409.25	0.0636
409.375	0.0644
409.5	0.0668
409.625	0.0676
409.75	0.0707
409.875	0.0707
410.0	0.0707
410.125	0.0754
410.25	0.0754
410.375	0.0754
410.5	0.0762
410.625	0.0794
410.75	0.0801
410.875	0.0825
411.0	0.0841
411.125	0.0825
411.25	0.088
411.375	0.0919
411.5	0.0904
411.625	0.0959
411.75	0.0935
411.875	0.0904
412.0	0.0927
412.125	0.0982
412.25	0.0982
412.375	0.1045
412.5	0.1037
412.625	0.1061
412.75	0.1108
412.875	0.1171
413.0	0.1179
413.125	0.1163
413.25	0.1155
413.375	0.1218
413.5	0.1234
413.625	0.1305
413.75	0.1297
413.875	0.1336
414.0	0.1383
414.125	0.1383
414.25	0.1438
414.375	0.1454
414.5	0.1493
414.625	0.1509
414.75	0.1509
414.875	0.154
415.0	0.1603
415.125	0.1619
415.25	0.1643
415.375	0.1682
415.5	0.1698
415.625	0.1823
415.75	0.1871
415.875	0.1918
416.0	0.1816
416.125	0.1847
416.25	0.1878
416.375	0.1926
416.5	0.2028
416.625	0.202
416.75	0.2036
416.875	0.2067
417.0	0.2075
417.125	0.2114
417.25	0.2146
417.375	0.2193
417.5	0.2256
417.625	0.2279
417.75	0.2295
417.875	0.2311
418.0	0.2405
418.125	0.2452
418.25	0.2468
418.375	0.2547
418.5	0.2625
418.625	0.2625
418.75	0.2688
418.875	0.2751
419.0	0.2838
419.125	0.2869
419.25	0.2924
419.375	0.3003
419.5	0.3066
419.625	0.3128
419.75	0.3176
419.875	0.3254
420.0	0.3278
420.125	0.3341
420.25	0.3364
420.375	0.349
420.5	0.3522
420.625	0.3529
420.75	0.3608
420.875	0.3679
421.0	0.3718
421.125	0.3765
421.25	0.3836
421.375	0.3946
421.5	0.4033
421.625	0.4072
421.75	0.415
421.875	0.4245
422.0	0.43
422.125	0.4363
422.25	0.4441
422.375	0.4528
422.5	0.4606
422.625	0.4654
422.75	0.4732
422.875	0.4764
423.0	0.4866
423.125	0.4929
423.25	0.5023
423.375	0.5102
423.5	0.5235
423.625	0.5235
423.75	0.5369
423.875	0.5377
424.0	0.544
424.125	0.5479
424.25	0.5471
424.375	0.5581
424.5	0.566
424.625	0.566
424.75	0.5762
424.875	0.5849
425.0	0.5896
425.125	0.5951
425.25	0.5982
425.375	0.6029
425.5	0.6084
425.625	0.6139
425.75	0.6194
425.875	0.6242
426.0	0.6312
426.125	0.6344
426.25	0.6375
426.375	0.6462
426.5	0.6501
426.625	0.6564
426.75	0.6556
426.875	0.6603
427.0	0.6627
427.125	0.6643
427.25	0.665
427.375	0.6682
427.5	0.6698
427.625	0.6643
427.75	0.6627
427.875	0.6635
428.0	0.6698
428.125	0.6705
428.25	0.6698
428.375	0.6666
428.5	0.6666
428.625	0.6603
428.75	0.6595
428.875	0.6564
429.0	0.6595
429.125	0.6603
429.25	0.654
429.375	0.654
429.5	0.6525
429.625	0.6493
429.75	0.6399
429.875	0.6367
430.0	0.6344
430.125	0.6234
430.25	0.6194
430.375	0.6116
430.5	0.6084
430.625	0.6029
430.75	0.5998
430.875	0.5904
431.0	0.588
431.125	0.5801
431.25	0.5691
431.375	0.5668
431.5	0.5589
431.625	0.5503
431.75	0.5511
431.875	0.5455
432.0	0.5338
432.125	0.5283
432.25	0.5196
432.375	0.5125
432.5	0.5015
432.625	0.4976
432.75	0.4921
432.875	0.4858
433.0	0.4772
433.125	0.4716
433.25	0.4677
433.375	0.463
433.5	0.4575
433.625	0.4536
433.75	0.4488
433.875	0.4449
434.0	0.441
434.125	0.4339
434.25	0.4292
434.375	0.4229
434.5	0.4166
434.625	0.4111
434.75	0.4064
434.875	0.397
435.0	0.3915
435.125	0.3883
435.25	0.3875
435.375	0.3805
435.5	0.3781
435.625	0.3702
435.75	0.3647
435.875	0.3639
436.0	0.3584
436.125	0.3545
436.25	0.3498
436.375	0.3474
436.5	0.3396
436.625	0.3341
436.75	0.3301
436.875	0.327
437.0	0.3246
437.125	0.3199
437.25	0.3207
437.375	0.3128
437.5	0.3113
437.625	0.3113
437.75	0.3097
437.875	0.3066
438.0	0.3066
438.125	0.3018
438.25	0.2979
438.375	0.2924
438.5	0.2877
438.625	0.2853
438.75	0.2814
438.875	0.2743
439.0	0.2727
439.125	0.2704
439.25	0.2665
439.375	0.2665
439.5	0.2649
439.625	0.2617
439.75	0.257
439.875	0.2586
440.0	0.2515
440.125	0.2476
440.25	0.2476
440.375	0.2444
440.5	0.2437
440.625	0.2389
440.75	0.2413
440.875	0.2382
441.0	0.2366
441.125	0.2342
441.25	0.2303
441.375	0.2295
441.5	0.2287
441.625	0.2256
441.75	0.2248
441.875	0.2185
442.0	0.2177
442.125	0.2185
442.25	0.2177
442.375	0.2138
442.5	0.2091
442.625	0.2138
442.75	0.2122
442.875	0.2106
443.0	0.2051
443.125	0.2051
443.25	0.2036
443.375	0.1996
443.5	0.2004
443.625	0.1981
443.75	0.1926
443.875	0.1957
444.0	0.1894
444.125	0.1855
444.25	0.1871
444.375	0.1878
444.5	0.1855
444.625	0.1839
444.75	0.1831
444.875	0.1776
445.0	0.1776
445.125	0.1792
445.25	0.1713
445.375	0.1698
445.5	0.1713
445.625	0.1674
445.75	0.1619
445.875	0.1533
446.0	0.1556
446.125	0.1509
446.25	0.1525
446.375	0.1556
446.5	0.1611
446.625	0.158
446.75	0.1548
446.875	0.1493
447.0	0.1564
447.125	0.1509
447.25	0.1509
447.375	0.1462
447.5	0.1438
447.625	0.1493
447.75	0.1407
447.875	0.1367
448.0	0.1422
448.125	0.1367
448.25	0.1407
448.375	0.1407
448.5	0.1399
448.625	0.1383
448.75	0.1391
448.875	0.147
449.0	0.1391
449.125	0.1383
449.25	0.1344
449.375	0.1297
449.5	0.1281
449.625	0.1265
449.75	0.121
449.875	0.1234
450.0	0.1257
450.125	0.1226
450.25	0.1218
450.375	0.1226
450.5	0.121
450.625	0.1187
450.75	0.1242
450.875	0.1171
451.0	0.1179
451.125	0.1155
451.25	0.1179
451.375	0.1163
451.5	0.1139
451.625	0.1132
451.75	0.1084
451.875	0.1084
452.0	0.1084
452.125	0.1037
452.25	0.1029
452.375	0.1014
452.5	0.1029
452.625	0.1061
452.75	0.1069
452.875	0.1006
453.0	0.1037
453.125	0.1006
453.25	0.0951
453.375	0.0966
453.5	0.0943
453.625	0.0959
453.75	0.0951
453.875	0.0911
454.0	0.0943
454.125	0.0935
454.25	0.0927
454.375	0.0896
454.5	0.0935
454.625	0.0919
454.75	0.0904
454.875	0.0904
455.0	0.0919
455.125	0.0935
455.25	0.088
455.375	0.0896
455.5	0.0872
455.625	0.0872
455.75	0.0856
455.875	0.0849
456.0	0.0833
456.125	0.0801
456.25	0.077
456.375	0.0762
456.5	0.0794
456.625	0.0778
456.75	0.0794
456.875	0.0762
457.0	0.0762
457.125	0.0754
457.25	0.0754
457.375	0.0754
457.5	0.0738
457.625	0.0699
457.75	0.0699
457.875	0.0715
458.0	0.0746
458.125	0.0754
458.25	0.0762
458.375	0.077
458.5	0.077
458.625	0.0738
458.75	0.0723
458.875	0.0723
459.0	0.0731
459.125	0.0707
459.25	0.0715
459.375	0.0715
459.5	0.0707
459.625	0.0699
459.75	0.0691
459.875	0.0691
460.0	0.0652
460.125	0.0628
460.25	0.0613
460.375	0.0628
460.5	0.0652
460.625	0.0652
460.75	0.0605
460.875	0.0597
461.0	0.055
461.125	0.055
461.25	0.0534
461.375	0.0581
461.5	0.0605
461.625	0.0589
461.75	0.0676
461.875	0.066
462.0	0.066
462.125	0.0636
462.25	0.0613
462.375	0.0589
462.5	0.0605
462.625	0.0605
462.75	0.0597
462.875	0.0613
463.0	0.0613
463.125	0.066
463.25	0.0746
463.375	0.0817
463.5	0.0794
463.625	0.0723
463.75	0.0738
463.875	0.0809
464.0	0.077
464.125	0.077
464.25	0.0707
464.375	0.0589
464.5	0.0644
464.625	0.0636
464.75	0.0573
464.875	0.0597
465.0	0.0597
465.125	0.0636
465.25	0.0644
465.375	0.0558
465.5	0.0636
465.625	0.0668
465.75	0.0597
465.875	0.0581
466.0	0.0566
466.125	0.0534
466.25	0.0518
466.375	0.0573
466.5	0.0589
466.625	0.0573
466.75	0.055
466.875	0.0542
467.0	0.0542
467.125	0.0558
467.25	0.0589
467.375	0.0542
467.5	0.0503
467.625	0.0511
467.75	0.0503
467.875	0.0495
468.0	0.0518
468.125	0.0542
468.25	0.0542
468.375	0.0518
468.5	0.0503
468.625	0.0534
468.75	0.055
468.875	0.0566
469.0	0.0558
469.125	0.0518
469.25	0.0518
469.375	0.0518
469.5	0.0534
469.625	0.0511
469.75	0.0495
469.875	0.0518
470.0	0.0518
470.125	0.0503
470.25	0.0534
470.375	0.055
470.5	0.0566
470.625	0.0534
470.75	0.0526
470.875	0.0526
471.0	0.0511
471.125	0.0542
471.25	0.0518
471.375	0.0542
471.5	0.0503
471.625	0.0518
471.75	0.0566
471.875	0.0518
472.0	0.0526
472.125	0.0518
472.25	0.0479
472.375	0.0479
472.5	0.0471
472.625	0.0471
472.75	0.0471
472.875	0.0511
473.0	0.0511
473.125	0.0495
473.25	0.0526
473.375	0.0518
473.5	0.0503
473.625	0.055
473.75	0.0518
473.875	0.0589
474.0	0.0613
474.125	0.0636
474.25	0.0558
474.375	0.0542
474.5	0.0581
474.625	0.0581
474.75	0.0613
474.875	0.0597
475.0	0.0597
475.125	0.0621
475.25	0.0644
475.375	0.0636
475.5	0.066
475.625	0.0683
475.75	0.0668
475.875	0.0652
476.0	0.0644
476.125	0.0668
476.25	0.0699
476.375	0.0731
476.5	0.0723
476.625	0.0699
476.75	0.0691
476.875	0.0707
477.0	0.0699
477.125	0.0754
477.25	0.0691
477.375	0.0754
477.5	0.0746
477.625	0.0699
477.75	0.0652
477.875	0.0691
478.0	0.0731
478.125	0.0707
478.25	0.0676
478.375	0.0691
478.5	0.0691
478.625	0.0676
478.75	0.0644
478.875	0.0683
479.0	0.0707
479.125	0.0723
479.25	0.0738
479.375	0.0707
479.5	0.0754
479.625	0.077
479.75	0.0754
479.875	0.0754
480.0	0.0786
480.125	0.0794
480.25	0.0801
480.375	0.0833
480.5	0.0841
480.625	0.0825
480.75	0.0833
480.875	0.0809
481.0	0.0817
481.125	0.0801
481.25	0.0778
481.375	0.0849
481.5	0.0849
481.625	0.088
481.75	0.0896
481.875	0.0911
482.0	0.0904
482.125	0.0904
482.25	0.0943
482.375	0.0943
482.5	0.0919
482.625	0.0982
482.75	0.0951
482.875	0.0982
483.0	0.1006
483.125	0.099
483.25	0.0974
483.375	0.1029
483.5	0.1022
483.625	0.1014
483.75	0.1022
483.875	0.1014
484.0	0.1022
484.125	0.1037
484.25	0.1045
484.375	0.1061
484.5	0.1084
484.625	0.1084
484.75	0.1084
484.875	0.1163
485.0	0.1187
485.125	0.1194
485.25	0.121
485.375	0.1179
485.5	0.1194
485.625	0.1234
485.75	0.1242
485.875	0.1234
486.0	0.1281
486.125	0.1273
486.25	0.1281
486.375	0.1305
486.5	0.132
486.625	0.132
486.75	0.132
486.875	0.132
487.0	0.1375
487.125	0.1415
487.25	0.1391
487.375	0.1367
487.5	0.136
487.625	0.1391
487.75	0.147
487.875	0.1462
488.0	0.1493
488.125	0.1477
488.25	0.1462
488.375	0.1454
488.5	0.147
488.625	0.1493
488.75	0.1509
488.875	0.1525
489.0	0.147
489.125	0.1485
489.25	0.1509
489.375	0.1556
489.5	0.1595
489.625	0.158
489.75	0.1564
489.875	0.1627
490.0	0.165
490.125	0.1674
490.25	0.1674
490.375	0.1737
490.5	0.1761
490.625	0.1761
490.75	0.1745
490.875	0.1761
491.0	0.1792
491.125	0.1839
491.25	0.1831
491.375	0.1816
491.5	0.1839
491.625	0.1863
491.75	0.1847
491.875	0.1855
492.0	0.1871
492.125	0.1847
492.25	0.1886
492.375	0.1886
492.5	0.1894
492.625	0.1926
492.75	0.1933
492.875	0.1902
493.0	0.1933
493.125	0.1981
493.25	0.1981
493.375	0.1981
493.5	0.1988
493.625	0.2028
493.75	0.2036
493.875	0.2075
494.0	0.2083
494.125	0.2114
494.25	0.2138
494.375	0.213
494.5	0.2169
494.625	0.2216
494.75	0.2232
494.875	0.2216
495.0	0.2216
495.125	0.2216
495.25	0.2256
495.375	0.2256
495.5	0.2248
495.625	0.2264
495.75	0.2256
495.875	0.2256
496.0	0.2256
496.125	0.2256
496.25	0.2279
496.375	0.2264
496.5	0.2264
496.625	0.2256
496.75	0.2256
496.875	0.2334
497.0	0.2303
497.125	0.2334
497.25	0.2311
497.375	0.2295
497.5	0.2342
497.625	0.2342
497.75	0.2374
497.875	0.2444
498.0	0.2429
498.125	0.2429
498.25	0.2444
498.375	0.2452
498.5	0.2421
498.625	0.2397
498.75	0.2421
498.875	0.2484
499.0	0.2515
499.125	0.2547
499.25	0.2547
499.375	0.2539
499.5	0.2547
499.625	0.2594
499.75	0.2602
499.875	0.2617
500.0	0.2665
500.125	0.2688
500.25	0.2704
500.375	0.2696
500.5	0.2743
500.625	0.2735
500.75	0.2759
500.875	0.272
501.0	0.2735
501.125	0.272
501.25	0.272
501.375	0.2727
501.5	0.2743
501.625	0.2798
501.75	0.2814
501.875	0.283
502.0	0.283
502.125	0.283
502.25	0.2845
502.375	0.2838
502.5	0.2853
502.625	0.2814
502.75	0.2853
502.875	0.2845
503.0	0.2877
503.125	0.2861
503.25	0.2877
503.375	0.2924
503.5	0.2924
503.625	0.2916
503.75	0.2916
503.875	0.2924
504.0	0.2948
504.125	0.2924
504.25	0.2924
504.375	0.2908
504.5	0.2893
504.625	0.29
504.75	0.294
504.875	0.2932
505.0	0.2932
505.125	0.2948
505.25	0.2971
505.375	0.294
505.5	0.2955
505.625	0.2979
505.75	0.2987
505.875	0.2963
506.0	0.2924
506.125	0.2932
506.25	0.29
506.375	0.2877
506.5	0.2861
506.625	0.2916
506.75	0.2963
506.875	0.2979
507.0	0.2971
507.125	0.2948
507.25	0.2924
507.375	0.2955
507.5	0.2948
507.625	0.2963
507.75	0.2955
507.875	0.2971
508.0	0.2963
508.125	0.2948
508.25	0.294
508.375	0.2979
508.5	0.2955
508.625	0.2948
508.75	0.2948
508.875	0.294
509.0	0.2987
509.125	0.2971
509.25	0.2987
509.375	0.2932
509.5	0.2971
509.625	0.2979
509.75	0.2987
509.875	0.2971
510.0	0.3018
510.125	0.3003
510.25	0.3073
510.375	0.3003
510.5	0.2979
510.625	0.3003
510.75	0.2987
510.875	0.2955
511.0	0.2963
511.125	0.2948
511.25	0.2948
511.375	0.2963
511.5	0.2955
511.625	0.2924
511.75	0.2924
511.875	0.2924
512.0	0.2924
512.125	0.2924
512.25	0.2924
512.375	0.2916
512.5	0.2924
512.625	0.2916
512.75	0.2877
512.875	0.2924
513.0	0.2924
513.125	0.2924
513.25	0.2932
513.375	0.2924
513.5	0.2924
513.625	0.2948
513.75	0.294
513.875	0.2955
514.0	0.2916
514.125	0.2877
514.25	0.2924
514.375	0.2853
514.5	0.2845
514.625	0.2853
514.75	0.2814
514.875	0.283
515.0	0.2845
515.125	0.2885
515.25	0.2877
515.375	0.2853
515.5	0.2838
515.625	0.283
515.75	0.2869
515.875	0.2869
516.0	0.2885
516.125	0.29
516.25	0.2845
516.375	0.279
516.5	0.2775
516.625	0.2735
516.75	0.2822
516.875	0.2814
517.0	0.2822
517.125	0.2783
517.25	0.2735
517.375	0.2727
517.5	0.2751
517.625	0.2743
517.75	0.2751
517.875	0.2751
518.0	0.2704
518.125	0.2688
518.25	0.2633
518.375	0.2649
518.5	0.2665
518.625	0.2672
518.75	0.2625
518.875	0.2633
519.0	0.2594
519.125	0.2657
519.25	0.2688
519.375	0.2641
519.5	0.2633
519.625	0.2625
519.75	0.2578
519.875	0.257
520.0	0.257
520.125	0.257
520.25	0.2547
520.375	0.2531
520.5	0.2531
520.625	0.25
520.75	0.2515
520.875	0.2476
521.0	0.25
521.125	0.2484
521.25	0.2452
521.375	0.2452
521.5	0.25
521.625	0.25
521.75	0.25
521.875	0.2476
522.0	0.2444
522.125	0.2468
522.25	0.2468
522.375	0.2468
522.5	0.2452
522.625	0.2437
522.75	0.2382
522.875	0.2444
523.0	0.2437
523.125	0.2484
523.25	0.2468
523.375	0.2421
523.5	0.2452
523.625	0.2444
523.75	0.2444
523.875	0.2413
524.0	0.2358
524.125	0.2334
524.25	0.2295
524.375	0.2311
524.5	0.2287
524.625	0.2287
524.75	0.2279
524.875	0.2209
525.0	0.2216
525.125	0.2201
525.25	0.2232
525.375	0.2216
525.5	0.2201
525.625	0.224
525.75	0.2177
525.875	0.213
526.0	0.2075
526.125	0.2036
526.25	0.2051
526.375	0.2091
526.5	0.2075
526.625	0.2044
526.75	0.2036
526.875	0.202
527.0	0.1965
527.125	0.1957
527.25	0.1933
527.375	0.1933
527.5	0.1933
527.625	0.1981
527.75	0.1981
527.875	0.1965
528.0	0.1957
528.125	0.1926
528.25	0.1973
528.375	0.1996
528.5	0.1981
528.625	0.1941
528.75	0.1981
528.875	0.1894
529.0	0.191
529.125	0.1886
529.25	0.191
529.375	0.1918
529.5	0.1933
529.625	0.1926
529.75	0.1886
529.875	0.1863
530.0	0.1839
530.125	0.1823
530.25	0.1823
530.375	0.1847
530.5	0.1784
530.625	0.1831
530.75	0.1816
530.875	0.1792
531.0	0.1713
531.125	0.1713
531.25	0.1776
531.375	0.1753
531.5	0.1745
531.625	0.1737
531.75	0.1761
531.875	0.1745
532.0	0.1745
532.125	0.1698
532.25	0.1682
532.375	0.165
532.5	0.165
532.625	0.1635
532.75	0.1611
532.875	0.165
533.0	0.165
533.125	0.1627
533.25	0.1611
533.375	0.1603
533.5	0.1611
533.625	0.1611
533.75	0.1572
533.875	0.154
534.0	0.1572
534.125	0.1572
534.25	0.154
534.375	0.1548
534.5	0.1517
534.625	0.1493
534.75	0.1509
534.875	0.1493
535.0	0.1493
535.125	0.1501
535.25	0.1509
535.375	0.1501
535.5	0.1462
535.625	0.143
535.75	0.1415
535.875	0.1399
536.0	0.1446
536.125	0.1454
536.25	0.1454
536.375	0.1454
536.5	0.1422
536.625	0.1407
536.75	0.1415
536.875	0.1422
537.0	0.1407
537.125	0.1399
537.25	0.143
537.375	0.1422
537.5	0.1383
537.625	0.1383
537.75	0.1391
537.875	0.1367
538.0	0.132
538.125	0.1328
538.25	0.1344
538.375	0.132
538.5	0.1312
538.625	0.1265
538.75	0.1226
538.875	0.1234
539.0	0.1194
539.125	0.1242
539.25	0.1218
539.375	0.1242
539.5	0.1226
539.625	0.1234
539.75	0.1194
539.875	0.1171
540.0	0.1171
540.125	0.1226
540.25	0.1218
540.375	0.1179
540.5	0.1179
540.625	0.1187
540.75	0.1147
540.875	0.1139
541.0	0.1155
541.125	0.1116
541.25	0.1116
541.375	0.1132
541.5	0.1108
541.625	0.1108
541.75	0.1061
541.875	0.1053
542.0	0.1053
542.125	0.1069
542.25	0.1061
542.375	0.1014
542.5	0.1014
542.625	0.0966
542.75	0.1022
542.875	0.1053
543.0	0.1037
543.125	0.1069
543.25	0.1084
543.375	0.1069
543.5	0.1014
543.625	0.099
543.75	0.1084
543.875	0.1053
544.0	0.1029
544.125	0.1029
544.25	0.1037
544.375	0.1037
544.5	0.1006
544.625	0.1022
544.75	0.099
544.875	0.1022
545.0	0.1014
545.125	0.1029
545.25	0.1006
545.375	0.0998
545.5	0.0974
545.625	0.0974
545.75	0.0817
545.875	0.0904
546.0	0.0888
546.125	0.088
546.25	0.077
546.375	0.0911
546.5	0.0872
546.625	0.0872
546.75	0.0762
546.875	0.0856
547.0	0.0833
547.125	0.0849
547.25	0.0872
547.375	0.0849
547.5	0.0786
547.625	0.0825
547.75	0.0817
547.875	0.0825
548.0	0.0809
548.125	0.0833
548.25	0.0801
548.375	0.0762
548.5	0.0707
548.625	0.0731
548.75	0.0668
548.875	0.0668
549.0	0.0652
549.125	0.0636
549.25	0.0526
549.375	0.0597
549.5	0.0613
549.625	0.0605
549.75	0.0613
549.875	0.0628
550.0	0.0589
550.125	0.0573
550.25	0.0558
550.375	0.0503
550.5	0.0471
550.625	0.0581
550.75	0.066
550.875	0.0652
551.0	0.0707
551.125	0.0707
551.25	0.0683
551.375	0.0683
551.5	0.0683
551.625	0.0644
551.75	0.0668
551.875	0.0676
552.0	0.0699
552.125	0.066
552.25	0.0636
552.375	0.0613
552.5	0.0644
552.625	0.0628
552.75	0.0628
552.875	0.0636
553.0	0.0589
553.125	0.0644
553.25	0.0636
553.375	0.066
553.5	0.0628
553.625	0.066
553.75	0.0628
553.875	0.0589
554.0	0.0644
554.125	0.0621
554.25	0.0581
554.375	0.0636
554.5	0.0597
554.625	0.0597
554.75	0.0605
554.875	0.0621
555.0	0.0542
555.125	0.0589
555.25	0.0566
555.375	0.0566
555.5	0.0534
555.625	0.0518
555.75	0.0534
555.875	0.0566
556.0	0.0558
556.125	0.0566
556.25	0.0558
556.375	0.0463
556.5	0.0463
556.625	0.044
556.75	0.0621
556.875	0.0621
557.0	0.0605
557.125	0.0581
557.25	0.0581
557.375	0.0566
557.5	0.0542
557.625	0.0613
557.75	0.0605
557.875	0.055
558.0	0.0566
558.125	0.0589
558.25	0.0581
558.375	0.0581
558.5	0.0573
558.625	0.0526
558.75	0.0558
558.875	0.0518
559.0	0.0589
559.125	0.0581
559.25	0.0589
559.375	0.0573
559.5	0.0613
559.625	0.055
559.75	0.0621
559.875	0.0613
560.0	0.0621
560.125	0.0605
560.25	0.0605
560.375	0.0597
560.5	0.0621
560.625	0.0589
560.75	0.0589
560.875	0.0605
561.0	0.0589
561.125	0.0621
561.25	0.0613
561.375	0.055
561.5	0.0542
561.625	0.0495
561.75	0.0495
561.875	0.0495
562.0	0.0487
562.125	0.0526
562.25	0.0495
562.375	0.0518
562.5	0.0518
562.625	0.0542
562.75	0.0503
562.875	0.0542
563.0	0.0463
563.125	0.0408
563.25	0.0408
563.375	0.0385
563.5	0.04
563.625	0.0385
563.75	0.04
563.875	0.0471
564.0	0.0424
564.125	0.0432
564.25	0.0408
564.375	0.0385
564.5	0.0393
564.625	0.0416
564.75	0.0448
564.875	0.0471
565.0	0.0448
565.125	0.0495
565.25	0.055
565.375	0.055
565.5	0.0605
565.625	0.0558
565.75	0.0605
565.875	0.0613
566.0	0.0566
566.125	0.0463
566.25	0.0589
566.375	0.0283
566.5	0.0149
566.625	0.0157
566.75	0.0149
566.875	0.0133
567.0	0.0172
567.125	0.0125
567.25	0.0086
567.375	0.0094
567.5	0.007
567.625	0.0
567.75	0.0
567.875	0.0086
568.0	0.0
568.125	0.0086
568.25	7.0E-4
568.375	0.0015
568.5	0.0023
568.625	0.0
568.75	0.0
568.875	0.0062
569.0	0.0015
569.125	0.0031
569.25	0.0078
569.375	0.0047
569.5	0.007
569.625	0.0086
569.75	0.0
569.875	0.0023
570.0	0.0031
570.125	0.0031
570.25	0.0
570.375	7.0E-4
570.5	0.0
570.625	0.0015
570.75	7.0E-4
570.875	0.0055
571.0	0.0102
571.125	0.0062
571.25	0.0023
571.375	0.0125
571.5	0.0062
571.625	0.0125
571.75	0.0078
571.875	0.0
572.0	0.0
572.125	0.0
572.25	0.0078
572.375	0.0117
572.5	0.0062
572.625	0.0125
572.75	0.0078
572.875	0.0
573.0	0.007
573.125	7.0E-4
573.25	0.0
573.375	0.0
573.5	0.0
573.625	0.0102
573.75	0.007
573.875	0.0
574.0	0.0047
574.125	0.0086
574.25	7.0E-4
574.375	0.0
574.5	0.0031
574.625	0.011
574.75	0.0078
574.875	0.0055
575.0	0.0086
575.125	0.0055
575.25	0.0062
575.375	7.0E-4
575.5	0.0102
575.625	0.007
575.75	0.0086
575.875	0.0117
576.0	0.0031
576.125	0.0023
576.25	0.0031
576.375	0.0047
576.5	0.011
576.625	0.0086
576.75	0.0133
576.875	0.0078
577.0	0.0141
577.125	0.0157
577.25	0.0149
577.375	0.0141
577.5	0.0078
577.625	0.0125
577.75	0.0
577.875	0.0149
578.0	0.018
578.125	0.0149
578.25	0.0157
578.375	0.0141
578.5	0.011
578.625	0.0125
578.75	0.0117
578.875	0.011
579.0	0.0149
579.125	0.0141
579.25	0.0188
579.375	0.0172
579.5	0.0165
579.625	0.0157
579.75	0.0149
579.875	0.0141
580.0	0.0133
580.125	0.0141
580.25	0.0133
580.375	0.0141
580.5	0.0141
580.625	0.0196
580.75	0.018
580.875	0.0141
581.0	0.0133
581.125	0.0117
581.25	0.0133
581.375	0.0149
581.5	0.0172
581.625	0.018
581.75	0.0165
581.875	0.0141
582.0	0.0133
582.125	0.0117
582.25	0.0141
582.375	0.0094
582.5	0.0125
582.625	0.0102
582.75	0.0117
582.875	0.0125
583.0	0.0133
583.125	0.0094
583.25	0.0094
583.375	0.0086
583.5	0.0133
583.625	0.0141
583.75	0.0149
583.875	0.0117
584.0	0.0149
584.125	0.0133
584.25	0.0133
584.375	0.0125
584.5	0.0141
584.625	0.0117
584.75	0.0117
584.875	0.0086
585.0	0.011
585.125	0.0094
585.25	0.0172
585.375	0.0094
585.5	0.0133
585.625	0.011
585.75	0.0117
585.875	0.0141
586.0	0.0141
586.125	0.011
586.25	0.0094
586.375	0.0133
586.5	0.0117
586.625	0.0157
586.75	0.0172
586.875	0.0141
587.0	0.0141
587.125	0.0149
587.25	0.0172
587.375	0.0149
587.5	0.0172
587.625	0.0117
587.75	0.0125
587.875	0.0157
588.0	0.0165
588.125	0.018
588.25	0.0149
588.375	0.0149
588.5	0.0117
588.625	0.0141
588.75	0.0157
588.875	0.0165
589.0	0.0165
589.125	0.0172
589.25	0.0149
589.375	0.0149
589.5	0.0149
589.625	0.0188
589.75	0.0165
589.875	0.0141
590.0	0.0165
590.125	0.018
590.25	0.0149
590.375	0.0125
590.5	0.0157
590.625	0.018
590.75	0.0149
590.875	0.0141
591.0	0.0086
591.125	0.0086
591.25	0.0086
591.375	0.0094
591.5	0.0165
591.625	0.0196
591.75	0.0141
591.875	0.0125
592.0	0.0125
592.125	0.0117
592.25	0.0117
592.375	0.0149
592.5	0.0165
592.625	0.0125
592.75	0.0125
592.875	0.0133
593.0	0.0125
593.125	0.0125
593.25	0.0102
593.375	0.0102
593.5	0.0133
593.625	0.0141
593.75	0.011
593.875	0.0141
594.0	0.0165
594.125	0.0188
594.25	0.0133
594.375	0.0149
594.5	0.0157
594.625	0.0165
594.75	0.0188
594.875	0.0172
595.0	0.0117
595.125	0.0102
595.25	0.0117
595.375	0.0102
595.5	0.0102
595.625	0.0125
595.75	0.011
595.875	0.0117
596.0	0.011
596.125	0.0125
596.25	0.0133
596.375	0.0141
596.5	0.0133
596.625	0.0149
596.75	0.0157
596.875	0.011
597.0	0.0094
597.125	0.0078
597.25	0.007
597.375	0.0078
597.5	0.0117
597.625	0.018
597.75	0.0125
597.875	0.0133
598.0	0.0141
598.125	0.0141
598.25	0.0141
598.375	0.0149
598.5	0.0133
598.625	0.0094
598.75	0.0094
598.875	0.0102
599.0	0.0094
599.125	0.0062
599.25	0.007
599.375	0.007
599.5	0.0102
599.625	0.011
599.75	0.0165
599.875	0.011
600.0	0.0102
600.125	0.0102
600.25	0.011
600.375	0.0125
600.5	0.0094
600.625	0.0125
600.75	0.0141
600.875	0.0133
601.0	0.011
601.125	0.011
601.25	0.0141
601.375	0.0117
601.5	0.0149
601.625	0.018
601.75	0.0165
601.875	0.0149
602.0	0.0141
602.125	0.0125
602.25	0.0086
602.375	0.0117
602.5	0.0125
602.625	0.0062
602.75	0.0078
602.875	0.0055
603.0	0.011
603.125	0.0102
603.25	0.0102
603.375	0.0117
603.5	0.0141
603.625	0.018
603.75	0.0196
603.875	0.0196
604.0	0.0172
604.125	0.0149
604.25	0.0172
604.375	0.0188
604.5	0.0165
604.625	0.0188
604.75	0.0204
604.875	0.0188
605.0	0.0196
605.125	0.0188
605.25	0.0204
605.375	0.0188
605.5	0.0196
605.625	0.0188
605.75	0.0149
605.875	0.0149
606.0	0.0172
606.125	0.0165
606.25	0.0172
606.375	0.0157
606.5	0.0157
606.625	0.0172
606.75	0.0149
606.875	0.0157
607.0	0.0141
607.125	0.0117
607.25	0.0172
607.375	0.0172
607.5	0.007
607.625	0.0094
607.75	0.007
607.875	0.0117
608.0	0.0125
608.125	0.0125
608.25	0.0094
608.375	0.0125
608.5	0.0204
608.625	0.0212
608.75	0.0204
608.875	0.022
609.0	0.0141
609.125	0.0149
609.25	0.018
609.375	0.0204
609.5	0.0227
609.625	0.022
609.75	0.0235
609.875	0.0235
610.0	0.0259
610.125	0.0267
610.25	0.0243
610.375	0.0235
610.5	0.0188
610.625	0.0188
610.75	0.0157
610.875	0.0196
611.0	0.018
611.125	0.0172
611.25	0.0212
611.375	0.0235
611.5	0.0204
611.625	0.0188
611.75	0.0196
611.875	0.0188
612.0	0.0149
612.125	0.0165
612.25	0.018
612.375	0.0172
612.5	0.0259
612.625	0.0235
612.75	0.0212
612.875	0.0188
613.0	0.0235
613.125	0.0188
613.25	0.0172
613.375	0.0212
613.5	0.0204
613.625	0.0235
613.75	0.0212
613.875	0.0204
614.0	0.0204
614.125	0.018
614.25	0.0165
614.375	0.0172
614.5	0.0172
614.625	0.0188
614.75	0.0133
614.875	0.0165
615.0	0.0188
615.125	0.0165
615.25	0.0165
615.375	0.0117
615.5	0.0133
615.625	0.0149
615.75	0.0204
615.875	0.0204
616.0	0.0188
616.125	0.0196
616.25	0.0165
616.375	0.0188
616.5	0.0196
616.625	0.018
616.75	0.0188
616.875	0.0149
617.0	0.0149
617.125	0.018
617.25	0.0172
617.375	0.018
617.5	0.0188
617.625	0.0157
617.75	0.0125
617.875	0.0157
618.0	0.018
618.125	0.0196
618.25	0.0212
618.375	0.0141
618.5	0.0149
618.625	0.0165
618.75	0.018
618.875	0.0188
619.0	0.0188
619.125	0.0141
619.25	0.0141
619.375	0.0149
619.5	0.0141
619.625	0.0141
619.75	0.0141
619.875	0.0141
620.0	0.0141
620.125	0.0141
620.25	0.0102
620.375	0.022
620.5	0.0133
620.625	0.0188
620.75	0.0141
620.875	0.0172
621.0	0.018
621.125	0.0196
621.25	0.0172
621.375	0.0157
621.5	0.018
621.625	0.0172
621.75	0.0196
621.875	0.0188
622.0	0.0204
622.125	0.0172
622.25	0.0188
622.375	0.0188
622.5	0.018
622.625	0.0227
622.75	0.0165
622.875	0.0188
623.0	0.0141
623.125	0.0188
623.25	0.0204
623.375	0.0196
623.5	0.0188
623.625	0.0251
623.75	0.022
623.875	0.022
624.0	0.0172
624.125	0.018
624.25	0.0078
624.375	0.0149
624.5	0.022
624.625	0.0141
624.75	0.0157
624.875	0.018
625.0	0.0149
625.125	0.0055
625.25	0.0133
625.375	0.0133
625.5	0.0117
625.625	0.0188
625.75	0.018
625.875	0.0165
626.0	0.0133
626.125	0.0125
626.25	0.0212
626.375	0.0212
626.5	0.0204
626.625	0.0172
626.75	0.018
626.875	0.022
627.0	0.0188
627.125	0.018
627.25	0.0283
627.375	0.0283
627.5	0.0283
627.625	0.0235
627.75	0.0298
627.875	0.0196
628.0	0.0188
628.125	0.0188
628.25	0.018
628.375	0.0165
628.5	0.0165
628.625	0.0149
628.75	0.0188
628.875	0.0149
629.0	0.022
629.125	0.0188
629.25	0.0204
629.375	0.0188
629.5	0.0196
629.625	0.0188
629.75	0.0235
629.875	0.0235
630.0	0.0235
630.125	0.0243
630.25	0.022
630.375	0.0251
630.5	0.0259
630.625	0.0227
630.75	0.0243
630.875	0.0227
631.0	0.0235
631.125	0.0235
631.25	0.0251
631.375	0.0235
631.5	0.0227
631.625	0.0172
631.75	0.0172
631.875	0.0141
632.0	0.0172
632.125	0.0172
632.25	0.0196
632.375	0.0188
632.5	0.0149
632.625	0.0212
632.75	0.0212
632.875	0.0188
633.0	0.0172
633.125	0.0172
633.25	0.0165
633.375	0.0149
633.5	0.0117
633.625	0.0125
633.75	0.0125
633.875	0.0188
634.0	0.018
634.125	0.0141
634.25	0.0165
634.375	0.0165
634.5	0.0157
634.625	0.011
634.75	0.0157
634.875	0.0141
635.0	0.0165
635.125	0.0149
635.25	0.0188
635.375	0.0172
635.5	0.011
635.625	0.0141
635.75	0.0157
635.875	0.0149
636.0	0.0141
636.125	0.0149
636.25	0.0172
636.375	0.0149
636.5	0.0141
636.625	0.0149
636.75	0.0165
636.875	0.0149
637.0	0.0165
637.125	0.0196
637.25	0.0133
637.375	0.0172
637.5	0.0196
637.625	0.0235
637.75	0.022
637.875	0.0188
638.0	0.0227
638.125	0.0259
638.25	0.0243
638.375	0.0251
638.5	0.0204
638.625	0.0188
638.75	0.0235
638.875	0.022
639.0	0.0188
639.125	0.0212
639.25	0.0251
639.375	0.0243
639.5	0.018
639.625	0.018
639.75	0.0188
639.875	0.0157
640.0	0.0141
640.125	0.0133
640.25	0.0172
640.375	0.0117
640.5	0.0117
640.625	0.0133
640.75	0.0212
640.875	0.018
641.0	0.0117
641.125	0.0094
641.25	0.0125
641.375	0.0149
641.5	0.0165
641.625	0.0172
641.75	0.0149
641.875	0.0196
642.0	0.0141
642.125	0.0133
642.25	0.0149
642.375	0.0125
642.5	0.0149
642.625	0.0141
642.75	0.0094
642.875	0.011
643.0	0.0133
643.125	0.0157
643.25	0.0149
643.375	0.0188
643.5	0.0149
643.625	0.0188
643.75	0.018
643.875	0.018
644.0	0.0188
644.125	0.0172
644.25	0.0204
644.375	0.0227
644.5	0.0212
644.625	0.018
644.75	0.0227
644.875	0.022
645.0	0.018
645.125	0.0141
645.25	0.018
645.375	0.0188
645.5	0.0188
645.625	0.0141
645.75	0.0172
645.875	0.0196
646.0	0.0196
646.125	0.018
646.25	0.018
646.375	0.0125
646.5	0.0141
646.625	0.0165
646.75	0.0165
646.875	0.0165
647.0	0.0188
647.125	0.0188
647.25	0.0172
647.375	0.0188
647.5	0.0188
647.625	0.0141
647.75	0.0149
647.875	0.0172
648.0	0.0165
648.125	0.0165
648.25	0.0172
648.375	0.0172
648.5	0.0149
648.625	0.0165
648.75	0.011
648.875	0.011
649.0	0.0102
649.125	0.011
649.25	0.0141
649.375	0.0125
649.5	0.0157
649.625	0.0078
649.75	0.0094
649.875	0.0086
650.0	0.0117
650.125	0.0141
650.25	0.0141
650.375	0.0117
650.5	0.0125
650.625	0.011
650.75	0.0125
650.875	0.0094
651.0	0.0141
651.125	0.0125
651.25	0.0133
651.375	0.0157
651.5	0.0141
651.625	0.0172
651.75	0.0157
651.875	0.0125
652.0	0.0125
652.125	0.0141
652.25	0.0125
652.375	0.0141
652.5	0.0141
652.625	0.0117
652.75	0.0094
652.875	0.0149
653.0	0.0141
653.125	0.0133
653.25	0.0102
653.375	0.0117
653.5	0.011
653.625	0.0141
653.75	0.0165
653.875	0.018
654.0	0.0102
654.125	0.0117
654.25	0.0165
654.375	0.0157
654.5	0.0102
654.625	0.0133
654.75	0.0165
654.875	0.0149
655.0	0.0165
655.125	0.018
655.25	0.0188
655.375	0.0149
655.5	0.0165
655.625	0.0165
655.75	0.0141
655.875	0.0165
656.0	0.0157
656.125	0.0157
656.25	0.0086
656.375	0.0125
656.5	0.0133
656.625	0.0117
656.75	0.0102
656.875	0.0141
657.0	0.0141
657.125	0.0165
657.25	0.0094
657.375	0.0062
657.5	0.0102
657.625	0.0141
657.75	0.0133
657.875	0.0141
658.0	0.0141
658.125	0.0149
658.25	0.0165
658.375	0.0133
658.5	0.0125
658.625	0.0117
658.75	0.0102
658.875	0.0055
659.0	0.0047
659.125	0.0094
659.25	0.011
659.375	0.011
659.5	0.0094
659.625	0.011
659.75	0.0102
659.875	0.0141
660.0	0.0157
660.125	0.0141
660.25	0.0149
660.375	0.0141
660.5	0.0141
660.625	0.0133
660.75	0.0133
660.875	0.0117
661.0	0.011
661.125	0.0078
661.25	0.0102
661.375	0.0094
661.5	0.007
661.625	0.0133
661.75	0.0133
661.875	0.0094
662.0	0.0094
662.125	0.0133
662.25	0.0125
662.375	0.0141
662.5	0.0125
662.625	0.0094
662.75	0.011
662.875	0.0094
663.0	0.0023
663.125	0.0078
663.25	0.0102
663.375	0.0102
663.5	0.0086
663.625	0.0078
663.75	0.0086
663.875	0.007
664.0	0.007
664.125	0.011
664.25	0.011
664.375	0.0102
664.5	0.0094
664.625	0.0094
664.75	0.0078
664.875	0.0086
665.0	0.0141
665.125	0.007
665.25	0.0078
665.375	0.0078
665.5	0.0086
665.625	0.007
665.75	0.0047
665.875	0.0062
666.0	0.0094
666.125	0.0125
666.25	0.0078
666.375	0.0094
666.5	0.011
666.625	0.0039
666.75	0.0055
666.875	0.0094
667.0	0.0094
667.125	0.0086
667.25	0.0094
667.375	0.0094
667.5	0.0141
667.625	0.0125
667.75	0.0133
667.875	0.0133
668.0	0.011
668.125	0.0117
668.25	0.0141
668.375	0.0149
668.5	0.011
668.625	0.0094
668.75	0.0172
668.875	0.0157
669.0	0.0141
669.125	0.0133
669.25	0.0094
669.375	0.0094
669.5	0.0086
669.625	0.011
669.75	0.0117
669.875	0.0125
670.0	0.011
670.125	0.0133
670.25	0.0094
670.375	0.0141
670.5	0.0188
670.625	0.0141
670.75	0.0125
670.875	0.0149
671.0	0.0133
671.125	0.011
671.25	0.0141
671.375	0.0204
671.5	0.0188
671.625	0.0141
671.75	0.0149
671.875	0.0141
672.0	0.0172
672.125	0.0141
672.25	0.0141
672.375	0.0141
672.5	0.0165
672.625	0.0212
672.75	0.018
672.875	0.0133
673.0	0.0141
673.125	0.0133
673.25	0.0133
673.375	0.0149
673.5	0.0165
673.625	0.0141
673.75	0.0157
673.875	0.0141
674.0	0.0133
674.125	0.0125
674.25	0.0102
674.375	0.0117
674.5	0.007
674.625	0.0094
674.75	0.0055
674.875	0.0062
675.0	0.0102
675.125	0.0117
675.25	0.0125
675.375	0.0133
675.5	0.0102
675.625	0.0094
675.75	0.0102
675.875	0.0086
676.0	0.0062
676.125	0.0094
676.25	0.011
676.375	0.0094
676.5	0.0157
676.625	0.0188
676.75	0.0172
676.875	0.0196
677.0	0.018
677.125	0.0204
677.25	0.0212
677.375	0.0235
677.5	0.0204
677.625	0.0204
677.75	0.018
677.875	0.0157
678.0	0.0149
678.125	0.0157
678.25	0.022
678.375	0.022
678.5	0.0188
678.625	0.0196
678.75	0.022
678.875	0.022
679.0	0.0188
679.125	0.0188
679.25	0.0141
679.375	0.0157
679.5	0.0133
679.625	0.0141
679.75	0.0078
679.875	0.011
680.0	0.007
680.125	0.0117
680.25	0.0133
680.375	0.011
680.5	0.0172
680.625	0.0188
680.75	0.0188
680.875	0.0157
681.0	0.0165
681.125	0.0157
681.25	0.0149
681.375	0.0149
681.5	0.0157
681.625	0.0141
681.75	0.0133
681.875	0.0125
682.0	0.0125
682.125	0.0094
682.25	0.0133
682.375	0.0149
682.5	0.0117
682.625	0.0141
682.75	0.011
682.875	0.011
683.0	0.0102
683.125	0.0094
683.25	0.0133
683.375	0.0165
683.5	0.0157
683.625	0.0188
683.75	0.0157
683.875	0.0133
684.0	0.0165
684.125	0.0133
684.25	0.0125
684.375	0.0102
684.5	0.0102
684.625	0.011
684.75	0.0141
684.875	0.0149
685.0	0.0165
685.125	0.0125
685.25	0.0149
685.375	0.0188
685.5	0.018
685.625	0.0157
685.75	0.0094
685.875	0.0125
686.0	0.0157
686.125	0.0157
686.25	0.0157
686.375	0.0102
686.5	0.0141
686.625	0.0062
686.75	0.0117
686.875	0.0141
687.0	0.0141
687.125	0.0141
687.25	0.0102
687.375	0.0094
687.5	0.0141
687.625	0.011
687.75	0.0094
687.875	0.0086
688.0	0.0117
688.125	0.011
688.25	0.0102
688.375	0.0141
688.5	0.0165
688.625	0.0172
688.75	0.0157
688.875	0.0172
689.0	0.0157
689.125	0.0141
689.25	0.0157
689.375	0.0165
689.5	0.0141
689.625	0.0125
689.75	0.0149
689.875	0.018
690.0	0.0165
690.125	0.0188
690.25	0.0172
690.375	0.0149
690.5	0.0165
690.625	0.0188
690.75	0.0196
690.875	0.0141
691.0	0.0062
691.125	0.0062
691.25	0.0078
691.375	0.0086
691.5	0.0094
691.625	0.0133
691.75	0.0078
691.875	0.0047
692.0	0.007
692.125	0.0117
692.25	0.0125
692.375	0.011
692.5	0.0086
692.625	0.011
692.75	0.0094
692.875	0.0117
693.0	0.0149
693.125	0.0141
693.25	0.0149
693.375	0.011
693.5	0.0125
693.625	0.0094
693.75	0.0094
693.875	0.011
694.0	0.0133
694.125	0.0125
694.25	0.0094
694.375	0.0141
694.5	0.0117
694.625	0.0172
694.75	0.0157
694.875	0.011
695.0	0.0117
695.125	0.0125
695.25	0.0133
695.375	0.0094
695.5	0.0078
695.625	0.0094
695.75	0.0117
695.875	0.0117
696.0	0.0133
696.125	0.0117
696.25	0.0141
696.375	0.0157
696.5	0.0133
696.625	0.0133
696.75	0.0117
696.875	0.0141
697.0	0.0141
697.125	0.0141
697.25	0.0165
697.375	0.0165
697.5	0.0165
697.625	0.0188
697.75	0.018
697.875	0.018
698.0	0.0172
698.125	0.0125
698.25	0.0141
698.375	0.0157
698.5	0.0172
698.625	0.018
698.75	0.0188
698.875	0.0165
699.0	0.0188
699.125	0.0188
699.25	0.0149
699.375	0.011
699.5	0.0125
699.625	0.011
699.75	0.0117
699.875	0.0078
