560.0	0.0503
560.125	0.0526
560.25	0.055
560.375	0.055
560.5	0.0542
560.625	0.0526
560.75	0.0542
560.875	0.0518
561.0	0.0534
561.125	0.0573
561.25	0.055
561.375	0.0566
561.5	0.0518
561.625	0.0558
561.75	0.0589
561.875	0.0566
562.0	0.055
562.125	0.0487
562.25	0.0463
562.375	0.0463
562.5	0.0448
562.625	0.0487
562.75	0.0487
562.875	0.044
563.0	0.0455
563.125	0.0455
563.25	0.0463
563.375	0.0471
563.5	0.0471
563.625	0.0479
563.75	0.0479
563.875	0.0495
564.0	0.0495
564.125	0.0487
564.25	0.0471
564.375	0.0432
564.5	0.0424
564.625	0.0495
564.75	0.0558
564.875	0.0644
565.0	0.0644
565.125	0.0644
565.25	0.0613
565.375	0.055
565.5	0.0471
565.625	0.0589
565.75	0.0566
565.875	0.0566
566.0	0.055
566.125	0.055
566.25	0.0526
566.375	0.0518
566.5	0.0542
566.625	0.0518
566.75	0.055
566.875	0.0605
567.0	0.0589
567.125	0.0573
567.25	0.0573
567.375	0.0597
567.5	0.0566
567.625	0.0566
567.75	0.0605
567.875	0.0621
568.0	0.0613
568.125	0.0589
568.25	0.0613
568.375	0.0589
568.5	0.0589
568.625	0.0621
568.75	0.0573
568.875	0.0581
569.0	0.055
569.125	0.0566
569.25	0.0589
569.375	0.0581
569.5	0.0589
569.625	0.0589
569.75	0.0597
569.875	0.0605
570.0	0.0652
570.125	0.0644
570.25	0.0621
570.375	0.0628
570.5	0.0573
570.625	0.0518
570.75	0.0558
570.875	0.055
571.0	0.0558
571.125	0.0526
571.25	0.0455
571.375	0.0424
571.5	0.0448
571.625	0.0534
571.75	0.044
571.875	0.04
572.0	0.0495
572.125	0.0534
572.25	0.0621
572.375	0.0628
572.5	0.0613
572.625	0.0581
572.75	0.0589
572.875	0.0605
573.0	0.0597
573.125	0.0566
573.25	0.0597
573.375	0.0581
573.5	0.0566
573.625	0.0613
573.75	0.0644
573.875	0.0628
574.0	0.0621
574.125	0.0526
574.25	0.0503
574.375	0.0503
574.5	0.055
574.625	0.0566
574.75	0.0566
574.875	0.0526
575.0	0.0503
575.125	0.0526
575.25	0.0581
575.375	0.0573
575.5	0.0495
575.625	0.055
575.75	0.0558
575.875	0.0566
576.0	0.055
576.125	0.0542
576.25	0.0534
576.375	0.0518
576.5	0.0518
576.625	0.0479
576.75	0.0518
576.875	0.0479
577.0	0.0455
577.125	0.0432
577.25	0.04
577.375	0.0424
577.5	0.0463
577.625	0.0471
577.75	0.0487
577.875	0.0471
578.0	0.0518
578.125	0.055
578.25	0.0526
578.375	0.0558
578.5	0.0526
578.625	0.0487
578.75	0.0534
578.875	0.0518
579.0	0.0534
579.125	0.055
579.25	0.0503
579.375	0.0424
579.5	0.0463
579.625	0.0448
579.75	0.0463
579.875	0.0503
580.0	0.0487
580.125	0.0518
580.25	0.0511
580.375	0.0511
580.5	0.0471
580.625	0.0487
580.75	0.0432
580.875	0.0448
581.0	0.0471
581.125	0.0448
581.25	0.0495
581.375	0.0487
581.5	0.0455
581.625	0.0487
581.75	0.0542
581.875	0.0526
582.0	0.0526
582.125	0.0526
582.25	0.055
582.375	0.0511
582.5	0.0495
582.625	0.0511
582.75	0.055
582.875	0.0589
583.0	0.0573
583.125	0.0605
583.25	0.0566
583.375	0.0581
583.5	0.0652
583.625	0.0691
583.75	0.0723
583.875	0.0754
584.0	0.0794
584.125	0.0849
584.25	0.0896
584.375	0.0943
584.5	0.0959
584.625	0.0974
584.75	0.1084
584.875	0.1132
585.0	0.1171
585.125	0.1187
585.25	0.121
585.375	0.125
585.5	0.1234
585.625	0.1265
585.75	0.1273
585.875	0.1226
586.0	0.1218
586.125	0.1194
586.25	0.1226
586.375	0.1226
586.5	0.1171
586.625	0.1163
586.75	0.1116
586.875	0.1092
587.0	0.1037
587.125	0.1014
587.25	0.0982
587.375	0.0959
587.5	0.0974
587.625	0.0966
587.75	0.0959
587.875	0.1014
588.0	0.1053
588.125	0.1084
588.25	0.1132
588.375	0.1218
588.5	0.1297
588.625	0.1415
588.75	0.1533
588.875	0.1595
589.0	0.1705
589.125	0.1871
589.25	0.1941
589.375	0.2051
589.5	0.2193
589.625	0.2287
589.75	0.2342
589.875	0.2405
590.0	0.2468
590.125	0.25
590.25	0.2484
590.375	0.25
590.5	0.2468
590.625	0.2421
590.75	0.2452
590.875	0.2413
591.0	0.2334
591.125	0.2209
591.25	0.2146
591.375	0.2028
591.5	0.1957
591.625	0.1878
591.75	0.1768
591.875	0.169
592.0	0.1611
592.125	0.1517
592.25	0.1422
592.375	0.1352
592.5	0.1281
592.625	0.1202
592.75	0.1132
592.875	0.1061
593.0	0.1037
593.125	0.0982
593.25	0.0919
593.375	0.0856
593.5	0.088
593.625	0.0849
593.75	0.0801
593.875	0.0825
594.0	0.0794
594.125	0.0833
594.25	0.0786
594.375	0.0746
594.5	0.0778
594.625	0.0809
594.75	0.0762
594.875	0.0754
595.0	0.077
595.125	0.077
595.25	0.0801
595.375	0.0801
595.5	0.0833
595.625	0.0794
595.75	0.0849
595.875	0.0809
596.0	0.077
596.125	0.077
596.25	0.0778
596.375	0.0833
596.5	0.0849
596.625	0.0841
596.75	0.0864
596.875	0.0825
597.0	0.0841
597.125	0.0817
597.25	0.0801
597.375	0.0801
597.5	0.0794
597.625	0.0778
597.75	0.0754
597.875	0.0754
598.0	0.0731
598.125	0.0707
598.25	0.0652
598.375	0.0676
598.5	0.0683
598.625	0.0683
598.75	0.0676
598.875	0.0699
599.0	0.066
599.125	0.0699
599.25	0.0676
599.375	0.0699
599.5	0.0699
599.625	0.0738
599.75	0.077
599.875	0.0683
600.0	0.0676
600.125	0.0738
600.25	0.0731
600.375	0.077
600.5	0.0746
600.625	0.077
600.75	0.0746
600.875	0.0754
601.0	0.0786
601.125	0.0825
601.25	0.0849
601.375	0.0849
601.5	0.0833
601.625	0.0833
601.75	0.0817
601.875	0.0825
602.0	0.0786
602.125	0.077
602.25	0.0762
602.375	0.0746
602.5	0.0825
602.625	0.0778
602.75	0.0801
602.875	0.0833
603.0	0.0817
603.125	0.0849
603.25	0.0833
603.375	0.0841
603.5	0.0856
603.625	0.0849
603.75	0.0841
603.875	0.0864
604.0	0.0911
604.125	0.0919
604.25	0.0904
604.375	0.0904
604.5	0.0982
604.625	0.1045
604.75	0.1061
604.875	0.1116
605.0	0.1163
605.125	0.125
605.25	0.1336
605.375	0.1399
605.5	0.1564
605.625	0.1658
605.75	0.1863
605.875	0.2099
606.0	0.2319
606.125	0.257
606.25	0.279
606.375	0.3058
606.5	0.3294
606.625	0.3584
606.75	0.3812
606.875	0.4033
607.0	0.4237
607.125	0.4378
607.25	0.4575
607.375	0.4685
607.5	0.4772
607.625	0.4842
607.75	0.4866
607.875	0.4866
608.0	0.4811
608.125	0.4772
608.25	0.463
608.375	0.4504
608.5	0.4347
608.625	0.4205
608.75	0.3993
608.875	0.375
609.0	0.3553
609.125	0.3333
609.25	0.3199
609.375	0.2995
609.5	0.283
609.625	0.2657
609.75	0.257
609.875	0.2437
610.0	0.235
610.125	0.2334
610.25	0.2327
610.375	0.2311
610.5	0.2358
610.625	0.2421
610.75	0.2523
610.875	0.2617
611.0	0.2727
611.125	0.2822
611.25	0.2924
611.375	0.2963
611.5	0.3042
611.625	0.305
611.75	0.3066
611.875	0.3113
612.0	0.3144
612.125	0.3128
612.25	0.3066
612.375	0.3011
612.5	0.2948
612.625	0.283
612.75	0.2735
612.875	0.2578
613.0	0.2468
613.125	0.2279
613.25	0.2209
613.375	0.2067
613.5	0.1894
613.625	0.1753
613.75	0.1658
613.875	0.1462
614.0	0.1344
614.125	0.1234
614.25	0.1132
614.375	0.1053
614.5	0.0927
614.625	0.0841
614.75	0.077
614.875	0.0676
615.0	0.066
615.125	0.0613
615.25	0.0581
615.375	0.055
615.5	0.0558
615.625	0.0495
615.75	0.0471
615.875	0.0432
616.0	0.0424
616.125	0.0408
616.25	0.0416
616.375	0.0345
616.5	0.0314
616.625	0.0322
616.75	0.033
616.875	0.0259
617.0	0.0275
617.125	0.0283
617.25	0.0283
617.375	0.0298
617.5	0.033
617.625	0.029
617.75	0.0283
617.875	0.0283
618.0	0.0298
618.125	0.033
618.25	0.033
618.375	0.0322
618.5	0.0298
618.625	0.0283
618.75	0.0275
618.875	0.0314
619.0	0.0322
619.125	0.0377
619.25	0.0345
619.375	0.0369
619.5	0.0377
619.625	0.0298
619.75	0.029
619.875	0.0306
620.0	0.029
620.125	0.033
620.25	0.0314
620.375	0.0314
620.5	0.0259
620.625	0.0283
620.75	0.0259
620.875	0.0283
621.0	0.0283
621.125	0.033
621.25	0.033
621.375	0.033
621.5	0.0361
621.625	0.04
621.75	0.0361
621.875	0.0408
622.0	0.0416
622.125	0.044
622.25	0.0471
622.375	0.0503
622.5	0.0526
622.625	0.0518
622.75	0.0566
622.875	0.0581
623.0	0.0644
623.125	0.066
623.25	0.0699
623.375	0.0754
623.5	0.0746
623.625	0.077
623.75	0.0817
623.875	0.0856
624.0	0.0911
624.125	0.0927
624.25	0.0919
624.375	0.0935
624.5	0.0951
624.625	0.0911
624.75	0.0911
624.875	0.0872
625.0	0.088
625.125	0.088
625.25	0.0872
625.375	0.0801
625.5	0.0841
625.625	0.0778
625.75	0.0715
625.875	0.0707
626.0	0.0683
626.125	0.066
626.25	0.0621
626.375	0.0605
626.5	0.0534
626.625	0.0503
626.75	0.0503
626.875	0.0471
627.0	0.0479
627.125	0.0487
627.25	0.0432
627.375	0.04
627.5	0.0377
627.625	0.04
627.75	0.04
627.875	0.0424
628.0	0.0385
628.125	0.0377
628.25	0.0377
628.375	0.0353
628.5	0.0385
628.625	0.0393
628.75	0.0345
628.875	0.033
629.0	0.0369
629.125	0.0361
629.25	0.0361
629.375	0.0377
629.5	0.0322
629.625	0.0345
629.75	0.0353
629.875	0.0408
630.0	0.0377
630.125	0.0377
630.25	0.0369
630.375	0.0353
630.5	0.0306
630.625	0.0259
630.75	0.0314
630.875	0.0306
631.0	0.033
631.125	0.0322
631.25	0.033
631.375	0.033
631.5	0.0322
631.625	0.0345
631.75	0.033
631.875	0.0338
632.0	0.0267
632.125	0.0275
632.25	0.0259
632.375	0.0306
632.5	0.0235
632.625	0.0259
632.75	0.0283
632.875	0.033
633.0	0.033
633.125	0.0306
633.25	0.0322
633.375	0.0298
633.5	0.0251
633.625	0.0235
633.75	0.0267
633.875	0.029
634.0	0.0283
634.125	0.0298
634.25	0.0251
634.375	0.0283
634.5	0.0283
634.625	0.0283
634.75	0.0259
634.875	0.0212
635.0	0.0149
635.125	0.018
635.25	0.0172
635.375	0.0212
635.5	0.0212
635.625	0.0172
635.75	0.0188
635.875	0.018
636.0	0.0188
636.125	0.0188
636.25	0.0149
636.375	0.0283
636.5	0.0204
636.625	0.0188
636.75	0.0227
636.875	0.0212
637.0	0.0212
637.125	0.0251
637.25	0.0235
637.375	0.0172
637.5	0.0204
637.625	0.0188
637.75	0.0204
637.875	0.022
638.0	0.0188
638.125	0.0204
638.25	0.0149
638.375	0.0102
638.5	0.0212
638.625	0.0259
638.75	0.0243
638.875	0.022
639.0	0.0227
639.125	0.0212
639.25	0.0165
639.375	0.0165
639.5	0.0165
639.625	0.0227
639.75	0.018
639.875	0.0212
640.0	0.0235
640.125	0.0196
640.25	0.0196
640.375	0.018
640.5	0.0204
640.625	0.0196
640.75	0.0204
640.875	0.0212
641.0	0.0235
641.125	0.0212
641.25	0.0188
641.375	0.0188
641.5	0.0188
641.625	0.0172
641.75	0.0188
641.875	0.0188
642.0	0.022
642.125	0.0196
642.25	0.018
642.375	0.0196
642.5	0.0196
642.625	0.018
642.75	0.0141
642.875	0.0141
643.0	0.0157
643.125	0.0157
643.25	0.0172
643.375	0.0157
643.5	0.0141
643.625	0.0165
643.75	0.0227
643.875	0.0212
644.0	0.011
644.125	0.018
644.25	0.0235
644.375	0.0235
644.5	0.0235
644.625	0.0251
644.75	0.0251
644.875	0.0196
645.0	0.0267
645.125	0.0227
645.25	0.0196
645.375	0.0188
645.5	0.0212
645.625	0.022
645.75	0.0235
645.875	0.0227
646.0	0.0196
646.125	0.022
646.25	0.0235
646.375	0.0212
646.5	0.0251
646.625	0.0283
646.75	0.0283
646.875	0.0298
647.0	0.022
647.125	0.0243
647.25	0.0227
647.375	0.022
647.5	0.0235
647.625	0.0251
647.75	0.0235
647.875	0.0235
648.0	0.0212
648.125	0.018
648.25	0.0204
648.375	0.0212
648.5	0.0235
648.625	0.0267
648.75	0.0259
648.875	0.0243
649.0	0.0212
649.125	0.0251
649.25	0.0243
649.375	0.0196
649.5	0.0196
649.625	0.0196
649.75	0.0204
649.875	0.0204
650.0	0.0172
650.125	0.0172
650.25	0.018
650.375	0.0172
650.5	0.0196
650.625	0.0172
650.75	0.0227
650.875	0.0251
651.0	0.0204
651.125	0.0235
651.25	0.0204
651.375	0.0227
651.5	0.0235
651.625	0.0259
651.75	0.0235
651.875	0.022
652.0	0.0251
652.125	0.0235
652.25	0.0204
652.375	0.0196
652.5	0.0227
652.625	0.0227
652.75	0.0259
652.875	0.0235
653.0	0.0259
653.125	0.0235
653.25	0.0251
653.375	0.0251
653.5	0.0251
653.625	0.0227
653.75	0.0227
653.875	0.0243
654.0	0.022
654.125	0.0196
654.25	0.0235
654.375	0.0251
654.5	0.0227
654.625	0.0275
654.75	0.0275
654.875	0.033
655.0	0.0306
655.125	0.0298
655.25	0.0283
655.375	0.0283
655.5	0.029
655.625	0.0283
655.75	0.0275
655.875	0.0306
656.0	0.0283
656.125	0.0235
656.25	0.0251
656.375	0.0267
656.5	0.0283
656.625	0.0251
656.75	0.0259
656.875	0.0283
657.0	0.0345
657.125	0.0298
657.25	0.029
657.375	0.0283
657.5	0.029
657.625	0.0283
657.75	0.0283
657.875	0.029
658.0	0.0259
658.125	0.0283
658.25	0.0283
658.375	0.0306
658.5	0.0259
658.625	0.0259
658.75	0.0275
658.875	0.0259
659.0	0.022
659.125	0.0227
659.25	0.0227
659.375	0.0188
659.5	0.0243
659.625	0.0259
659.75	0.0235
659.875	0.0235
660.0	0.0204
660.125	0.0212
660.25	0.0227
660.375	0.0275
660.5	0.0259
660.625	0.0243
660.75	0.0235
660.875	0.0243
661.0	0.0259
661.125	0.0227
661.25	0.0165
661.375	0.0212
661.5	0.0188
661.625	0.018
661.75	0.0188
661.875	0.0165
662.0	0.0188
662.125	0.0196
662.25	0.0235
662.375	0.0196
662.5	0.0196
662.625	0.022
662.75	0.0204
662.875	0.018
663.0	0.0165
663.125	0.0188
663.25	0.0165
663.375	0.0196
663.5	0.0172
663.625	0.0172
663.75	0.0165
663.875	0.0196
664.0	0.022
664.125	0.0235
664.25	0.0227
664.375	0.0204
664.5	0.0235
664.625	0.022
664.75	0.0188
664.875	0.0172
665.0	0.0204
665.125	0.0251
665.25	0.0275
665.375	0.0275
665.5	0.0283
665.625	0.029
665.75	0.0251
665.875	0.0235
666.0	0.022
666.125	0.0235
666.25	0.0267
666.375	0.0251
666.5	0.0283
666.625	0.0259
666.75	0.0283
666.875	0.0283
667.0	0.0259
667.125	0.0235
667.25	0.0283
667.375	0.0275
667.5	0.0243
667.625	0.0227
667.75	0.0235
667.875	0.0235
668.0	0.0235
668.125	0.0259
668.25	0.0196
668.375	0.0227
668.5	0.0243
668.625	0.0235
668.75	0.0212
668.875	0.0235
669.0	0.0235
669.125	0.0196
669.25	0.0275
669.375	0.0243
669.5	0.0227
669.625	0.0235
669.75	0.0283
669.875	0.0235
670.0	0.0204
670.125	0.022
670.25	0.0204
670.375	0.0188
670.5	0.0235
670.625	0.0227
670.75	0.0196
670.875	0.0149
671.0	0.0172
671.125	0.018
671.25	0.0188
671.375	0.0212
671.5	0.0204
671.625	0.0235
671.75	0.0227
671.875	0.0188
672.0	0.0188
672.125	0.0172
672.25	0.0188
672.375	0.0157
672.5	0.0141
672.625	0.0212
672.75	0.0196
672.875	0.0243
673.0	0.0227
673.125	0.0235
673.25	0.0267
673.375	0.0251
673.5	0.0212
673.625	0.0204
673.75	0.022
673.875	0.0188
674.0	0.0204
674.125	0.0188
674.25	0.022
674.375	0.0235
674.5	0.0204
674.625	0.0227
674.75	0.0188
674.875	0.0204
675.0	0.0251
675.125	0.0235
675.25	0.0235
675.375	0.0235
675.5	0.022
675.625	0.0235
675.75	0.0227
675.875	0.0259
676.0	0.0259
676.125	0.0204
676.25	0.022
676.375	0.0235
676.5	0.0267
676.625	0.0275
676.75	0.0235
676.875	0.0259
677.0	0.0314
677.125	0.0251
677.25	0.029
677.375	0.029
677.5	0.0283
677.625	0.0267
677.75	0.0259
677.875	0.0267
678.0	0.0283
678.125	0.0306
678.25	0.0314
678.375	0.0298
678.5	0.0243
678.625	0.0259
678.75	0.033
678.875	0.0306
679.0	0.0235
679.125	0.0243
679.25	0.0275
679.375	0.0275
679.5	0.029
679.625	0.0259
679.75	0.0283
679.875	0.029
680.0	0.0283
680.125	0.0283
680.25	0.0283
680.375	0.0235
680.5	0.0251
680.625	0.0283
680.75	0.0275
680.875	0.0298
681.0	0.0251
681.125	0.0251
681.25	0.0275
681.375	0.0243
681.5	0.022
681.625	0.0227
681.75	0.0196
681.875	0.022
682.0	0.022
682.125	0.0149
682.25	0.0188
682.375	0.0188
682.5	0.018
682.625	0.0227
682.75	0.0212
682.875	0.0204
683.0	0.0196
683.125	0.0188
683.25	0.0235
683.375	0.0196
683.5	0.0204
683.625	0.0235
683.75	0.0196
683.875	0.0157
684.0	0.0188
684.125	0.0212
684.25	0.018
684.375	0.018
684.5	0.0212
684.625	0.0196
684.75	0.0227
684.875	0.0196
685.0	0.0196
685.125	0.0204
685.25	0.0157
685.375	0.0172
685.5	0.0196
685.625	0.0188
685.75	0.0188
685.875	0.018
686.0	0.0188
686.125	0.0172
686.25	0.0141
686.375	0.0188
686.5	0.0172
686.625	0.0172
686.75	0.018
686.875	0.0204
687.0	0.0188
687.125	0.022
687.25	0.0196
687.375	0.0172
687.5	0.0188
687.625	0.022
687.75	0.018
687.875	0.0235
688.0	0.0212
688.125	0.0227
688.25	0.0235
688.375	0.022
688.5	0.0204
688.625	0.018
688.75	0.0149
688.875	0.0149
689.0	0.0141
689.125	0.018
689.25	0.0188
689.375	0.0227
689.5	0.0235
689.625	0.0165
689.75	0.0165
689.875	0.0149
690.0	0.0133
690.125	0.0125
690.25	0.0102
690.375	0.0094
690.5	0.0102
690.625	0.0117
690.75	0.0102
690.875	0.0102
691.0	0.011
691.125	0.0133
691.25	0.0125
691.375	0.0141
691.5	0.0172
691.625	0.0172
691.75	0.018
691.875	0.0188
692.0	0.0188
692.125	0.018
692.25	0.0204
692.375	0.0172
692.5	0.0141
692.625	0.0196
692.75	0.0157
692.875	0.0165
693.0	0.0141
693.125	0.0141
693.25	0.0117
693.375	0.0133
693.5	0.0117
693.625	0.0117
693.75	0.0157
693.875	0.0141
694.0	0.0157
694.125	0.0149
694.25	0.0157
694.375	0.0125
694.5	0.0196
694.625	0.018
694.75	0.0172
694.875	0.0165
695.0	0.0149
695.125	0.0117
695.25	0.0102
695.375	0.0149
695.5	0.0133
695.625	0.0125
695.75	0.0141
695.875	0.0141
696.0	0.0086
696.125	0.0125
696.25	0.0133
696.375	0.0141
696.5	0.0141
696.625	0.0117
696.75	0.0149
696.875	0.0117
697.0	0.0157
697.125	0.0157
697.25	0.0125
697.375	0.0165
697.5	0.0188
697.625	0.0149
697.75	0.0141
697.875	0.0141
698.0	0.0204
698.125	0.018
698.25	0.0141
698.375	0.0141
698.5	0.0172
698.625	0.0172
698.75	0.0172
698.875	0.0204
699.0	0.0235
699.125	0.0196
699.25	0.0188
699.375	0.018
699.5	0.0157
699.625	0.0188
699.75	0.0172
699.875	0.0188
